# This file was produced by samtools stats (1.3+htslib-1.3) and can be plotted using plot-bamstats
# This file contains statistics for all reads.
# The command line was:  stats SRR1067503_1.fastq.gz_bowtie_srtd.bam_dedup.bam
# CHK, Checksum	[2]Read Names	[3]Sequences	[4]Qualities
# CHK, CRC32 of reads which passed filtering followed by addition (32bit overflow)
CHK	6cc1b56d	8677a482	5588fb50
# Summary Numbers. Use `grep ^SN | cut -f 2-` to extract this part.
SN	raw total sequences:	29071646
SN	filtered sequences:	0
SN	sequences:	29071646
SN	is sorted:	1
SN	1st fragments:	29071646
SN	last fragments:	0
SN	reads mapped:	16201191
SN	reads mapped and paired:	0	# paired-end technology bit set + both mates mapped
SN	reads unmapped:	12870455
SN	reads properly paired:	0	# proper-pair bit set
SN	reads paired:	0	# paired-end technology bit set
SN	reads duplicated:	0	# PCR or optical duplicate bit set
SN	reads MQ0:	0	# mapped and MQ=0
SN	reads QC failed:	0
SN	non-primary alignments:	0
SN	total length:	1046579256	# ignores clipping
SN	bases mapped:	583242876	# ignores clipping
SN	bases mapped (cigar):	583242876	# more accurate
SN	bases trimmed:	0
SN	bases duplicated:	0
SN	mismatches:	1654848	# from NM fields
SN	error rate:	2.837322e-03	# mismatches / bases mapped (cigar)
SN	average length:	36
SN	maximum length:	36
SN	average quality:	31.4
SN	insert size average:	0.0
SN	insert size standard deviation:	0.0
SN	inward oriented pairs:	0
SN	outward oriented pairs:	0
SN	pairs with other orientation:	0
SN	pairs on different chromosomes:	0
# First Fragment Qualitites. Use `grep ^FFQ | cut -f 2-` to extract this part.
# Columns correspond to qualities and rows to cycles. First column is the cycle number.
FFQ	1	0	0	37846	35086	10478	39723	20416	7544	16161	0	1032	35286	3932	0	0	0	62129	8529	0	4813	140819	166492	30187	166813	0	519439	764319	465074	3348456	4926288	18260784	0	0	0	0	0	0	0	0	0	0	0
FFQ	2	0	815	43733	241	807	842	1421	857	3833	7473	911	9731	23945	30651	17630	12696	14503	27192	24068	51581	27552	116082	84551	809368	73449	191033	350635	827160	1019284	5633789	6269440	10446484	2949889	0	0	0	0	0	0	0	0	0
FFQ	3	0	0	45058	238	454	81	1270	1674	5920	2246	9303	9952	6657	10560	21904	28184	25797	27959	36382	45369	26857	73180	76309	52294	472035	167132	323493	526039	739070	1330171	7077449	6369537	10538834	1020238	0	0	0	0	0	0	0	0
FFQ	4	0	0	45403	104	699	411	2105	1448	2037	4597	4766	11335	15876	14785	11203	28449	29880	26670	31208	61392	35480	52435	69234	77706	69475	699076	185801	300552	587534	735977	1330129	5935692	6552448	10853820	1293919	0	0	0	0	0	0	0
FFQ	5	0	0	46623	20	1132	119	3204	1832	4468	7028	3658	15385	13670	18180	25125	18417	34453	22680	28487	58245	34873	51418	74430	104055	71868	695446	218450	244281	585303	711668	1258860	6374955	6518491	10281642	1543180	0	0	0	0	0	0	0
FFQ	6	0	0	50520	1040	1527	1564	2067	3693	2214	3409	2662	11011	11853	8356	18164	21764	13169	19211	28628	33170	44053	44462	61618	82071	61820	515500	317926	274283	491944	435893	1035765	5015128	6761358	6145604	7257719	292480	0	0	0	0	0	0
FFQ	7	0	2169	52824	2473	3216	5051	1334	8009	10669	15746	7952	15834	18358	10609	14317	35757	33523	35794	46329	71343	64174	69299	122682	101436	102828	687436	367697	304031	628048	441953	1243743	2724775	7871739	5073125	8877373	0	0	0	0	0	0	0
FFQ	8	0	0	52995	15	1961	1893	2673	2821	2207	3116	6799	5158	12609	14887	14058	16131	17665	19125	28867	41366	45007	57397	52130	99875	80732	66606	675955	231495	412971	695446	764618	1286801	7435532	5444869	10034072	1443794	0	0	0	0	0	0
FFQ	9	0	9	54514	400	1848	2506	4414	1195	3765	1877	8009	9010	16076	11944	11036	21913	15876	22903	31239	35381	54645	40204	71766	94483	88326	404446	439969	241393	280633	790870	705869	2298034	6361812	5810748	10028919	1105614	0	0	0	0	0	0
FFQ	10	0	0	56930	738	3245	1510	4591	2175	3834	2044	9108	8590	18464	16430	12726	21407	16069	23339	38014	30988	68636	53207	87107	65865	109696	553959	362095	268154	528036	545431	846207	2362159	5981475	5610154	10208469	1150794	0	0	0	0	0	0
FFQ	11	0	339	64630	754	3828	2438	2369	2026	2710	5970	5446	8537	11797	9240	9898	15364	19607	17936	21566	39229	34383	67064	45575	72900	96763	422674	308235	196943	372649	672280	810196	2206868	6449431	5312319	10624245	1135437	0	0	0	0	0	0
FFQ	12	0	350	66018	1147	3396	5326	1910	4073	2641	4941	6874	12362	8873	15868	8088	13287	18947	14980	26223	39771	30373	73599	49216	106285	77082	97948	673196	275281	321652	859957	772420	1614877	7067716	5198529	10140487	1457953	0	0	0	0	0	0
FFQ	13	0	577	67882	647	2415	4385	2177	1493	3269	5736	5116	10095	14410	11854	7576	6806	20320	18848	23376	40008	31722	79633	47672	112213	82952	105855	641517	235532	397090	672266	983908	1427929	7438468	5254122	9906802	1406975	0	0	0	0	0	0
FFQ	14	0	684	70425	344	2254	4188	2908	1171	3054	4873	6489	11679	14181	12058	9155	17604	15887	15353	22538	43524	35603	105180	34672	55720	155915	71325	631460	221340	319064	576174	933838	1365949	7274057	6107918	9288369	1636693	0	0	0	0	0	0
FFQ	15	0	1102	74653	835	3863	1028	2869	1358	2119	4622	6199	5680	11446	13676	9567	14091	12532	16889	19648	32342	71246	46228	63268	75054	119789	85419	787022	200837	292683	687349	642909	1598260	6892928	5681267	10150532	1442336	0	0	0	0	0	0
FFQ	16	0	1054	86178	703	3142	1882	3423	1390	2730	3566	7894	9139	10904	5081	11117	17989	13223	19616	30861	18142	47513	55465	57623	95771	105645	79286	690303	297355	241181	684575	552084	1609403	6056535	6550710	10203526	1496637	0	0	0	0	0	0
FFQ	17	0	966	89186	867	3322	1934	2580	2330	1848	4519	7058	9659	13059	9710	9584	13117	12331	17353	21672	32043	43190	82905	40316	95140	116117	89303	672596	256066	321806	678218	866536	1497125	5864419	6612105	9724641	1858025	0	0	0	0	0	0
FFQ	18	0	1128	92872	1479	4212	1961	2260	2271	2510	4107	10675	12325	8280	9785	6474	11782	21387	23651	22461	19684	38895	96963	28731	91488	110921	75790	502744	356936	300360	677901	561303	1618531	5940524	6709632	9047554	2373816	280253	0	0	0	0	0
FFQ	19	0	1231	99173	1416	4267	2157	2564	1592	2843	4097	7098	13378	10323	10063	8778	18446	7998	23148	28881	19374	61156	90531	44480	76395	118413	117486	623172	172920	280097	388823	805339	1576745	6066925	6985984	9374901	2021452	0	0	0	0	0	0
FFQ	20	0	1240	110196	1195	4312	2057	3247	760	3482	1895	9924	14701	8097	11253	12021	4234	22515	17052	32962	23084	50220	93756	45402	64356	142352	111472	647496	249338	283270	594075	679944	1232432	6424560	6040999	9881649	2246098	0	0	0	0	0	0
FFQ	21	0	3779	145440	2182	6048	4737	3880	5366	4342	9515	10335	17153	14399	10201	9542	28739	24920	33005	37248	44684	96550	73765	85436	111175	141372	128575	803299	305006	400343	897012	680524	1669783	5762704	6088885	9930135	1481567	0	0	0	0	0	0
FFQ	22	0	3257	154023	3079	7674	2677	5009	4222	5186	2831	11922	14990	15875	7398	11316	12980	20405	36667	32944	42765	29663	89572	88379	86495	152484	133106	661215	297607	341092	579326	824657	1301005	7041940	5216308	9264013	2569564	0	0	0	0	0	0
FFQ	23	0	2246	162800	1711	5477	3877	4550	2725	3593	3301	10796	14734	14672	10458	11529	10039	18995	40948	30681	19390	50361	80871	76210	73907	152336	148210	523775	355080	346522	411974	1062743	855452	6158598	6308727	9266883	2827475	0	0	0	0	0	0
FFQ	24	0	2170	177765	1711	5384	4141	2901	3927	3150	3608	6727	18034	15629	9131	9913	13059	17210	28876	37174	24675	52392	81736	74870	96113	143047	141984	430382	482150	348268	461880	1164978	890318	6070149	6006625	9411479	2830090	0	0	0	0	0	0
FFQ	25	0	1932	204905	1436	4943	3233	3014	4187	2976	2875	6192	18947	16865	7385	11347	13431	9154	37237	29353	31459	54343	81430	88838	64181	128242	151821	494706	435045	341828	335139	1222638	1083520	6144138	6365702	8770100	2899104	0	0	0	0	0	0
FFQ	26	0	458	262778	2637	3130	5955	3447	7076	4466	5654	5987	18221	10367	16285	11928	15329	23097	26368	38069	32540	43915	56551	100988	55885	146361	141961	479402	259361	410827	410856	993909	1586926	5663029	6440302	9150603	2636978	0	0	0	0	0	0
FFQ	27	0	317	274362	2872	5792	4075	4544	5155	4825	4825	6353	19299	18314	16340	5483	17058	18006	38812	26900	34474	61989	19796	121746	88718	157473	166804	480153	281935	473815	510583	1284041	1264668	7023082	5013643	8919912	2695482	0	0	0	0	0	0
FFQ	28	0	654	290688	3680	5238	5845	2666	6118	6925	3749	8824	19811	20868	12306	11801	15210	8054	47787	32875	42570	58424	49060	122513	76159	151589	183166	491682	269665	404101	495175	1371717	1374276	6089636	5873704	8870391	2644719	0	0	0	0	0	0
FFQ	29	0	0	314571	1920	4674	3105	3357	3570	3736	3434	7885	15145	19345	10537	3823	20963	9718	29428	36127	28807	49722	66824	81753	81976	145399	111613	632005	286107	335843	492016	1264402	1479063	6276205	6356929	8675226	2216418	0	0	0	0	0	0
FFQ	30	0	257	350183	1482	4956	3522	3099	2961	3053	3252	4898	18020	18588	6538	14992	11641	15488	26690	44101	32893	46457	63954	101081	80452	144050	140566	666793	193983	423429	433326	1299301	1496200	6909389	5696688	8488577	2320786	0	0	0	0	0	0
FFQ	31	0	6	419926	1323	4148	3241	2966	3590	2865	4740	8762	7565	15121	11147	10297	10532	11749	37673	30329	25347	40464	65526	54738	79705	183781	101099	621608	202119	372841	613359	1208820	1789632	7089230	5518686	8492174	2026537	0	0	0	0	0	0
FFQ	32	0	17	435319	1424	4976	2812	3445	3986	3227	4477	9664	18395	12876	9900	12274	9232	12513	40780	38086	42307	31682	82375	85704	58006	219950	381795	352353	357782	429339	857285	1575042	3651778	7763985	3694065	8578014	286781	0	0	0	0	0	0
FFQ	33	0	0	456975	2216	5467	2626	4320	3621	3523	4352	12543	15587	15929	10004	3087	20429	15611	45027	37438	42778	67238	62150	94144	199646	361245	410994	251336	431636	797072	1777688	2242289	6995548	5083933	8615254	979940	0	0	0	0	0	0	0
FFQ	34	0	0	489410	3767	2800	3195	3411	3697	5476	1793	15629	17759	12102	10024	12173	11546	29509	42400	55552	68275	50674	179049	118484	612719	183507	427447	703503	1944174	1763274	6389945	5805815	9135381	969156	0	0	0	0	0	0	0	0	0
FFQ	35	0	77	546469	2705	1433	2412	1663	4472	2562	4751	17436	10250	12218	14686	21661	7360	51731	83418	92330	132925	183332	499763	266123	435921	1116074	1775237	3691853	6113320	5585529	7386977	1006958	0	0	0	0	0	0	0	0	0	0	0
FFQ	36	0	0	668928	0	0	0	0	0	3792	2985	4722	8610	29573	20129	25177	71494	106479	154426	208317	232266	459885	521659	1463721	1985396	2575014	3861352	4473819	5345316	6235805	612781	0	0	0	0	0	0	0	0	0	0	0	0
FFQ	37	0	0	0	0	0	0	0	0	0	0	0	0	0	0	0	0	0	0	0	0	0	0	0	0	0	0	0	0	0	0	0	0	0	0	0	0	0	0	0	0	0	0
# Last Fragment Qualitites. Use `grep ^LFQ | cut -f 2-` to extract this part.
# Columns correspond to qualities and rows to cycles. First column is the cycle number.
LFQ	1	0	0	0	0	0	0	0	0	0	0	0	0	0	0	0	0	0	0	0	0	0	0	0	0	0	0	0	0	0	0	0	0	0	0	0	0	0	0	0	0	0	0
LFQ	2	0	0	0	0	0	0	0	0	0	0	0	0	0	0	0	0	0	0	0	0	0	0	0	0	0	0	0	0	0	0	0	0	0	0	0	0	0	0	0	0	0	0
LFQ	3	0	0	0	0	0	0	0	0	0	0	0	0	0	0	0	0	0	0	0	0	0	0	0	0	0	0	0	0	0	0	0	0	0	0	0	0	0	0	0	0	0	0
LFQ	4	0	0	0	0	0	0	0	0	0	0	0	0	0	0	0	0	0	0	0	0	0	0	0	0	0	0	0	0	0	0	0	0	0	0	0	0	0	0	0	0	0	0
LFQ	5	0	0	0	0	0	0	0	0	0	0	0	0	0	0	0	0	0	0	0	0	0	0	0	0	0	0	0	0	0	0	0	0	0	0	0	0	0	0	0	0	0	0
LFQ	6	0	0	0	0	0	0	0	0	0	0	0	0	0	0	0	0	0	0	0	0	0	0	0	0	0	0	0	0	0	0	0	0	0	0	0	0	0	0	0	0	0	0
LFQ	7	0	0	0	0	0	0	0	0	0	0	0	0	0	0	0	0	0	0	0	0	0	0	0	0	0	0	0	0	0	0	0	0	0	0	0	0	0	0	0	0	0	0
LFQ	8	0	0	0	0	0	0	0	0	0	0	0	0	0	0	0	0	0	0	0	0	0	0	0	0	0	0	0	0	0	0	0	0	0	0	0	0	0	0	0	0	0	0
LFQ	9	0	0	0	0	0	0	0	0	0	0	0	0	0	0	0	0	0	0	0	0	0	0	0	0	0	0	0	0	0	0	0	0	0	0	0	0	0	0	0	0	0	0
LFQ	10	0	0	0	0	0	0	0	0	0	0	0	0	0	0	0	0	0	0	0	0	0	0	0	0	0	0	0	0	0	0	0	0	0	0	0	0	0	0	0	0	0	0
LFQ	11	0	0	0	0	0	0	0	0	0	0	0	0	0	0	0	0	0	0	0	0	0	0	0	0	0	0	0	0	0	0	0	0	0	0	0	0	0	0	0	0	0	0
LFQ	12	0	0	0	0	0	0	0	0	0	0	0	0	0	0	0	0	0	0	0	0	0	0	0	0	0	0	0	0	0	0	0	0	0	0	0	0	0	0	0	0	0	0
LFQ	13	0	0	0	0	0	0	0	0	0	0	0	0	0	0	0	0	0	0	0	0	0	0	0	0	0	0	0	0	0	0	0	0	0	0	0	0	0	0	0	0	0	0
LFQ	14	0	0	0	0	0	0	0	0	0	0	0	0	0	0	0	0	0	0	0	0	0	0	0	0	0	0	0	0	0	0	0	0	0	0	0	0	0	0	0	0	0	0
LFQ	15	0	0	0	0	0	0	0	0	0	0	0	0	0	0	0	0	0	0	0	0	0	0	0	0	0	0	0	0	0	0	0	0	0	0	0	0	0	0	0	0	0	0
LFQ	16	0	0	0	0	0	0	0	0	0	0	0	0	0	0	0	0	0	0	0	0	0	0	0	0	0	0	0	0	0	0	0	0	0	0	0	0	0	0	0	0	0	0
LFQ	17	0	0	0	0	0	0	0	0	0	0	0	0	0	0	0	0	0	0	0	0	0	0	0	0	0	0	0	0	0	0	0	0	0	0	0	0	0	0	0	0	0	0
LFQ	18	0	0	0	0	0	0	0	0	0	0	0	0	0	0	0	0	0	0	0	0	0	0	0	0	0	0	0	0	0	0	0	0	0	0	0	0	0	0	0	0	0	0
LFQ	19	0	0	0	0	0	0	0	0	0	0	0	0	0	0	0	0	0	0	0	0	0	0	0	0	0	0	0	0	0	0	0	0	0	0	0	0	0	0	0	0	0	0
LFQ	20	0	0	0	0	0	0	0	0	0	0	0	0	0	0	0	0	0	0	0	0	0	0	0	0	0	0	0	0	0	0	0	0	0	0	0	0	0	0	0	0	0	0
LFQ	21	0	0	0	0	0	0	0	0	0	0	0	0	0	0	0	0	0	0	0	0	0	0	0	0	0	0	0	0	0	0	0	0	0	0	0	0	0	0	0	0	0	0
LFQ	22	0	0	0	0	0	0	0	0	0	0	0	0	0	0	0	0	0	0	0	0	0	0	0	0	0	0	0	0	0	0	0	0	0	0	0	0	0	0	0	0	0	0
LFQ	23	0	0	0	0	0	0	0	0	0	0	0	0	0	0	0	0	0	0	0	0	0	0	0	0	0	0	0	0	0	0	0	0	0	0	0	0	0	0	0	0	0	0
LFQ	24	0	0	0	0	0	0	0	0	0	0	0	0	0	0	0	0	0	0	0	0	0	0	0	0	0	0	0	0	0	0	0	0	0	0	0	0	0	0	0	0	0	0
LFQ	25	0	0	0	0	0	0	0	0	0	0	0	0	0	0	0	0	0	0	0	0	0	0	0	0	0	0	0	0	0	0	0	0	0	0	0	0	0	0	0	0	0	0
LFQ	26	0	0	0	0	0	0	0	0	0	0	0	0	0	0	0	0	0	0	0	0	0	0	0	0	0	0	0	0	0	0	0	0	0	0	0	0	0	0	0	0	0	0
LFQ	27	0	0	0	0	0	0	0	0	0	0	0	0	0	0	0	0	0	0	0	0	0	0	0	0	0	0	0	0	0	0	0	0	0	0	0	0	0	0	0	0	0	0
LFQ	28	0	0	0	0	0	0	0	0	0	0	0	0	0	0	0	0	0	0	0	0	0	0	0	0	0	0	0	0	0	0	0	0	0	0	0	0	0	0	0	0	0	0
LFQ	29	0	0	0	0	0	0	0	0	0	0	0	0	0	0	0	0	0	0	0	0	0	0	0	0	0	0	0	0	0	0	0	0	0	0	0	0	0	0	0	0	0	0
LFQ	30	0	0	0	0	0	0	0	0	0	0	0	0	0	0	0	0	0	0	0	0	0	0	0	0	0	0	0	0	0	0	0	0	0	0	0	0	0	0	0	0	0	0
LFQ	31	0	0	0	0	0	0	0	0	0	0	0	0	0	0	0	0	0	0	0	0	0	0	0	0	0	0	0	0	0	0	0	0	0	0	0	0	0	0	0	0	0	0
LFQ	32	0	0	0	0	0	0	0	0	0	0	0	0	0	0	0	0	0	0	0	0	0	0	0	0	0	0	0	0	0	0	0	0	0	0	0	0	0	0	0	0	0	0
LFQ	33	0	0	0	0	0	0	0	0	0	0	0	0	0	0	0	0	0	0	0	0	0	0	0	0	0	0	0	0	0	0	0	0	0	0	0	0	0	0	0	0	0	0
LFQ	34	0	0	0	0	0	0	0	0	0	0	0	0	0	0	0	0	0	0	0	0	0	0	0	0	0	0	0	0	0	0	0	0	0	0	0	0	0	0	0	0	0	0
LFQ	35	0	0	0	0	0	0	0	0	0	0	0	0	0	0	0	0	0	0	0	0	0	0	0	0	0	0	0	0	0	0	0	0	0	0	0	0	0	0	0	0	0	0
LFQ	36	0	0	0	0	0	0	0	0	0	0	0	0	0	0	0	0	0	0	0	0	0	0	0	0	0	0	0	0	0	0	0	0	0	0	0	0	0	0	0	0	0	0
LFQ	37	0	0	0	0	0	0	0	0	0	0	0	0	0	0	0	0	0	0	0	0	0	0	0	0	0	0	0	0	0	0	0	0	0	0	0	0	0	0	0	0	0	0
# GC Content of first fragments. Use `grep ^GCF | cut -f 2-` to extract this part.
GCF	1.26	8590
GCF	4.02	2755
GCF	6.78	3711
GCF	9.55	8879
GCF	12.31	23994
GCF	15.08	61221
GCF	17.84	134409
GCF	20.60	255163
GCF	23.37	436037
GCF	26.13	690270
GCF	28.89	1032732
GCF	31.66	1465622
GCF	34.42	1985015
GCF	37.19	2480334
GCF	39.95	2754852
GCF	42.71	2666139
GCF	45.48	2363449
GCF	48.24	2086323
GCF	51.26	1883501
GCF	54.02	1700372
GCF	56.78	1566351
GCF	59.55	1402485
GCF	62.31	1163169
GCF	65.08	907983
GCF	67.84	683821
GCF	70.60	494517
GCF	73.37	339925
GCF	76.13	215220
GCF	78.89	123982
GCF	81.66	67163
GCF	84.42	32878
GCF	87.19	14760
GCF	89.95	6027
GCF	92.71	2719
GCF	95.48	2066
GCF	98.49	2673
# GC Content of last fragments. Use `grep ^GCL | cut -f 2-` to extract this part.
# ACGT content per cycle. Use `grep ^GCC | cut -f 2-` to extract this part. The columns are: cycle; A,C,G,T base counts as a percentage of all A/C/G/T bases [%]; and N and O counts as a percentage of all A/C/G/T bases [%]
GCC	1	26.28	28.46	23.16	22.11	0.44	0.00
GCC	2	31.28	19.89	21.06	27.77	0.00	0.00
GCC	3	28.77	20.23	20.36	30.65	0.00	0.00
GCC	4	26.39	22.59	23.06	27.96	0.00	0.00
GCC	5	27.05	22.65	22.24	28.06	0.00	0.00
GCC	6	27.81	23.51	22.01	26.67	0.00	0.00
GCC	7	28.44	21.46	21.91	28.18	0.00	0.00
GCC	8	27.80	21.81	21.38	29.00	0.00	0.00
GCC	9	26.69	22.43	21.84	29.03	0.00	0.00
GCC	10	26.97	23.31	22.48	27.24	0.00	0.00
GCC	11	27.31	23.24	22.49	26.96	0.00	0.00
GCC	12	27.85	22.57	22.35	27.23	0.00	0.00
GCC	13	27.51	22.37	22.01	28.11	0.00	0.00
GCC	14	27.33	22.59	22.16	27.93	0.00	0.00
GCC	15	27.40	22.80	22.42	27.37	0.00	0.00
GCC	16	27.60	22.93	22.43	27.04	0.00	0.00
GCC	17	27.86	22.37	22.44	27.33	0.00	0.00
GCC	18	27.39	22.42	22.23	27.95	0.00	0.00
GCC	19	27.01	22.74	22.55	27.70	0.00	0.00
GCC	20	26.89	23.27	22.73	27.11	0.00	0.00
GCC	21	27.40	23.15	22.49	26.96	0.00	0.00
GCC	22	27.61	22.70	22.52	27.18	0.02	0.00
GCC	23	27.62	22.39	22.27	27.73	0.00	0.00
GCC	24	27.31	22.57	22.46	27.66	0.00	0.00
GCC	25	27.28	22.86	22.69	27.17	0.00	0.00
GCC	26	27.66	22.87	22.47	27.00	0.01	0.00
GCC	27	27.82	22.58	22.51	27.10	0.00	0.00
GCC	28	27.48	22.57	22.52	27.43	0.01	0.00
GCC	29	27.24	22.63	22.79	27.33	0.01	0.00
GCC	30	27.27	23.11	22.65	26.97	0.01	0.00
GCC	31	27.42	22.97	22.73	26.88	0.01	0.00
GCC	32	27.73	22.47	22.69	27.11	0.01	0.00
GCC	33	27.61	22.43	22.53	27.42	0.01	0.00
GCC	34	27.32	22.43	22.66	27.59	0.01	0.00
GCC	35	27.47	22.78	22.69	27.06	0.01	0.00
GCC	36	27.61	22.87	22.69	26.83	0.00	0.00
# Insert sizes. Use `grep ^IS | cut -f 2-` to extract this part. The columns are: insert size, pairs total, inward oriented pairs, outward oriented pairs, other pairs
# Read lengths. Use `grep ^RL | cut -f 2-` to extract this part. The columns are: read length, count
RL	36	29071646
# Indel distribution. Use `grep ^ID | cut -f 2-` to extract this part. The columns are: length, number of insertions, number of deletions
# Indels per cycle. Use `grep ^IC | cut -f 2-` to extract this part. The columns are: cycle, number of insertions (fwd), .. (rev) , number of deletions (fwd), .. (rev)
# Coverage distribution. Use `grep ^COV | cut -f 2-` to extract this part.
COV	[1-1]	1	410592492
COV	[2-2]	2	60217151
COV	[3-3]	3	10054379
COV	[4-4]	4	2360941
COV	[5-5]	5	754423
COV	[6-6]	6	310923
COV	[7-7]	7	150428
COV	[8-8]	8	84692
COV	[9-9]	9	54506
COV	[10-10]	10	38575
COV	[11-11]	11	28631
COV	[12-12]	12	23144
COV	[13-13]	13	18483
COV	[14-14]	14	15627
COV	[15-15]	15	13320
COV	[16-16]	16	11647
COV	[17-17]	17	10298
COV	[18-18]	18	9126
COV	[19-19]	19	7949
COV	[20-20]	20	7191
COV	[21-21]	21	6545
COV	[22-22]	22	5949
COV	[23-23]	23	5289
COV	[24-24]	24	4523
COV	[25-25]	25	4113
COV	[26-26]	26	3908
COV	[27-27]	27	3425
COV	[28-28]	28	3274
COV	[29-29]	29	2747
COV	[30-30]	30	2491
COV	[31-31]	31	2356
COV	[32-32]	32	2126
COV	[33-33]	33	1997
COV	[34-34]	34	1730
COV	[35-35]	35	1597
COV	[36-36]	36	1451
COV	[37-37]	37	1329
COV	[38-38]	38	1225
COV	[39-39]	39	1189
COV	[40-40]	40	1170
COV	[41-41]	41	991
COV	[42-42]	42	935
COV	[43-43]	43	900
COV	[44-44]	44	822
COV	[45-45]	45	806
COV	[46-46]	46	652
COV	[47-47]	47	727
COV	[48-48]	48	622
COV	[49-49]	49	550
COV	[50-50]	50	531
COV	[51-51]	51	488
COV	[52-52]	52	434
COV	[53-53]	53	434
COV	[54-54]	54	423
COV	[55-55]	55	378
COV	[56-56]	56	395
COV	[57-57]	57	358
COV	[58-58]	58	302
COV	[59-59]	59	296
COV	[60-60]	60	318
COV	[61-61]	61	231
COV	[62-62]	62	210
COV	[63-63]	63	225
COV	[64-64]	64	212
COV	[65-65]	65	200
COV	[66-66]	66	156
COV	[67-67]	67	138
COV	[68-68]	68	150
COV	[69-69]	69	118
COV	[70-70]	70	110
COV	[71-71]	71	126
COV	[72-72]	72	232
# GC-depth. Use `grep ^GCD | cut -f 2-` to extract this part. The columns are: GC%, unique sequence percentiles, 10th, 25th, 50th, 75th and 90th depth percentile
GCD	0.0	0.001	0.000	0.000	0.000	0.000	0.000
GCD	11.0	0.004	0.002	0.002	0.002	0.002	0.002
GCD	14.0	0.008	0.002	0.002	0.002	0.002	0.002
GCD	18.0	0.009	0.004	0.004	0.004	0.005	0.005
GCD	19.0	0.013	0.002	0.002	0.002	0.002	0.004
GCD	21.0	0.016	0.004	0.004	0.004	0.004	0.004
GCD	22.0	0.024	0.002	0.002	0.002	0.004	0.004
GCD	23.0	0.025	0.007	0.007	0.007	1.231	1.231
GCD	24.0	0.026	0.004	0.004	0.004	0.004	0.004
GCD	25.0	0.034	0.002	0.002	0.002	0.002	0.004
GCD	26.0	0.036	0.004	0.004	0.004	0.004	0.004
GCD	27.0	0.039	0.007	0.007	0.009	0.009	0.009
GCD	28.0	0.054	0.002	0.002	0.002	0.004	0.007
GCD	29.0	0.064	0.004	0.004	0.004	0.014	0.092
GCD	30.0	0.078	0.005	0.005	0.007	0.063	0.110
GCD	31.0	0.124	0.002	0.002	0.005	0.088	0.110
GCD	32.0	0.244	0.005	0.085	0.108	0.126	0.151
GCD	33.0	0.617	0.058	0.103	0.121	0.140	0.171
GCD	34.0	1.693	0.097	0.113	0.131	0.157	0.196
GCD	35.0	4.047	0.104	0.121	0.140	0.167	0.211
GCD	36.0	8.277	0.110	0.128	0.151	0.185	0.236
GCD	37.0	14.595	0.117	0.135	0.162	0.198	0.257
GCD	38.0	22.794	0.121	0.142	0.169	0.209	0.274
GCD	39.0	32.080	0.126	0.149	0.178	0.220	0.281
GCD	40.0	41.712	0.130	0.155	0.187	0.230	0.292
GCD	41.0	50.984	0.133	0.162	0.194	0.239	0.306
GCD	42.0	59.494	0.133	0.164	0.202	0.250	0.317
GCD	43.0	66.757	0.133	0.167	0.209	0.259	0.328
GCD	44.0	72.709	0.131	0.169	0.212	0.265	0.335
GCD	45.0	77.591	0.130	0.171	0.214	0.268	0.340
GCD	46.0	81.620	0.126	0.167	0.214	0.270	0.346
GCD	47.0	84.889	0.122	0.164	0.212	0.268	0.346
GCD	48.0	87.576	0.119	0.160	0.209	0.263	0.335
GCD	49.0	89.836	0.115	0.157	0.202	0.257	0.338
GCD	50.0	91.740	0.113	0.149	0.196	0.250	0.326
GCD	51.0	93.329	0.115	0.148	0.191	0.247	0.338
GCD	52.0	94.732	0.112	0.144	0.182	0.232	0.310
GCD	53.0	95.897	0.106	0.135	0.173	0.225	0.299
GCD	54.0	96.886	0.104	0.137	0.167	0.214	0.288
GCD	55.0	97.672	0.110	0.133	0.167	0.207	0.293
GCD	56.0	98.311	0.094	0.124	0.157	0.194	0.281
GCD	57.0	98.776	0.099	0.128	0.157	0.203	0.284
GCD	58.0	99.118	0.097	0.130	0.153	0.184	0.279
GCD	59.0	99.380	0.104	0.128	0.151	0.180	0.272
GCD	60.0	99.566	0.085	0.122	0.151	0.178	0.229
GCD	61.0	99.705	0.014	0.106	0.139	0.162	0.236
GCD	62.0	99.815	0.092	0.115	0.140	0.157	0.229
GCD	63.0	99.881	0.077	0.115	0.139	0.167	0.261
GCD	64.0	99.936	0.004	0.110	0.133	0.164	0.238
GCD	65.0	99.957	0.086	0.108	0.126	0.157	0.171
GCD	66.0	99.975	0.047	0.099	0.117	0.126	0.162
GCD	67.0	99.985	0.002	0.002	0.020	0.113	0.121
GCD	68.0	99.988	0.004	0.004	0.031	0.126	0.284
GCD	69.0	99.991	0.002	0.002	0.131	0.140	0.157
GCD	70.0	99.992	0.005	0.005	0.005	0.005	0.005
GCD	72.0	99.997	0.002	0.002	0.002	0.556	1.598
GCD	74.0	99.998	1.013	1.013	1.013	1.013	1.013
GCD	75.0	99.999	0.002	0.002	0.002	0.002	0.002
GCD	78.0	99.999	0.002	0.002	0.002	0.002	0.002
GCD	89.0	100.000	0.002	0.002	0.002	0.002	0.002
