# This file was produced by samtools stats (1.3+htslib-1.3) and can be plotted using plot-bamstats
# This file contains statistics for all reads.
# The command line was:  stats SRR1067519_1.fastq.gz_bowtie_srtd.bam_dedup.bam
# CHK, Checksum	[2]Read Names	[3]Sequences	[4]Qualities
# CHK, CRC32 of reads which passed filtering followed by addition (32bit overflow)
CHK	c9274dd8	cd570997	af052b06
# Summary Numbers. Use `grep ^SN | cut -f 2-` to extract this part.
SN	raw total sequences:	23805829
SN	filtered sequences:	0
SN	sequences:	23805829
SN	is sorted:	1
SN	1st fragments:	23805829
SN	last fragments:	0
SN	reads mapped:	18393154
SN	reads mapped and paired:	0	# paired-end technology bit set + both mates mapped
SN	reads unmapped:	5412675
SN	reads properly paired:	0	# proper-pair bit set
SN	reads paired:	0	# paired-end technology bit set
SN	reads duplicated:	0	# PCR or optical duplicate bit set
SN	reads MQ0:	0	# mapped and MQ=0
SN	reads QC failed:	0
SN	non-primary alignments:	0
SN	total length:	857009844	# ignores clipping
SN	bases mapped:	662153544	# ignores clipping
SN	bases mapped (cigar):	662153544	# more accurate
SN	bases trimmed:	0
SN	bases duplicated:	0
SN	mismatches:	3462334	# from NM fields
SN	error rate:	5.228899e-03	# mismatches / bases mapped (cigar)
SN	average length:	36
SN	maximum length:	36
SN	average quality:	27.8
SN	insert size average:	0.0
SN	insert size standard deviation:	0.0
SN	inward oriented pairs:	0
SN	outward oriented pairs:	0
SN	pairs with other orientation:	0
SN	pairs on different chromosomes:	0
# First Fragment Qualitites. Use `grep ^FFQ | cut -f 2-` to extract this part.
# Columns correspond to qualities and rows to cycles. First column is the cycle number.
FFQ	1	0	36915	54862	9078	24839	11232	29784	34629	33368	24733	15554	40489	105618	56757	39222	29981	88761	237037	152609	257589	297678	543722	835616	1005104	3521753	2802047	3192287	10316308	4918	2497	736	106	0	0	0	0	0	0	0	0	0	0
FFQ	2	0	76071	67056	22966	17004	8646	9142	9226	11572	17721	17738	16793	10861	14552	25608	28004	38810	49630	201489	258660	67309	78814	141194	233230	385968	1454219	4295348	8257844	6607522	1225330	68946	43705	13679	6502	15872	4936	2265	1492	105	0	0	0
FFQ	3	0	55294	67519	27765	30395	9081	8478	9030	8640	17557	16433	17257	11783	10527	20021	21505	33632	36793	56079	220208	167292	71055	104242	184257	284989	499846	1931146	4716946	8304239	5829207	875554	54276	36220	23192	18466	12344	7000	3055	600	1645	2261	0
FFQ	4	0	55	39488	87	385	446	1070	1610	2219	3064	3405	5097	14547	15745	16855	13101	19337	28173	36092	63043	288099	111610	72632	104899	182465	285723	669039	2114952	5204719	9438158	4515017	252179	59718	39748	34587	32328	31780	26313	19807	24403	33834	0
FFQ	5	0	86479	83220	43509	45612	37618	32102	41857	40656	38667	35135	40785	51821	75348	93084	83384	113752	118060	143879	232645	335906	385010	477683	571594	983069	923681	1977653	3077615	5742026	5839678	2052380	1921	0	0	0	0	0	0	0	0	0	0
FFQ	6	0	22	40712	44	317	631	1284	1993	2516	3104	3631	6364	14929	14414	13845	12266	16585	24569	26389	46789	171705	177734	55924	91597	149156	255395	420046	1749371	4463645	8734259	6080484	978970	84218	46416	40683	21354	18844	13435	9247	9431	3511	0
FFQ	7	0	14	41841	54	317	393	1108	1833	1904	2859	3116	5937	14053	13838	13360	11428	16332	24237	26440	49242	143129	228211	60729	88791	150097	252185	376675	1679930	4385682	7803149	6907585	1211083	81335	43243	39804	24627	21501	22918	19439	16064	21346	0
FFQ	8	0	29	42569	50	267	386	765	1784	1718	2690	3065	5321	15449	14572	13490	10681	15137	24208	26375	49347	90304	230531	60487	84226	143682	241258	367164	1671524	3966682	7304582	7296901	1813898	88390	45743	39668	24302	25102	18542	24691	16797	23452	0
FFQ	9	0	28	43345	45	575	606	1345	2061	2215	3791	3381	8984	16805	16423	12662	13431	17761	27378	31944	55593	97518	264243	54692	97138	158966	250968	355945	1668500	3754813	7126996	7427435	2019913	79780	41096	43576	23209	22844	20096	17104	12774	9850	0
FFQ	10	0	22544	59764	16641	15635	13171	13465	17815	19806	29337	26337	27894	24662	31939	43978	70972	87145	83097	97433	113125	225168	383227	285070	434788	454441	487267	974464	1983390	3801141	7285706	5441853	1234019	535	0	0	0	0	0	0	0	0	0
FFQ	11	0	15	45811	79	253	505	1131	2362	2651	3377	4064	5858	16689	15931	14473	15042	17842	26162	29480	55342	103236	264750	59518	97755	158742	256120	380971	1707899	3885715	7330240	7333454	1801140	80446	32566	18600	11383	8732	8266	4923	3010	1296	0
FFQ	12	0	236605	115642	71323	57757	53723	47403	51073	43742	43514	60473	72121	94380	89101	86218	124514	152395	176515	198315	320515	492668	377783	408894	567227	596784	852362	1261908	2592121	4248330	5902236	3627371	782816	0	0	0	0	0	0	0	0	0	0
FFQ	13	0	41	47747	100	357	667	1811	2874	2703	4237	4107	9061	18916	19018	13977	14191	20112	28202	36689	60493	107672	306171	63897	103782	161023	259193	375619	1665074	3567711	6915584	7642064	2154360	92576	36716	20721	13255	10436	8571	7686	4957	3458	0
FFQ	14	0	296102	129947	52660	56067	36078	46604	41805	45067	40759	39842	51995	74224	90917	86425	83366	110520	162534	146569	184171	307090	409102	371982	390202	544130	766660	1075281	2459503	3851640	6354719	4369894	1129974	0	0	0	0	0	0	0	0	0	0
FFQ	15	0	59	51521	84	390	657	1773	2813	2671	4096	3524	9117	19558	18976	14212	12676	20222	28176	34386	57779	99287	322891	67734	97433	156049	256303	366690	1570128	3488332	6643795	7839056	2399938	96638	47816	22829	13522	10338	8290	7362	4555	4153	0
FFQ	16	0	17	55206	81	190	789	1939	2628	3174	4355	5103	7358	19265	19145	19260	18280	21065	31107	34787	64232	100112	318347	75867	108362	170015	263399	358081	1574041	3354149	6740073	7868543	2407815	83803	25743	17867	10251	7302	6735	4618	1919	806	0
FFQ	17	0	25	56708	69	270	554	1487	2710	2694	3803	4471	6910	20568	18476	18670	15613	20354	30056	32416	61281	108546	303751	81538	103347	162973	266040	371117	1574740	3590066	7085215	7512076	2146874	105016	40335	17342	11810	9214	7151	6827	2987	1729	0
FFQ	18	0	23	59065	65	266	694	1844	2848	3293	4089	4477	7266	21754	19889	21347	16642	21221	32385	36227	65630	102157	285668	77979	107883	174170	279350	376137	1555616	3400063	6650402	7929123	2366246	93127	32600	18083	10834	8386	7885	6000	3184	1911	0
FFQ	19	0	21	62421	74	354	627	1745	3404	3285	4322	4792	7514	23044	20456	21087	16295	22908	33212	38773	64365	111256	277350	80444	113638	181673	290677	401506	1598589	3548850	6926494	7592548	2153455	107071	35225	18192	11494	8895	8515	6323	2803	2132	0
FFQ	20	0	80629	129308	46928	25822	12981	13490	15623	17274	32291	32255	31521	25413	24245	42225	43590	70989	87851	94016	95244	113444	340170	206443	240157	324416	439888	667996	2003872	3415462	6430010	6946993	1754343	940	0	0	0	0	0	0	0	0	0
FFQ	21	0	242048	134889	45199	34304	23192	18647	20675	24769	33451	43727	43723	38233	40175	53944	74443	90465	92445	112582	113679	137324	298201	123194	182605	243560	268178	460810	1619881	3410486	6617578	7334231	1827329	1862	0	0	0	0	0	0	0	0	0
FFQ	22	0	8271	85199	11023	9622	9427	10600	12122	13803	22640	28996	28589	21070	24810	33368	40319	67078	90102	96810	96475	158076	308357	226718	273887	450458	540918	966888	2267104	3946436	6987758	5728997	1239205	222	481	0	0	0	0	0	0	0	0
FFQ	23	0	35	86125	113	434	956	2229	3495	3645	4852	5522	8371	23874	20934	21768	15604	21499	32058	35962	63271	104836	274234	75071	105363	164591	285246	378501	1607655	3428017	6630951	7923058	2313341	88234	26972	17252	10190	8640	7080	2996	2244	610	0
FFQ	24	0	58	97539	220	744	1651	2529	3911	3961	5406	6176	10287	26702	23048	21864	15079	21293	35240	40448	64471	106715	317049	77407	97673	169082	288361	392622	1562540	3408083	6526927	7957917	2354061	98705	30313	13344	8327	8137	4033	2608	1087	211	0
FFQ	25	0	340	117869	3842	3432	3113	5657	6544	6581	9052	9393	18922	28970	28293	21169	18803	28662	38205	53995	83948	116301	270650	72566	125953	213578	291449	400931	1576620	3313908	6261505	8089865	2480965	71001	20986	6892	3049	2200	392	228	0	0	0
FFQ	26	0	67	148189	280	1499	2947	4531	6751	7320	9234	12389	23406	31414	33360	25111	24836	32173	41348	56303	71303	121052	306632	79279	127204	190703	295485	401223	1544031	3422508	6675653	7651257	2335765	76389	20276	9665	7300	5501	1808	1058	350	229	0
FFQ	27	0	128	162122	280	1971	3184	5681	6271	8658	10476	13778	36256	32747	34973	22348	25854	40689	41838	68366	87561	121563	307970	83504	139744	224924	286709	416498	1572814	3478461	6501987	7760448	2189576	66328	16203	12348	8488	6100	5413	1791	1466	313	0
FFQ	28	0	128	182181	338	1784	3788	5303	5771	7150	8563	13730	34911	31413	31451	19345	23135	38251	37978	64870	80013	122480	268521	74759	126211	219536	300056	429045	1649164	3460813	6855776	7412785	2149331	83523	25875	13822	8405	8756	3589	1964	1073	242	0
FFQ	29	0	144	212262	342	2081	3915	6133	6353	8720	9674	16194	38277	34959	32108	20672	27699	42909	46258	76665	96964	147542	231846	84895	163283	255943	328019	538893	1999258	3989079	7380456	6563583	1348664	48861	17992	10658	8140	3564	2206	109	310	199	0
FFQ	30	0	84702	296440	35595	34569	31508	32300	37396	53769	45644	42503	38854	41694	64513	83258	125592	113343	112265	145656	206734	324072	404578	439881	548310	540933	1017267	1395951	2848912	3928911	6152890	3816710	761079	0	0	0	0	0	0	0	0	0	0
FFQ	31	0	84	320292	358	1736	3386	5127	7127	8672	10933	13238	23284	36463	34315	30035	27634	33553	49134	67791	115783	213929	216252	118089	174723	268542	434229	785582	2623334	4334846	8091339	5139101	579605	14352	9775	6464	3542	1936	1005	239	0	0	0
FFQ	32	0	137	351206	309	2500	3473	5346	7171	8876	10377	14307	36610	35455	36217	25327	28634	41227	48401	87224	126127	255283	135732	136403	206378	337313	476580	1109505	3016159	4753321	8515299	3747200	205774	15909	9762	7480	5426	1557	1541	283	0	0	0
FFQ	33	0	142	399403	428	2155	3304	5642	6415	7983	10049	14117	35556	31216	31688	22608	29805	40867	52962	94828	134695	268375	103730	153363	231998	379292	586056	1852531	3318798	5562233	7761167	2593166	32327	15999	9929	7068	3204	2105	406	219	0	0	0
FFQ	34	0	145	480576	331	1606	2838	4470	5163	7242	8688	14249	33414	28962	26977	22263	27006	42758	55463	104915	192065	244756	113088	157039	250632	437665	779885	2631917	4196698	7352094	5437925	1079399	21760	14284	11429	7666	6052	2461	1648	300	0	0	0
FFQ	35	0	19791	637556	9765	9981	12606	12012	12604	15390	29714	26577	27319	23982	30196	41708	58469	94957	124339	140357	289936	142865	246477	321561	463758	812683	1856879	3223721	5263330	7531875	2312597	12089	721	14	0	0	0	0	0	0	0	0	0
FFQ	36	0	112	1048766	142	745	931	2071	3673	6624	7628	12108	18190	23681	24842	31677	43353	66373	94809	152764	308404	146163	194383	281826	450669	864461	2182755	3341356	5703912	6932029	1828996	16191	9071	3388	3364	372	0	0	0	0	0	0	0
FFQ	37	0	0	0	0	0	0	0	0	0	0	0	0	0	0	0	0	0	0	0	0	0	0	0	0	0	0	0	0	0	0	0	0	0	0	0	0	0	0	0	0	0	0
# Last Fragment Qualitites. Use `grep ^LFQ | cut -f 2-` to extract this part.
# Columns correspond to qualities and rows to cycles. First column is the cycle number.
LFQ	1	0	0	0	0	0	0	0	0	0	0	0	0	0	0	0	0	0	0	0	0	0	0	0	0	0	0	0	0	0	0	0	0	0	0	0	0	0	0	0	0	0	0
LFQ	2	0	0	0	0	0	0	0	0	0	0	0	0	0	0	0	0	0	0	0	0	0	0	0	0	0	0	0	0	0	0	0	0	0	0	0	0	0	0	0	0	0	0
LFQ	3	0	0	0	0	0	0	0	0	0	0	0	0	0	0	0	0	0	0	0	0	0	0	0	0	0	0	0	0	0	0	0	0	0	0	0	0	0	0	0	0	0	0
LFQ	4	0	0	0	0	0	0	0	0	0	0	0	0	0	0	0	0	0	0	0	0	0	0	0	0	0	0	0	0	0	0	0	0	0	0	0	0	0	0	0	0	0	0
LFQ	5	0	0	0	0	0	0	0	0	0	0	0	0	0	0	0	0	0	0	0	0	0	0	0	0	0	0	0	0	0	0	0	0	0	0	0	0	0	0	0	0	0	0
LFQ	6	0	0	0	0	0	0	0	0	0	0	0	0	0	0	0	0	0	0	0	0	0	0	0	0	0	0	0	0	0	0	0	0	0	0	0	0	0	0	0	0	0	0
LFQ	7	0	0	0	0	0	0	0	0	0	0	0	0	0	0	0	0	0	0	0	0	0	0	0	0	0	0	0	0	0	0	0	0	0	0	0	0	0	0	0	0	0	0
LFQ	8	0	0	0	0	0	0	0	0	0	0	0	0	0	0	0	0	0	0	0	0	0	0	0	0	0	0	0	0	0	0	0	0	0	0	0	0	0	0	0	0	0	0
LFQ	9	0	0	0	0	0	0	0	0	0	0	0	0	0	0	0	0	0	0	0	0	0	0	0	0	0	0	0	0	0	0	0	0	0	0	0	0	0	0	0	0	0	0
LFQ	10	0	0	0	0	0	0	0	0	0	0	0	0	0	0	0	0	0	0	0	0	0	0	0	0	0	0	0	0	0	0	0	0	0	0	0	0	0	0	0	0	0	0
LFQ	11	0	0	0	0	0	0	0	0	0	0	0	0	0	0	0	0	0	0	0	0	0	0	0	0	0	0	0	0	0	0	0	0	0	0	0	0	0	0	0	0	0	0
LFQ	12	0	0	0	0	0	0	0	0	0	0	0	0	0	0	0	0	0	0	0	0	0	0	0	0	0	0	0	0	0	0	0	0	0	0	0	0	0	0	0	0	0	0
LFQ	13	0	0	0	0	0	0	0	0	0	0	0	0	0	0	0	0	0	0	0	0	0	0	0	0	0	0	0	0	0	0	0	0	0	0	0	0	0	0	0	0	0	0
LFQ	14	0	0	0	0	0	0	0	0	0	0	0	0	0	0	0	0	0	0	0	0	0	0	0	0	0	0	0	0	0	0	0	0	0	0	0	0	0	0	0	0	0	0
LFQ	15	0	0	0	0	0	0	0	0	0	0	0	0	0	0	0	0	0	0	0	0	0	0	0	0	0	0	0	0	0	0	0	0	0	0	0	0	0	0	0	0	0	0
LFQ	16	0	0	0	0	0	0	0	0	0	0	0	0	0	0	0	0	0	0	0	0	0	0	0	0	0	0	0	0	0	0	0	0	0	0	0	0	0	0	0	0	0	0
LFQ	17	0	0	0	0	0	0	0	0	0	0	0	0	0	0	0	0	0	0	0	0	0	0	0	0	0	0	0	0	0	0	0	0	0	0	0	0	0	0	0	0	0	0
LFQ	18	0	0	0	0	0	0	0	0	0	0	0	0	0	0	0	0	0	0	0	0	0	0	0	0	0	0	0	0	0	0	0	0	0	0	0	0	0	0	0	0	0	0
LFQ	19	0	0	0	0	0	0	0	0	0	0	0	0	0	0	0	0	0	0	0	0	0	0	0	0	0	0	0	0	0	0	0	0	0	0	0	0	0	0	0	0	0	0
LFQ	20	0	0	0	0	0	0	0	0	0	0	0	0	0	0	0	0	0	0	0	0	0	0	0	0	0	0	0	0	0	0	0	0	0	0	0	0	0	0	0	0	0	0
LFQ	21	0	0	0	0	0	0	0	0	0	0	0	0	0	0	0	0	0	0	0	0	0	0	0	0	0	0	0	0	0	0	0	0	0	0	0	0	0	0	0	0	0	0
LFQ	22	0	0	0	0	0	0	0	0	0	0	0	0	0	0	0	0	0	0	0	0	0	0	0	0	0	0	0	0	0	0	0	0	0	0	0	0	0	0	0	0	0	0
LFQ	23	0	0	0	0	0	0	0	0	0	0	0	0	0	0	0	0	0	0	0	0	0	0	0	0	0	0	0	0	0	0	0	0	0	0	0	0	0	0	0	0	0	0
LFQ	24	0	0	0	0	0	0	0	0	0	0	0	0	0	0	0	0	0	0	0	0	0	0	0	0	0	0	0	0	0	0	0	0	0	0	0	0	0	0	0	0	0	0
LFQ	25	0	0	0	0	0	0	0	0	0	0	0	0	0	0	0	0	0	0	0	0	0	0	0	0	0	0	0	0	0	0	0	0	0	0	0	0	0	0	0	0	0	0
LFQ	26	0	0	0	0	0	0	0	0	0	0	0	0	0	0	0	0	0	0	0	0	0	0	0	0	0	0	0	0	0	0	0	0	0	0	0	0	0	0	0	0	0	0
LFQ	27	0	0	0	0	0	0	0	0	0	0	0	0	0	0	0	0	0	0	0	0	0	0	0	0	0	0	0	0	0	0	0	0	0	0	0	0	0	0	0	0	0	0
LFQ	28	0	0	0	0	0	0	0	0	0	0	0	0	0	0	0	0	0	0	0	0	0	0	0	0	0	0	0	0	0	0	0	0	0	0	0	0	0	0	0	0	0	0
LFQ	29	0	0	0	0	0	0	0	0	0	0	0	0	0	0	0	0	0	0	0	0	0	0	0	0	0	0	0	0	0	0	0	0	0	0	0	0	0	0	0	0	0	0
LFQ	30	0	0	0	0	0	0	0	0	0	0	0	0	0	0	0	0	0	0	0	0	0	0	0	0	0	0	0	0	0	0	0	0	0	0	0	0	0	0	0	0	0	0
LFQ	31	0	0	0	0	0	0	0	0	0	0	0	0	0	0	0	0	0	0	0	0	0	0	0	0	0	0	0	0	0	0	0	0	0	0	0	0	0	0	0	0	0	0
LFQ	32	0	0	0	0	0	0	0	0	0	0	0	0	0	0	0	0	0	0	0	0	0	0	0	0	0	0	0	0	0	0	0	0	0	0	0	0	0	0	0	0	0	0
LFQ	33	0	0	0	0	0	0	0	0	0	0	0	0	0	0	0	0	0	0	0	0	0	0	0	0	0	0	0	0	0	0	0	0	0	0	0	0	0	0	0	0	0	0
LFQ	34	0	0	0	0	0	0	0	0	0	0	0	0	0	0	0	0	0	0	0	0	0	0	0	0	0	0	0	0	0	0	0	0	0	0	0	0	0	0	0	0	0	0
LFQ	35	0	0	0	0	0	0	0	0	0	0	0	0	0	0	0	0	0	0	0	0	0	0	0	0	0	0	0	0	0	0	0	0	0	0	0	0	0	0	0	0	0	0
LFQ	36	0	0	0	0	0	0	0	0	0	0	0	0	0	0	0	0	0	0	0	0	0	0	0	0	0	0	0	0	0	0	0	0	0	0	0	0	0	0	0	0	0	0
LFQ	37	0	0	0	0	0	0	0	0	0	0	0	0	0	0	0	0	0	0	0	0	0	0	0	0	0	0	0	0	0	0	0	0	0	0	0	0	0	0	0	0	0	0
# GC Content of first fragments. Use `grep ^GCF | cut -f 2-` to extract this part.
GCF	1.26	2383
GCF	4.02	2298
GCF	6.78	4894
GCF	9.55	12453
GCF	12.31	31817
GCF	15.08	75784
GCF	17.84	161213
GCF	20.60	301837
GCF	23.37	509284
GCF	26.13	781692
GCF	28.89	1113679
GCF	31.66	1475170
GCF	34.42	1818772
GCF	37.19	2084616
GCF	39.95	2200849
GCF	42.71	2147077
GCF	45.48	1984831
GCF	48.24	1826545
GCF	51.26	1695828
GCF	54.02	1469542
GCF	56.78	1249524
GCF	59.55	1011484
GCF	62.31	733045
GCF	65.08	474761
GCF	67.84	282884
GCF	70.60	158511
GCF	73.37	87329
GCF	76.13	46722
GCF	78.89	24791
GCF	81.66	13732
GCF	84.42	7613
GCF	87.19	4005
GCF	89.95	1974
GCF	92.71	1207
GCF	95.48	970
GCF	98.49	1692
# GC Content of last fragments. Use `grep ^GCL | cut -f 2-` to extract this part.
# ACGT content per cycle. Use `grep ^GCC | cut -f 2-` to extract this part. The columns are: cycle; A,C,G,T base counts as a percentage of all A/C/G/T bases [%]; and N and O counts as a percentage of all A/C/G/T bases [%]
GCC	1	27.23	23.58	22.50	26.68	0.96	0.00
GCC	2	29.03	20.81	21.89	28.28	0.00	0.00
GCC	3	29.60	19.90	21.26	29.25	0.00	0.00
GCC	4	28.30	21.31	22.20	28.20	0.00	0.00
GCC	5	29.89	19.73	20.15	30.23	0.00	0.00
GCC	6	28.89	21.18	21.32	28.61	0.00	0.00
GCC	7	29.24	20.27	20.89	29.60	0.00	0.00
GCC	8	29.09	20.84	20.91	29.15	0.00	0.00
GCC	9	28.89	20.97	20.72	29.42	0.00	0.00
GCC	10	28.65	21.50	21.44	28.41	0.00	0.00
GCC	11	28.61	21.53	21.39	28.46	0.00	0.00
GCC	12	28.67	21.43	21.52	28.38	0.00	0.00
GCC	13	28.86	21.22	21.17	28.75	0.00	0.00
GCC	14	28.78	21.32	21.18	28.72	0.00	0.00
GCC	15	28.81	21.25	21.09	28.85	0.01	0.00
GCC	16	28.88	21.27	21.11	28.74	0.00	0.00
GCC	17	28.78	21.28	21.14	28.79	0.00	0.00
GCC	18	28.77	21.33	21.20	28.70	0.00	0.00
GCC	19	28.82	21.30	21.23	28.66	0.00	0.00
GCC	20	28.62	21.50	21.35	28.53	0.56	0.00
GCC	21	28.73	21.45	21.30	28.52	0.00	0.00
GCC	22	28.67	21.39	21.32	28.62	0.00	0.00
GCC	23	28.79	21.33	21.24	28.64	0.00	0.00
GCC	24	28.73	21.42	21.26	28.59	0.01	0.00
GCC	25	28.73	21.35	21.33	28.59	0.00	0.00
GCC	26	28.87	21.35	21.28	28.50	0.00	0.00
GCC	27	28.77	21.33	21.34	28.56	0.00	0.00
GCC	28	28.76	21.35	21.42	28.47	0.01	0.00
GCC	29	28.73	21.46	21.37	28.44	0.02	0.00
GCC	30	28.68	21.47	21.46	28.39	0.04	0.00
GCC	31	28.70	21.39	21.39	28.52	0.04	0.00
GCC	32	28.69	21.32	21.52	28.46	0.04	0.00
GCC	33	28.79	21.36	21.39	28.46	0.03	0.00
GCC	34	28.81	21.32	21.42	28.45	0.02	0.00
GCC	35	28.78	21.34	21.39	28.48	0.02	0.00
GCC	36	28.71	21.36	21.48	28.45	0.84	0.00
# Insert sizes. Use `grep ^IS | cut -f 2-` to extract this part. The columns are: insert size, pairs total, inward oriented pairs, outward oriented pairs, other pairs
# Read lengths. Use `grep ^RL | cut -f 2-` to extract this part. The columns are: read length, count
RL	36	23805829
# Indel distribution. Use `grep ^ID | cut -f 2-` to extract this part. The columns are: length, number of insertions, number of deletions
# Indels per cycle. Use `grep ^IC | cut -f 2-` to extract this part. The columns are: cycle, number of insertions (fwd), .. (rev) , number of deletions (fwd), .. (rev)
# Coverage distribution. Use `grep ^COV | cut -f 2-` to extract this part.
COV	[1-1]	1	451804831
COV	[2-2]	2	73860819
COV	[3-3]	3	13336241
COV	[4-4]	4	3256524
COV	[5-5]	5	1003338
COV	[6-6]	6	336244
COV	[7-7]	7	117474
COV	[8-8]	8	42956
COV	[9-9]	9	18431
COV	[10-10]	10	10700
COV	[11-11]	11	7212
COV	[12-12]	12	5337
COV	[13-13]	13	4472
COV	[14-14]	14	3639
COV	[15-15]	15	3203
COV	[16-16]	16	2675
COV	[17-17]	17	2553
COV	[18-18]	18	2240
COV	[19-19]	19	2150
COV	[20-20]	20	1780
COV	[21-21]	21	1557
COV	[22-22]	22	1352
COV	[23-23]	23	1281
COV	[24-24]	24	1138
COV	[25-25]	25	1121
COV	[26-26]	26	982
COV	[27-27]	27	857
COV	[28-28]	28	754
COV	[29-29]	29	673
COV	[30-30]	30	565
COV	[31-31]	31	554
COV	[32-32]	32	498
COV	[33-33]	33	529
COV	[34-34]	34	496
COV	[35-35]	35	435
COV	[36-36]	36	418
COV	[37-37]	37	367
COV	[38-38]	38	376
COV	[39-39]	39	261
COV	[40-40]	40	309
COV	[41-41]	41	257
COV	[42-42]	42	252
COV	[43-43]	43	266
COV	[44-44]	44	235
COV	[45-45]	45	204
COV	[46-46]	46	209
COV	[47-47]	47	224
COV	[48-48]	48	189
COV	[49-49]	49	156
COV	[50-50]	50	166
COV	[51-51]	51	131
COV	[52-52]	52	156
COV	[53-53]	53	138
COV	[54-54]	54	164
COV	[55-55]	55	137
COV	[56-56]	56	141
COV	[57-57]	57	117
COV	[58-58]	58	119
COV	[59-59]	59	75
COV	[60-60]	60	65
COV	[61-61]	61	96
COV	[62-62]	62	83
COV	[63-63]	63	82
COV	[64-64]	64	65
COV	[65-65]	65	87
COV	[66-66]	66	80
COV	[67-67]	67	71
COV	[68-68]	68	60
COV	[69-69]	69	56
COV	[70-70]	70	23
COV	[71-71]	71	15
COV	[72-72]	72	28
# GC-depth. Use `grep ^GCD | cut -f 2-` to extract this part. The columns are: GC%, unique sequence percentiles, 10th, 25th, 50th, 75th and 90th depth percentile
GCD	0.0	0.001	0.000	0.000	0.000	0.000	0.000
GCD	3.0	0.002	0.002	0.002	0.002	0.002	0.002
GCD	11.0	0.003	0.002	0.002	0.002	0.002	0.002
GCD	14.0	0.004	0.002	0.002	0.002	0.002	0.002
GCD	17.0	0.008	0.002	0.002	0.002	0.002	0.004
GCD	18.0	0.009	0.004	0.004	0.004	0.004	0.004
GCD	19.0	0.011	0.002	0.002	0.002	0.004	0.004
GCD	21.0	0.011	0.005	0.005	0.005	0.005	0.005
GCD	22.0	0.019	0.002	0.002	0.002	0.002	0.004
GCD	23.0	0.020	0.005	0.005	0.005	0.005	0.005
GCD	24.0	0.024	0.004	0.004	0.007	0.011	0.013
GCD	25.0	0.034	0.002	0.002	0.002	0.004	0.005
GCD	26.0	0.037	0.004	0.004	0.004	0.005	0.007
GCD	27.0	0.041	0.005	0.005	0.005	0.005	0.009
GCD	28.0	0.059	0.002	0.002	0.002	0.004	0.007
GCD	29.0	0.069	0.004	0.004	0.007	0.020	0.059
GCD	30.0	0.085	0.005	0.013	0.067	0.137	0.167
GCD	31.0	0.195	0.002	0.016	0.137	0.162	0.185
GCD	32.0	0.543	0.083	0.126	0.155	0.180	0.203
GCD	33.0	1.700	0.112	0.137	0.160	0.187	0.216
GCD	34.0	4.310	0.117	0.140	0.166	0.196	0.234
GCD	35.0	9.303	0.119	0.144	0.173	0.205	0.245
GCD	36.0	16.599	0.121	0.148	0.178	0.216	0.261
GCD	37.0	25.734	0.121	0.151	0.185	0.229	0.286
GCD	38.0	35.390	0.121	0.151	0.193	0.243	0.310
GCD	39.0	44.957	0.119	0.153	0.198	0.257	0.340
GCD	40.0	53.771	0.121	0.157	0.207	0.277	0.367
GCD	41.0	61.401	0.119	0.157	0.214	0.297	0.403
GCD	42.0	68.070	0.115	0.158	0.221	0.310	0.425
GCD	43.0	73.503	0.115	0.157	0.223	0.322	0.455
GCD	44.0	78.073	0.112	0.155	0.229	0.333	0.470
GCD	45.0	81.879	0.113	0.155	0.230	0.349	0.515
GCD	46.0	85.033	0.108	0.151	0.232	0.360	0.544
GCD	47.0	87.683	0.104	0.144	0.227	0.367	0.556
GCD	48.0	89.868	0.108	0.146	0.232	0.385	0.592
GCD	49.0	91.790	0.101	0.135	0.218	0.380	0.601
GCD	50.0	93.457	0.094	0.130	0.212	0.382	0.608
GCD	51.0	94.809	0.092	0.126	0.202	0.369	0.614
GCD	52.0	95.941	0.090	0.122	0.200	0.349	0.585
GCD	53.0	96.926	0.086	0.117	0.184	0.349	0.612
GCD	54.0	97.722	0.086	0.117	0.187	0.351	0.648
GCD	55.0	98.299	0.085	0.113	0.185	0.360	0.616
GCD	56.0	98.760	0.072	0.106	0.162	0.328	0.601
GCD	57.0	99.102	0.079	0.104	0.167	0.355	0.598
GCD	58.0	99.382	0.052	0.092	0.148	0.292	0.506
GCD	59.0	99.567	0.068	0.090	0.135	0.283	0.545
GCD	60.0	99.700	0.072	0.092	0.139	0.346	0.581
GCD	61.0	99.805	0.009	0.079	0.131	0.272	0.535
GCD	62.0	99.886	0.061	0.083	0.130	0.331	0.556
GCD	63.0	99.931	0.047	0.079	0.166	0.324	0.481
GCD	64.0	99.962	0.004	0.063	0.119	0.315	0.436
GCD	65.0	99.976	0.072	0.119	0.234	0.472	0.666
GCD	66.0	99.986	0.005	0.011	0.090	0.221	0.398
GCD	67.0	99.991	0.002	0.002	0.023	0.119	0.275
GCD	68.0	99.994	0.013	0.013	0.126	0.207	0.268
GCD	69.0	99.995	0.002	0.002	0.002	0.002	0.002
GCD	72.0	99.999	0.002	0.002	0.002	0.005	0.428
GCD	81.0	100.000	0.002	0.002	0.002	0.002	0.002
