# This file was produced by samtools stats (1.3+htslib-1.3) and can be plotted using plot-bamstats
# This file contains statistics for all reads.
# The command line was:  stats SRR1067505_1.fastq.gz_bowtie_srtd.bam_dedup.bam
# CHK, Checksum	[2]Read Names	[3]Sequences	[4]Qualities
# CHK, CRC32 of reads which passed filtering followed by addition (32bit overflow)
CHK	278efc04	1a9640bc	3b129016
# Summary Numbers. Use `grep ^SN | cut -f 2-` to extract this part.
SN	raw total sequences:	16635040
SN	filtered sequences:	0
SN	sequences:	16635040
SN	is sorted:	1
SN	1st fragments:	16635040
SN	last fragments:	0
SN	reads mapped:	12299033
SN	reads mapped and paired:	0	# paired-end technology bit set + both mates mapped
SN	reads unmapped:	4336007
SN	reads properly paired:	0	# proper-pair bit set
SN	reads paired:	0	# paired-end technology bit set
SN	reads duplicated:	0	# PCR or optical duplicate bit set
SN	reads MQ0:	0	# mapped and MQ=0
SN	reads QC failed:	0
SN	non-primary alignments:	0
SN	total length:	598861440	# ignores clipping
SN	bases mapped:	442765188	# ignores clipping
SN	bases mapped (cigar):	442765188	# more accurate
SN	bases trimmed:	0
SN	bases duplicated:	0
SN	mismatches:	1783808	# from NM fields
SN	error rate:	4.028790e-03	# mismatches / bases mapped (cigar)
SN	average length:	36
SN	maximum length:	36
SN	average quality:	31.9
SN	insert size average:	0.0
SN	insert size standard deviation:	0.0
SN	inward oriented pairs:	0
SN	outward oriented pairs:	0
SN	pairs with other orientation:	0
SN	pairs on different chromosomes:	0
# First Fragment Qualitites. Use `grep ^FFQ | cut -f 2-` to extract this part.
# Columns correspond to qualities and rows to cycles. First column is the cycle number.
FFQ	1	0	0	65637	1815	258	0	6807	285	52133	935	1234	1973	0	57263	0	3101	1950	102434	0	0	17973	160381	106275	21434	0	507854	427560	35099	421460	323019	4652628	9665532	0	0	0	0	0	0	0	0	0	0
FFQ	2	0	0	97753	0	423	0	17	275	3617	1372	2387	5808	7223	3208	7818	10589	7554	17788	20916	14839	23053	30773	36512	64860	75753	128414	84033	581524	1381152	1238434	1086608	1994740	2905934	3749139	3052524	0	0	0	0	0	0	0
FFQ	3	0	554	107529	13902	24497	4809	8700	4177	14707	11231	10587	12093	14934	11527	14067	21009	18881	24997	45071	41837	51667	62263	58235	137320	89199	125301	263267	394427	1469904	1456805	1301785	1092528	1818329	3289054	2758497	1861350	0	0	0	0	0	0
FFQ	4	0	0	107327	7481	18658	8300	8503	6120	5728	8155	14998	13626	14061	14590	18969	19578	20389	29789	44659	51893	41748	43420	91325	110754	130604	120612	130691	408268	534952	1181485	1336103	1337871	1469311	1496979	4014086	2451933	1322074	0	0	0	0	0
FFQ	5	0	0	109167	27	505	0	0	705	3655	2641	4512	4666	5129	4713	9831	8075	20950	14522	19693	14340	29238	44904	39872	49340	68230	94788	103363	171352	827527	1211721	2163662	1078776	883904	2836415	4191072	2617745	0	0	0	0	0	0
FFQ	6	0	8951	166176	16687	16425	16877	22338	19878	19200	13250	26188	15708	26072	18762	27704	7859	3876	13453	19942	34424	28469	26724	28749	63106	56857	98368	132737	100978	240956	1280358	1348264	1247670	1146849	1711136	3414347	2785897	2429805	0	0	0	0	0
FFQ	7	0	0	118764	40	1016	4472	1689	3610	3962	3479	4892	3462	12354	7683	15436	9468	16349	25157	24960	21243	45048	36901	46011	63863	87829	82574	129041	125573	307900	1320478	1401234	1446197	1135917	1660165	4059155	2272592	2136526	0	0	0	0	0
FFQ	8	0	0	121652	34	308	0	25	1226	3391	3183	4595	3913	4543	5797	4606	10941	10286	16139	10797	27044	18251	45051	35178	43273	42593	105147	107874	152834	119112	1214235	1485001	1596169	836035	2080252	3411182	3018333	2096040	0	0	0	0	0
FFQ	9	0	0	125207	45	3430	2749	2213	4189	4933	2579	4706	8974	9531	11756	13744	14319	14802	24183	25416	29222	31247	49448	42254	39060	71023	113698	132870	98465	218202	1269762	1547460	1298594	1148666	1624806	3590561	2797587	2259339	0	0	0	0	0
FFQ	10	0	0	131247	29	349	584	2691	1991	3954	5291	1891	5037	5751	6602	11687	16114	11149	13658	23771	35523	31694	33079	38893	53716	74277	88006	124693	102175	155986	812140	1215675	1978822	1177232	970137	3002525	3924342	2574329	0	0	0	0	0
FFQ	11	0	0	142814	27	270	620	2654	791	2381	5196	3547	1701	4790	11176	5337	10635	7448	16101	20990	18220	18234	29054	26927	45293	38384	86753	106535	88471	133438	520117	1180025	2363699	1012487	921728	4090875	3200645	2517677	0	0	0	0	0
FFQ	12	0	14178	192581	26538	31042	35474	13616	12796	14689	30211	20969	24526	29459	7310	5211	12733	19417	18122	27399	21730	25601	32660	56256	67745	111445	127508	109178	253370	363496	782027	1763814	1262100	1322549	549206	4108271	2915243	2226570	0	0	0	0	0
FFQ	13	0	0	151497	1034	3488	1500	2608	2754	4239	6355	3049	7232	12469	9906	9047	12620	23022	15672	16461	23056	29009	34640	41343	35841	60066	79004	140937	73555	223930	612705	1360117	2115292	622935	1617837	2654990	4171169	2455661	0	0	0	0	0
FFQ	14	0	0	160931	6707	7924	6103	6774	8294	10135	14462	10890	15205	22150	8264	24812	28988	19470	26451	19390	30985	39249	36989	81852	60393	122691	118735	140474	163453	277298	887296	1184463	1821208	763544	1644424	2871050	3813710	2180276	0	0	0	0	0
FFQ	15	0	0	163709	22	249	759	937	4713	3959	2356	2240	4437	4813	7719	12296	7391	9609	16930	8524	29239	31317	30188	35231	36497	60302	118078	125576	106544	276019	427503	1547500	1434106	1474862	1272041	1932480	3690384	3241332	515178	0	0	0	0
FFQ	16	0	52222	271902	36692	29580	16187	21803	38330	35131	42011	18784	15328	11216	15997	14031	38230	50647	24291	39099	63188	104265	180263	149328	155456	95398	410260	359192	436921	453658	1127326	1208443	1593394	1114291	1560021	2803951	2299231	1748973	0	0	0	0	0
FFQ	17	0	15248	250890	27836	35341	23098	25885	9107	23542	23047	21949	23998	38087	4384	11591	11885	17471	31841	46756	43277	56250	65016	85328	131623	113654	211380	197510	274979	529635	762292	1028420	1265124	1596976	1339524	1916661	3699349	2676086	0	0	0	0	0
FFQ	18	0	0	189960	11	228	294	1751	3642	4854	5205	1860	4139	4990	10517	7466	11785	8632	20031	14622	20960	35637	26695	35881	48137	57109	97558	126536	112873	143728	475990	1222586	1622155	1550929	1215701	1647991	4225498	3189861	489228	0	0	0	0
FFQ	19	0	0	197700	2849	6357	4971	9072	5299	5728	6941	15532	9441	11456	12201	30684	12107	20808	30209	17212	53979	48171	68914	43113	108417	119497	166625	167969	233399	317611	555555	1346443	1320368	1453073	1310983	1906678	3356810	3172041	486827	0	0	0	0
FFQ	20	0	0	209744	13	253	417	844	3882	5232	5279	2077	3673	5189	12269	9388	11591	11578	12352	19769	27120	20120	36753	47925	31332	46198	95558	161827	183205	118442	323265	1497903	1637430	1316573	1487919	1613286	4104824	3087494	484316	0	0	0	0
FFQ	21	0	11210	263611	9404	19653	13036	16351	25357	14364	17326	23780	16416	39229	43698	21229	18256	21807	62409	84913	47578	111614	150155	212845	213600	211968	611169	589462	451619	560148	1382604	1453369	1347624	1100532	1642107	2983602	1754241	1088754	0	0	0	0	0
FFQ	22	0	0	241412	10	617	1097	3412	4694	5281	1750	3757	2697	4425	12561	10546	11111	11931	8754	19904	29109	33333	27463	39996	53913	80495	85956	126883	200295	122309	341321	1350191	1567000	1660045	1067310	2022161	3609341	3241096	632864	0	0	0	0
FFQ	23	0	26188	316068	30083	41223	24871	26041	19256	25461	23855	28388	40321	21684	11681	15881	12800	10972	26060	15605	65317	35962	74708	50518	91608	143993	214314	187869	217258	328792	626135	1267715	1164908	1824149	1043652	1781298	3034848	3154537	611021	0	0	0	0
FFQ	24	0	0	263001	21	988	2684	5432	5867	3700	2431	4516	3558	7550	17913	10682	7760	11540	15095	24221	32156	34482	44863	25099	54652	80944	114084	158168	153948	192869	423638	1332442	1637639	1587213	1108027	2050991	3515823	2045170	1655873	0	0	0	0
FFQ	25	0	0	283533	1666	4292	4606	6791	5985	4017	3859	4499	5401	12940	18023	5550	10669	14470	17234	31409	37839	15779	28658	43425	58004	108598	63406	140453	167962	198305	291298	1401912	1682037	1260388	1504669	1911310	2988724	2639119	1658210	0	0	0	0
FFQ	26	0	0	324187	10	1715	4519	5465	6956	3057	5125	2374	5968	10815	12218	10200	8057	14449	21595	17245	26632	22441	27576	48019	52665	73221	62974	107256	148860	185412	292445	1246633	1507272	1586207	1387861	2010833	3701050	2207546	1486182	0	0	0	0
FFQ	27	0	0	335042	13	1533	4824	5935	7915	3042	4808	5792	6350	15136	10468	8212	10432	17079	23266	17605	34683	22084	30164	60221	47547	81254	73920	129156	222604	149248	316217	1273785	1540271	1677413	990410	2179684	3665586	2376504	1286837	0	0	0	0
FFQ	28	0	90	354389	10962	9639	11190	9861	6373	13355	16335	19788	14574	20048	20152	12665	24466	47301	34692	34939	16170	37705	47642	99684	88916	103955	137281	181994	267986	280251	426057	1156274	1496901	1566131	1035041	2005113	3461389	2301004	1264727	0	0	0	0
FFQ	29	0	0	369957	52	1336	3870	7714	5966	3826	4646	5398	5038	14270	14844	9915	5977	16226	15823	24686	43841	23916	34162	34192	55126	103603	54957	165530	186751	173005	337294	1224639	1689195	1524800	1444943	1650257	3260958	2376235	1742092	0	0	0	0
FFQ	30	0	0	404061	44	947	4301	6420	7746	2490	5766	4020	5175	12127	19181	6802	11825	11512	16292	32924	30634	33876	42852	43251	46052	115798	67682	142329	196547	185369	422682	1179103	1821890	1512242	1055463	2196131	3635521	1896467	1459518	0	0	0	0
FFQ	31	0	0	481278	978	2990	4163	5949	7842	3167	6126	6997	11020	14794	10071	6376	16590	20912	18938	25095	18451	32249	47686	40651	54827	58367	71615	147320	101209	226473	343946	1298508	1598247	1654707	1033904	2499666	3330984	2429917	1003027	0	0	0	0
FFQ	32	0	1712	506940	7748	6326	8043	5821	6444	13962	12996	14336	14384	17394	17152	18327	36354	25806	35485	22879	32947	29858	91017	28750	99318	128075	150863	206076	232599	394044	480670	1320212	1483963	1775680	1243734	1900765	3463469	2641881	159010	0	0	0	0
FFQ	33	0	17053	546918	12556	14268	12368	15901	22010	21241	15642	16699	18654	28378	57875	22366	20190	18561	34832	64634	49969	80605	104170	209267	187268	238267	330027	296110	607006	896639	908788	1353124	1761848	1074809	1456214	2667649	2076148	1376986	0	0	0	0	0
FFQ	34	0	0	548677	146	1293	4189	6952	4250	4131	3298	5058	9927	16213	5719	8078	9338	19048	16241	45509	26243	27390	38540	27643	91697	90497	134364	177181	151906	289406	841177	1882474	1676522	1315242	1737392	3186902	2359257	1873140	0	0	0	0	0
FFQ	35	0	0	586793	172	383	2030	4402	2285	1947	2243	3697	7697	13031	7522	3519	15891	13450	28295	36707	23917	31997	30897	57123	123554	54999	164124	222824	245429	677694	1972964	1631051	1398618	1515417	3280533	2633944	1839891	0	0	0	0	0	0
FFQ	36	0	0	655871	0	0	0	0	0	0	713	4907	3453	9295	6550	18902	18260	29811	16916	37588	47576	83313	71967	41515	98620	135440	289089	280931	722031	1640669	2002928	1292285	1023082	3128216	3022770	1952342	0	0	0	0	0	0	0
FFQ	37	0	0	0	0	0	0	0	0	0	0	0	0	0	0	0	0	0	0	0	0	0	0	0	0	0	0	0	0	0	0	0	0	0	0	0	0	0	0	0	0	0	0
# Last Fragment Qualitites. Use `grep ^LFQ | cut -f 2-` to extract this part.
# Columns correspond to qualities and rows to cycles. First column is the cycle number.
LFQ	1	0	0	0	0	0	0	0	0	0	0	0	0	0	0	0	0	0	0	0	0	0	0	0	0	0	0	0	0	0	0	0	0	0	0	0	0	0	0	0	0	0	0
LFQ	2	0	0	0	0	0	0	0	0	0	0	0	0	0	0	0	0	0	0	0	0	0	0	0	0	0	0	0	0	0	0	0	0	0	0	0	0	0	0	0	0	0	0
LFQ	3	0	0	0	0	0	0	0	0	0	0	0	0	0	0	0	0	0	0	0	0	0	0	0	0	0	0	0	0	0	0	0	0	0	0	0	0	0	0	0	0	0	0
LFQ	4	0	0	0	0	0	0	0	0	0	0	0	0	0	0	0	0	0	0	0	0	0	0	0	0	0	0	0	0	0	0	0	0	0	0	0	0	0	0	0	0	0	0
LFQ	5	0	0	0	0	0	0	0	0	0	0	0	0	0	0	0	0	0	0	0	0	0	0	0	0	0	0	0	0	0	0	0	0	0	0	0	0	0	0	0	0	0	0
LFQ	6	0	0	0	0	0	0	0	0	0	0	0	0	0	0	0	0	0	0	0	0	0	0	0	0	0	0	0	0	0	0	0	0	0	0	0	0	0	0	0	0	0	0
LFQ	7	0	0	0	0	0	0	0	0	0	0	0	0	0	0	0	0	0	0	0	0	0	0	0	0	0	0	0	0	0	0	0	0	0	0	0	0	0	0	0	0	0	0
LFQ	8	0	0	0	0	0	0	0	0	0	0	0	0	0	0	0	0	0	0	0	0	0	0	0	0	0	0	0	0	0	0	0	0	0	0	0	0	0	0	0	0	0	0
LFQ	9	0	0	0	0	0	0	0	0	0	0	0	0	0	0	0	0	0	0	0	0	0	0	0	0	0	0	0	0	0	0	0	0	0	0	0	0	0	0	0	0	0	0
LFQ	10	0	0	0	0	0	0	0	0	0	0	0	0	0	0	0	0	0	0	0	0	0	0	0	0	0	0	0	0	0	0	0	0	0	0	0	0	0	0	0	0	0	0
LFQ	11	0	0	0	0	0	0	0	0	0	0	0	0	0	0	0	0	0	0	0	0	0	0	0	0	0	0	0	0	0	0	0	0	0	0	0	0	0	0	0	0	0	0
LFQ	12	0	0	0	0	0	0	0	0	0	0	0	0	0	0	0	0	0	0	0	0	0	0	0	0	0	0	0	0	0	0	0	0	0	0	0	0	0	0	0	0	0	0
LFQ	13	0	0	0	0	0	0	0	0	0	0	0	0	0	0	0	0	0	0	0	0	0	0	0	0	0	0	0	0	0	0	0	0	0	0	0	0	0	0	0	0	0	0
LFQ	14	0	0	0	0	0	0	0	0	0	0	0	0	0	0	0	0	0	0	0	0	0	0	0	0	0	0	0	0	0	0	0	0	0	0	0	0	0	0	0	0	0	0
LFQ	15	0	0	0	0	0	0	0	0	0	0	0	0	0	0	0	0	0	0	0	0	0	0	0	0	0	0	0	0	0	0	0	0	0	0	0	0	0	0	0	0	0	0
LFQ	16	0	0	0	0	0	0	0	0	0	0	0	0	0	0	0	0	0	0	0	0	0	0	0	0	0	0	0	0	0	0	0	0	0	0	0	0	0	0	0	0	0	0
LFQ	17	0	0	0	0	0	0	0	0	0	0	0	0	0	0	0	0	0	0	0	0	0	0	0	0	0	0	0	0	0	0	0	0	0	0	0	0	0	0	0	0	0	0
LFQ	18	0	0	0	0	0	0	0	0	0	0	0	0	0	0	0	0	0	0	0	0	0	0	0	0	0	0	0	0	0	0	0	0	0	0	0	0	0	0	0	0	0	0
LFQ	19	0	0	0	0	0	0	0	0	0	0	0	0	0	0	0	0	0	0	0	0	0	0	0	0	0	0	0	0	0	0	0	0	0	0	0	0	0	0	0	0	0	0
LFQ	20	0	0	0	0	0	0	0	0	0	0	0	0	0	0	0	0	0	0	0	0	0	0	0	0	0	0	0	0	0	0	0	0	0	0	0	0	0	0	0	0	0	0
LFQ	21	0	0	0	0	0	0	0	0	0	0	0	0	0	0	0	0	0	0	0	0	0	0	0	0	0	0	0	0	0	0	0	0	0	0	0	0	0	0	0	0	0	0
LFQ	22	0	0	0	0	0	0	0	0	0	0	0	0	0	0	0	0	0	0	0	0	0	0	0	0	0	0	0	0	0	0	0	0	0	0	0	0	0	0	0	0	0	0
LFQ	23	0	0	0	0	0	0	0	0	0	0	0	0	0	0	0	0	0	0	0	0	0	0	0	0	0	0	0	0	0	0	0	0	0	0	0	0	0	0	0	0	0	0
LFQ	24	0	0	0	0	0	0	0	0	0	0	0	0	0	0	0	0	0	0	0	0	0	0	0	0	0	0	0	0	0	0	0	0	0	0	0	0	0	0	0	0	0	0
LFQ	25	0	0	0	0	0	0	0	0	0	0	0	0	0	0	0	0	0	0	0	0	0	0	0	0	0	0	0	0	0	0	0	0	0	0	0	0	0	0	0	0	0	0
LFQ	26	0	0	0	0	0	0	0	0	0	0	0	0	0	0	0	0	0	0	0	0	0	0	0	0	0	0	0	0	0	0	0	0	0	0	0	0	0	0	0	0	0	0
LFQ	27	0	0	0	0	0	0	0	0	0	0	0	0	0	0	0	0	0	0	0	0	0	0	0	0	0	0	0	0	0	0	0	0	0	0	0	0	0	0	0	0	0	0
LFQ	28	0	0	0	0	0	0	0	0	0	0	0	0	0	0	0	0	0	0	0	0	0	0	0	0	0	0	0	0	0	0	0	0	0	0	0	0	0	0	0	0	0	0
LFQ	29	0	0	0	0	0	0	0	0	0	0	0	0	0	0	0	0	0	0	0	0	0	0	0	0	0	0	0	0	0	0	0	0	0	0	0	0	0	0	0	0	0	0
LFQ	30	0	0	0	0	0	0	0	0	0	0	0	0	0	0	0	0	0	0	0	0	0	0	0	0	0	0	0	0	0	0	0	0	0	0	0	0	0	0	0	0	0	0
LFQ	31	0	0	0	0	0	0	0	0	0	0	0	0	0	0	0	0	0	0	0	0	0	0	0	0	0	0	0	0	0	0	0	0	0	0	0	0	0	0	0	0	0	0
LFQ	32	0	0	0	0	0	0	0	0	0	0	0	0	0	0	0	0	0	0	0	0	0	0	0	0	0	0	0	0	0	0	0	0	0	0	0	0	0	0	0	0	0	0
LFQ	33	0	0	0	0	0	0	0	0	0	0	0	0	0	0	0	0	0	0	0	0	0	0	0	0	0	0	0	0	0	0	0	0	0	0	0	0	0	0	0	0	0	0
LFQ	34	0	0	0	0	0	0	0	0	0	0	0	0	0	0	0	0	0	0	0	0	0	0	0	0	0	0	0	0	0	0	0	0	0	0	0	0	0	0	0	0	0	0
LFQ	35	0	0	0	0	0	0	0	0	0	0	0	0	0	0	0	0	0	0	0	0	0	0	0	0	0	0	0	0	0	0	0	0	0	0	0	0	0	0	0	0	0	0
LFQ	36	0	0	0	0	0	0	0	0	0	0	0	0	0	0	0	0	0	0	0	0	0	0	0	0	0	0	0	0	0	0	0	0	0	0	0	0	0	0	0	0	0	0
LFQ	37	0	0	0	0	0	0	0	0	0	0	0	0	0	0	0	0	0	0	0	0	0	0	0	0	0	0	0	0	0	0	0	0	0	0	0	0	0	0	0	0	0	0
# GC Content of first fragments. Use `grep ^GCF | cut -f 2-` to extract this part.
GCF	1.26	25798
GCF	4.02	7631
GCF	6.78	5017
GCF	9.55	7744
GCF	12.31	17843
GCF	15.08	39840
GCF	17.84	81841
GCF	20.60	151902
GCF	23.37	253609
GCF	26.13	392224
GCF	28.89	558735
GCF	31.66	747402
GCF	34.42	934191
GCF	37.19	1090695
GCF	39.95	1196023
GCF	42.71	1230856
GCF	45.48	1227389
GCF	48.24	1243822
GCF	51.26	1260616
GCF	54.02	1160762
GCF	56.78	1057452
GCF	59.55	948987
GCF	62.31	790720
GCF	65.08	620820
GCF	67.84	471141
GCF	70.60	352244
GCF	73.37	259631
GCF	76.13	186124
GCF	78.89	129875
GCF	81.66	86001
GCF	84.42	51970
GCF	87.19	27019
GCF	89.95	11936
GCF	92.71	4436
GCF	95.48	1480
GCF	98.49	566
# GC Content of last fragments. Use `grep ^GCL | cut -f 2-` to extract this part.
# ACGT content per cycle. Use `grep ^GCC | cut -f 2-` to extract this part. The columns are: cycle; A,C,G,T base counts as a percentage of all A/C/G/T bases [%]; and N and O counts as a percentage of all A/C/G/T bases [%]
GCC	1	24.16	26.23	26.93	22.68	0.02	0.00
GCC	2	27.96	22.85	23.04	26.14	0.00	0.00
GCC	3	26.81	22.47	22.57	28.15	0.00	0.00
GCC	4	26.27	23.99	23.54	26.20	0.00	0.00
GCC	5	26.87	22.62	23.90	26.61	0.00	0.00
GCC	6	26.32	23.49	24.36	25.83	0.12	0.00
GCC	7	27.52	22.96	23.01	26.51	0.01	0.00
GCC	8	27.36	23.17	22.97	26.50	0.00	0.00
GCC	9	26.19	23.33	24.08	26.40	0.00	0.00
GCC	10	27.11	23.45	23.45	26.00	0.00	0.00
GCC	11	26.45	23.38	23.76	26.40	0.00	0.00
GCC	12	26.43	23.96	23.29	26.32	0.05	0.00
GCC	13	26.45	23.39	23.13	27.02	0.00	0.00
GCC	14	26.45	23.90	23.10	26.56	0.00	0.00
GCC	15	26.47	23.43	23.68	26.42	0.00	0.00
GCC	16	26.53	23.30	23.21	26.96	0.13	0.00
GCC	17	27.15	23.30	23.00	26.55	0.07	0.00
GCC	18	26.66	23.25	23.11	26.98	0.00	0.00
GCC	19	26.45	23.36	23.77	26.42	0.00	0.00
GCC	20	26.36	24.06	23.37	26.21	0.00	0.00
GCC	21	26.47	24.20	23.08	26.25	0.07	0.00
GCC	22	26.50	23.48	23.70	26.32	0.00	0.00
GCC	23	26.59	23.32	23.17	26.92	0.01	0.00
GCC	24	26.47	23.88	23.08	26.56	0.01	0.00
GCC	25	26.52	23.51	23.10	26.88	0.00	0.00
GCC	26	26.54	23.34	23.08	27.05	0.00	0.00
GCC	27	26.51	23.89	23.11	26.49	0.00	0.00
GCC	28	26.46	23.55	23.22	26.77	0.01	0.00
GCC	29	26.44	23.41	23.81	26.34	0.01	0.00
GCC	30	26.42	24.01	23.42	26.14	0.01	0.00
GCC	31	26.47	23.53	23.21	26.78	0.01	0.00
GCC	32	26.59	23.26	23.16	26.99	0.01	0.00
GCC	33	26.85	23.33	23.45	26.37	0.04	0.00
GCC	34	26.93	23.23	23.64	26.19	0.05	0.00
GCC	35	27.19	23.28	23.30	26.23	0.02	0.00
GCC	36	26.97	23.34	23.18	26.51	0.03	0.00
# Insert sizes. Use `grep ^IS | cut -f 2-` to extract this part. The columns are: insert size, pairs total, inward oriented pairs, outward oriented pairs, other pairs
# Read lengths. Use `grep ^RL | cut -f 2-` to extract this part. The columns are: read length, count
RL	36	16635040
# Indel distribution. Use `grep ^ID | cut -f 2-` to extract this part. The columns are: length, number of insertions, number of deletions
# Indels per cycle. Use `grep ^IC | cut -f 2-` to extract this part. The columns are: cycle, number of insertions (fwd), .. (rev) , number of deletions (fwd), .. (rev)
# Coverage distribution. Use `grep ^COV | cut -f 2-` to extract this part.
COV	[1-1]	1	224921215
COV	[2-2]	2	25275491
COV	[3-3]	3	6986706
COV	[4-4]	4	3733709
COV	[5-5]	5	2520255
COV	[6-6]	6	1883189
COV	[7-7]	7	1481967
COV	[8-8]	8	1209913
COV	[9-9]	9	1004227
COV	[10-10]	10	855472
COV	[11-11]	11	732905
COV	[12-12]	12	633793
COV	[13-13]	13	553389
COV	[14-14]	14	481524
COV	[15-15]	15	413731
COV	[16-16]	16	354472
COV	[17-17]	17	300739
COV	[18-18]	18	250644
COV	[19-19]	19	205422
COV	[20-20]	20	163924
COV	[21-21]	21	128723
COV	[22-22]	22	99805
COV	[23-23]	23	74726
COV	[24-24]	24	55255
COV	[25-25]	25	39929
COV	[26-26]	26	27924
COV	[27-27]	27	19127
COV	[28-28]	28	13183
COV	[29-29]	29	8552
COV	[30-30]	30	5596
COV	[31-31]	31	3744
COV	[32-32]	32	2566
COV	[33-33]	33	1763
COV	[34-34]	34	1225
COV	[35-35]	35	891
COV	[36-36]	36	725
COV	[37-37]	37	586
COV	[38-38]	38	512
COV	[39-39]	39	461
COV	[40-40]	40	388
COV	[41-41]	41	368
COV	[42-42]	42	282
COV	[43-43]	43	243
COV	[44-44]	44	229
COV	[45-45]	45	252
COV	[46-46]	46	225
COV	[47-47]	47	205
COV	[48-48]	48	149
COV	[49-49]	49	131
COV	[50-50]	50	126
COV	[51-51]	51	107
COV	[52-52]	52	129
COV	[53-53]	53	100
COV	[54-54]	54	87
COV	[55-55]	55	104
COV	[56-56]	56	79
COV	[57-57]	57	85
COV	[58-58]	58	60
COV	[59-59]	59	57
COV	[60-60]	60	50
COV	[61-61]	61	53
COV	[62-62]	62	41
COV	[63-63]	63	38
COV	[64-64]	64	49
COV	[65-65]	65	25
COV	[66-66]	66	21
COV	[67-67]	67	16
COV	[68-68]	68	15
COV	[69-69]	69	10
COV	[70-70]	70	11
COV	[71-71]	71	38
COV	[72-72]	72	3
# GC-depth. Use `grep ^GCD | cut -f 2-` to extract this part. The columns are: GC%, unique sequence percentiles, 10th, 25th, 50th, 75th and 90th depth percentile
GCD	0.0	0.001	0.000	0.000	0.000	0.000	0.000
GCD	8.0	0.002	0.002	0.002	0.002	0.002	0.002
GCD	14.0	0.003	0.002	0.002	0.002	0.002	0.002
GCD	17.0	0.006	0.002	0.002	0.002	0.002	0.004
GCD	19.0	0.009	0.002	0.002	0.002	0.002	0.005
GCD	21.0	0.010	0.005	0.005	0.005	0.005	0.005
GCD	22.0	0.012	0.002	0.002	0.002	0.004	0.004
GCD	23.0	0.014	0.009	0.009	0.009	0.553	0.553
GCD	24.0	0.016	0.004	0.004	0.005	0.009	0.009
GCD	25.0	0.025	0.002	0.002	0.002	0.005	0.005
GCD	26.0	0.032	0.004	0.004	0.004	0.020	0.020
GCD	27.0	0.041	0.007	0.009	0.014	0.036	0.038
GCD	28.0	0.079	0.002	0.004	0.016	0.036	0.050
GCD	29.0	0.136	0.007	0.018	0.032	0.043	0.050
GCD	30.0	0.302	0.023	0.032	0.041	0.050	0.063
GCD	31.0	0.733	0.018	0.032	0.043	0.054	0.063
GCD	32.0	1.667	0.029	0.040	0.049	0.059	0.070
GCD	33.0	3.447	0.031	0.040	0.050	0.063	0.076
GCD	34.0	6.535	0.032	0.041	0.052	0.065	0.079
GCD	35.0	11.002	0.034	0.045	0.056	0.070	0.086
GCD	36.0	16.993	0.036	0.047	0.058	0.074	0.094
GCD	37.0	24.104	0.036	0.049	0.061	0.079	0.103
GCD	38.0	32.284	0.038	0.049	0.065	0.085	0.112
GCD	39.0	40.258	0.040	0.052	0.068	0.092	0.124
GCD	40.0	48.020	0.040	0.054	0.074	0.099	0.135
GCD	41.0	55.367	0.041	0.058	0.079	0.110	0.153
GCD	42.0	61.879	0.041	0.059	0.085	0.119	0.167
GCD	43.0	67.622	0.045	0.065	0.092	0.130	0.184
GCD	44.0	72.442	0.045	0.067	0.099	0.142	0.214
GCD	45.0	76.535	0.050	0.070	0.106	0.155	0.239
GCD	46.0	79.959	0.050	0.074	0.115	0.173	0.275
GCD	47.0	82.996	0.052	0.077	0.122	0.182	0.306
GCD	48.0	85.539	0.052	0.079	0.130	0.200	0.358
GCD	49.0	87.815	0.056	0.085	0.139	0.218	0.436
GCD	50.0	89.770	0.052	0.083	0.139	0.234	0.538
GCD	51.0	91.448	0.058	0.086	0.151	0.261	0.652
GCD	52.0	92.902	0.058	0.090	0.155	0.274	0.743
GCD	53.0	94.198	0.058	0.090	0.158	0.304	0.846
GCD	54.0	95.315	0.061	0.094	0.169	0.360	1.165
GCD	55.0	96.299	0.065	0.099	0.176	0.410	1.152
GCD	56.0	97.097	0.056	0.092	0.175	0.441	1.406
GCD	57.0	97.812	0.065	0.099	0.185	0.542	1.418
GCD	58.0	98.376	0.056	0.088	0.180	0.641	1.625
GCD	59.0	98.795	0.067	0.106	0.216	0.733	1.669
GCD	60.0	99.126	0.063	0.095	0.256	0.880	1.726
GCD	61.0	99.394	0.052	0.095	0.266	0.952	1.917
GCD	62.0	99.573	0.063	0.101	0.292	0.805	1.807
GCD	63.0	99.723	0.058	0.097	0.266	1.062	2.705
GCD	64.0	99.820	0.016	0.088	0.313	0.947	1.838
GCD	65.0	99.895	0.072	0.126	0.504	1.235	2.657
GCD	66.0	99.934	0.063	0.108	0.371	1.195	2.378
GCD	67.0	99.964	0.002	0.090	0.232	1.001	2.102
GCD	68.0	99.977	0.004	0.094	0.857	1.618	2.603
GCD	69.0	99.988	0.002	0.002	0.115	1.309	2.610
GCD	70.0	99.992	0.011	0.011	0.261	1.125	1.768
GCD	71.0	99.993	0.148	0.148	0.148	0.148	0.148
GCD	72.0	99.994	0.002	0.002	0.002	0.002	0.002
GCD	73.0	99.996	0.029	0.029	0.029	0.457	0.457
GCD	74.0	99.996	0.004	0.004	0.004	0.004	0.004
GCD	75.0	99.998	0.002	0.002	0.002	0.002	0.002
GCD	76.0	99.999	0.644	0.644	0.644	0.644	0.644
GCD	81.0	99.999	0.002	0.002	0.002	0.002	0.002
GCD	86.0	100.000	0.002	0.002	0.002	0.002	0.002
