umi	raw_observations	raw_observations_with_errors	unique_observations	fraction_raw_observations	fraction_unique_observations
AAA	363487	363	216738	0.016333	0.01638
AAC	354936	421	211050	0.015949	0.01595
AAG	292283	352	174547	0.013133	0.013192
AAN	828	828	413	0.000037	0.000031
AAT	580360	1116	344327	0.026078	0.026023
ACA	144693	236	86872	0.006502	0.006566
ACC	385185	501	228699	0.017308	0.017284
ACG	331507	421	197295	0.014896	0.014911
ACN	620	620	310	0.000028	0.000023
ACT	333317	577	198350	0.014977	0.014991
AGA	336093	359	200288	0.015102	0.015137
AGC	139027	159	82895	0.006247	0.006265
AGG	206203	251	123299	0.009266	0.009319
AGN	431	431	215	0.000019	0.000016
AGT	282967	317	168420	0.012715	0.012729
ANA	598	598	299	0.000027	0.000023
ANC	732	732	366	0.000033	0.000028
ANG	691	691	345	0.000031	0.000026
ANT	1634	1634	817	0.000073	0.000062
ATA	529117	602	315890	0.023775	0.023874
ATC	320665	423	190434	0.014409	0.014392
ATG	447730	649	266067	0.020118	0.020108
ATN	925	925	462	0.000042	0.000035
ATT	472476	643	280505	0.02123	0.0212
CAA	233572	241	139643	0.010495	0.010554
CAC	232419	288	137873	0.010444	0.01042
CAG	150606	189	90076	0.006767	0.006808
CAN	427	427	213	0.000019	0.000016
CAT	345448	443	205219	0.015522	0.01551
CCA	213098	352	127677	0.009575	0.009649
CCC	501579	644	297753	0.022538	0.022503
CCG	478608	650	283709	0.021506	0.021442
CCN	995	995	495	0.000045	0.000037
CCT	550471	823	327239	0.024735	0.024732
CGA	213890	231	127796	0.009611	0.009658
CGC	97976	103	58665	0.004402	0.004434
CGG	169327	174	100843	0.007609	0.007621
CGN	633	633	316	0.000028	0.000024
CGT	363769	482	217380	0.016346	0.016429
CNA	366	366	183	0.000016	0.000014
CNC	584	584	291	0.000026	0.000022
CNG	599	599	299	0.000027	0.000023
CNT	894	894	447	0.00004	0.000034
CTA	289456	387	172155	0.013006	0.013011
CTC	343161	464	203989	0.01542	0.015417
CTG	467467	683	276381	0.021005	0.020888
CTN	717	717	358	0.000032	0.000027
CTT	433538	620	256923	0.019481	0.019417
GAA	288987	380	173143	0.012985	0.013086
GAC	356447	445	211733	0.016017	0.016002
GAG	297045	349	176707	0.013347	0.013355
GAN	880	880	440	0.00004	0.000033
GAT	442464	582	263312	0.019882	0.0199
GCA	193977	338	116155	0.008716	0.008779
GCC	329066	381	195302	0.014786	0.01476
GCG	243539	212	144686	0.010943	0.010935
GCN	691	691	345	0.000031	0.000026
GCT	367588	465	218914	0.016517	0.016545
GGA	306360	340	183393	0.013766	0.01386
GGC	232356	238	138667	0.010441	0.01048
GGG	315838	263	188159	0.014192	0.01422
GGN	1144	1144	571	0.000051	0.000043
GGT	436644	574	260022	0.01962	0.019652
GNA	730	730	364	0.000033	0.000028
GNC	979	979	489	0.000044	0.000037
GNG	1008	1008	504	0.000045	0.000038
GNT	2127	2127	1061	0.000096	0.00008
GTA	340266	525	203156	0.01529	0.015354
GTC	308144	370	182874	0.013846	0.013821
GTG	388624	466	230606	0.017462	0.017428
GTN	1002	1002	501	0.000045	0.000038
GTT	676881	1307	401169	0.030415	0.030319
NAA	958	958	479	0.000043	0.000036
NAC	926	926	463	0.000042	0.000035
NAG	778	778	388	0.000035	0.000029
NAT	1714	1714	856	0.000077	0.000065
NCA	826	826	413	0.000037	0.000031
NCC	1533	1533	766	0.000069	0.000058
NCG	1375	1375	687	0.000062	0.000052
NCT	1750	1750	874	0.000079	0.000066
NGA	922	922	461	0.000041	0.000035
NGC	516	516	258	0.000023	0.000019
NGG	1039	1039	518	0.000047	0.000039
NGT	1344	1344	672	0.00006	0.000051
NTA	2200	2200	1099	0.000099	0.000083
NTC	1612	1612	805	0.000072	0.000061
NTG	2732	2732	1364	0.000123	0.000103
NTT	2618	2618	1308	0.000118	0.000099
TAA	408839	604	244090	0.018371	0.018448
TAC	320058	425	190667	0.014381	0.01441
TAG	250988	428	149547	0.011278	0.011302
TAN	858	858	428	0.000039	0.000032
TAT	553535	1069	328280	0.024873	0.02481
TCA	294971	435	175361	0.013254	0.013253
TCC	401718	489	237415	0.018051	0.017943
TCG	287826	415	171228	0.012933	0.012941
TCN	708	708	354	0.000032	0.000027
TCT	457175	546	270964	0.020543	0.020479
TGA	553271	608	328484	0.024861	0.024826
TGC	169812	205	100407	0.00763	0.007588
TGG	288971	462	171696	0.012985	0.012976
TGN	824	824	411	0.000037	0.000031
TGT	486113	644	288073	0.021843	0.021772
TNA	688	688	344	0.000031	0.000026
TNC	516	516	258	0.000023	0.000019
TNG	542	542	271	0.000024	0.00002
TNT	861	861	430	0.000039	0.000032
TTA	414674	984	248743	0.018633	0.018799
TTC	273702	572	162261	0.012299	0.012263
TTG	395176	952	234183	0.017757	0.017699
TTN	760	760	379	0.000034	0.000029
TTT	520525	1284	308796	0.023389	0.023338
