1.49
1.517
1.582
1.605
1.635
1.675
1.713
1.731
1.783
1.777
1.801
1.801
1.816
1.835
1.862
1.885
1.892
1.938
1.953
1.962
1.99
2.009
1.997
2.025
2.032
2.035
2.061
2.069
2.092
2.114
2.135
2.127
2.149
2.175
2.213
2.23
2.238
2.264
2.292
2.298
2.331
2.353
2.383
2.41
2.436
2.47
2.501
2.534
2.564
2.609
2.642
2.679
2.711
2.749
2.77
2.79
2.6586587
2.6906908
2.7267268
2.7457457
2.7857857
2.8248248
2.841842
2.8848848
2.9369369
2.9789789
3.044044
3.062062
3.098098
3.1251252
3.166166
3.2172172
3.2682683
3.3113112
3.3473473
3.3813813
3.4324324
3.4784784
3.5255256
3.5685685
3.6296296
3.6796796
3.7177176
3.7627628
3.7847848
3.8268268
3.845846
3.8948948
3.937938
3.97998
4.033033
4.1021023
4.1341343
4.156156
4.179179
4.2012014
4.2104206
4.231463
4.239479
4.255511
4.115346
4.137412
4.115346
4.1454363
4.1594787
4.1654963
4.1765294
4.192578
4.209629
4.238716
4.238716
4.291876
4.34002
4.3711133
4.3911734
4.4152455
4.449348
4.446339
4.466399
4.5015044
4.5386934
4.559799
4.6221104
4.642211
4.6994977
4.7457285
4.751509
4.78169
4.794769
4.83501
4.8731117
4.912387
4.978852
5.007056
5.0292635
5.069627
5.097881
5.117172
5.128283
5.1698685
5.1769466
5.2103133
5.250758
5.2780585
5.290192
5.3023257
5.330637
5.366397
5.418016
5.4251013
5.459514
5.478745
5.4989877
5.5182185
5.5420465
5.5886526
5.6180344
5.64539
5.6717324
5.7051673
5.716312
5.7477202
5.8024316
5.816616
5.8328266
5.845998
5.87234
5.9067883
5.93617
5.992908
5.9959474
6.0212765
6.0567374
6.0699086
6.0861197
6.1266465
6.12462
6.1641335
6.1803446
6.155015
6.160081
6.1388044
6.154002
6.1509624
6.1570415
6.16616
6.195542
6.200608
6.1925025
6.1975684
6.1864233
6.1823707
6.2056737
6.211753
6.2178316
6.248227
6.253293
6.2259374
6.24924
6.265451
6.282675
6.2998986
6.3343463
6.3454914
6.3687944
6.3809524
6.379939
6.402229
6.4072948
6.414387
6.4224925
6.397163
6.390071
6.438703
6.4457955
6.4468083
6.443769
6.4630194
6.4711246
6.455927
6.4701114
6.496454
6.489362
6.5005064
6.502533
6.5592704
6.561297
6.569402
6.5876393
6.5572443
6.549139
6.530902
6.4984803
6.507599
6.5319147
6.5349545
6.52077
6.545086
6.546099
6.5288754
6.5369806
6.5288754
6.544073
6.530902
6.5471125
6.5410333
6.5552177
6.5653496
6.5602837
6.545086
6.569402
6.58156
6.614995
6.5846
6.6119556
6.609929
6.635258
6.6139817
6.6160083
6.64539
6.639311
6.5471125
6.5653496
6.5846
6.5653496
6.5876393
6.532928
6.5359674
6.5730224
6.5638947
6.5628805
6.5507097
6.5020285
6.5283976
6.504057
6.5060854
6.5091276
6.5081134
6.494929
6.495943
6.4766736
6.484787
6.4766736
6.473631
6.450304
6.4868155
6.4918866
6.495943
6.4918866
6.4817443
6.4665313
6.4837728
6.4918866
6.5091276
6.5081134
6.4817443
6.4929004
6.4817443
6.477688
6.5030427
6.5070996
6.4878297
6.484787
6.454361
6.4259634
6.433063
6.444219
6.470588
6.4574037
6.4492903
6.444219
6.4837728
6.4523325
6.464503
6.4462476
6.4219065
6.409736
6.4117646
6.4056797
6.4208927
6.3894525
6.403651
6.3651114
6.3509126
6.308316
6.296146
6.3093305
6.312373
6.322515
6.289047
6.3062882
6.3032455
6.2991886
6.2880325
6.259635
6.2880325
6.2944164
6.280203
6.2741117
6.26599
6.267005
6.290355
6.3005075
6.281218
6.2436547
6.261929
6.2426395
6.2243657
6.226396
6.257868
6.226396
6.213198
6.187817
6.174619
6.164467
6.1492386
6.143147
6.138071
6.1411166
6.1390862
6.1319795
6.1319795
6.1137056
6.1116753
6.128934
6.0761423
6.072081
6.0700507
6.0639596
6.051777
6.0467005
6.0680203
6.0761423
6.0903554
6.088325
6.088325
6.0609136
6.0467005
6.052792
6.0609136
6.051777
6.0375633
6.0101523
5.991878
5.990863
5.9796953
5.9959393
5.982741
5.9807105
5.985787
6.007107
5.969543
5.97868
5.964467
5.977665
5.971574
6.0121827
6.007107
6.0182743
5.991878
5.9979696
6.029442
6.027411
6.017259
6.0
5.970558
5.9583755
5.9401016
5.9086294
5.9299493
5.914721
5.883249
5.8791876
5.8730965
5.897462
5.870935
5.870935
5.870935
5.882114
5.856707
5.868902
5.854527
5.8453712
5.841302
5.8535094
5.8423195
5.82706
5.8118005
5.7700915
5.799593
5.7833166
5.798371
5.793279
5.8034625
5.802444
5.7769856
5.7769856
5.767821
5.784114
5.774949
5.732179
5.6955194
5.6605506
5.6381245
5.642202
5.619776
5.6156983
5.8287463
5.8154945
5.814475
5.8236494
5.834862
5.845056
5.8297653
5.8165135
5.8236494
5.809378
5.797146
5.775739
5.79001
5.8012233
5.8103976
5.812436
5.7604485
5.7675843
5.7675843
5.748216
5.759429
5.735984
5.7349644
5.745158
5.723751
5.7349644
5.711519
5.6738024
5.6717634
5.6962285
5.737003
5.7421
5.7104993
5.7410808
5.735984
5.7319064
5.7431192
5.7380223
5.7380223
5.7573905
5.753313
5.7410808
5.737003
5.687054
5.6795917
5.642857
5.6265306
5.615306
5.602041
5.6112247
5.6132655
5.605102
5.591837
5.572449
5.5510206
5.546939
5.5234694
5.5081635
5.4857144
5.47551
5.4938774
5.4836736
5.4520407
5.4357142
5.422449
5.412245
5.422449
5.4142857
5.4255104
5.4255104
5.4010205
5.3714285
5.3765306
5.3785715
5.355102
5.357143
5.396939
5.3632655
5.330612
5.3112245
5.2938776
5.2989798
5.2469387
5.2193875
5.2193875
5.203061
5.1755104
5.1683674
5.169388
5.15
5.12449
5.115306
5.0928574
5.1795917
5.1867347
5.1642857
5.1734695
5.189796
5.1755104
5.1571426
5.147959
5.1367345
5.131633
5.131633
5.102041
5.0765305
5.072449
5.0632653
5.0540814
5.039796
5.042857
5.0234694
5.003064
5.003064
5.006129
4.9765067
4.9785495
4.957099
4.92952
4.911134
4.9131765
4.92237
4.898876
4.870276
4.8294177
4.846626
4.859918
4.8773007
4.8742332
4.8517385
4.842375
4.839304
4.8382807
4.836233
4.8628454
4.8536334
4.832139
4.8137155
4.8075743
4.804303
4.8381147
4.8483605
4.8186474
4.8165984
4.807377
4.789959
4.7868853
4.772541
4.772541
4.7715163
4.759221
4.7909837
4.7940574
4.797131
4.7961063
4.7786884
4.767418
4.7715163
4.7930326
4.780738
4.759221
4.762051
4.751795
4.747692
4.7384615
4.748718
4.725128
4.7066665
4.69641
4.6786447
4.660843
4.64851
4.6443987
4.6248717
4.6135664
4.6135664
4.6043167
4.602261
4.6187053
4.614594
4.6043167
4.585817
4.599178
4.6043167
4.594039
4.6187053
4.609455
4.6043167
4.602261
4.589928
4.606372
4.6074
4.627955
4.6187053
4.5837617
4.5874486
4.564815
4.521605
4.5061727
4.5
4.479424
4.4917693
4.4814816
4.48251
4.520576
4.532922
4.5524693
4.5565844
4.524202
4.513903
4.5118437
4.5108137
4.500515
4.472165
4.4577317
4.4505153
4.443299
4.4329896
4.4319587
4.417526
4.3917527
4.3618555
4.353608
4.3226805
4.3092785
4.2907214
4.3082476
4.315464
4.3082476
4.3226805
4.316495
4.3247423
4.303093
4.2907214
4.2649484
4.2525773
4.2505155
4.2659793
4.25567
4.2731957
4.2247424
4.218557
4.2340207
4.2
4.183505
4.1804123
4.198969
4.2103095
4.214433
4.1917524
4.2051544
4.208247
4.208247
4.196907
4.1886597
4.219588
4.2386365
4.233471
4.2272725
4.2117767
4.178719
4.141529
4.1528926
4.1487603
4.157025
4.159091
4.166322
4.1869836
4.201446
4.230372
4.208678
4.198347
4.174587
4.1704545
4.144628
4.1167355
4.128099
4.121901
4.1136365
4.113754
4.114788
4.1199584
4.122027
4.124095
4.1261635
4.1023784
4.1189246
4.1116858
4.1178904
4.107549
4.1085835
4.113754
4.097208
4.1013446
4.123061
4.1334023
4.123061
4.131334
4.1437435
4.1209927
4.123061
4.124095
4.122027
4.0921326
4.0776396
4.074534
4.0662527
4.0434785
4.0238094
4.032091
4.016563
4.016563
4.0124226
4.013458
3.9979296
4.014493
3.9834368
4.001035
3.9855072
3.9979296
3.994824
4.022774
4.0155277
4.0082817
4.0238094
4.013458
3.979296
3.9699483
3.9626944
3.969917
3.969917
3.9667704
3.9511943
3.96054
3.9449637
3.9595015
3.9594173
3.9573362
3.9479709
3.9198751
3.9313216
3.9229968
3.9209156
3.9105098
3.905307
3.9146721
3.8907387
3.887617
3.8761706
3.8470345
3.8459938
3.8293445
3.830385
3.8251822
3.8189385
3.765869
3.7513008
3.7388136
3.742976
3.7565036
3.7648282
3.7887616
3.7741935
3.773153
3.7450573
3.742976
3.760666
3.7408948
3.7450573
3.7263267
3.7419355
3.746875
3.7364583
3.7260416
3.7239583
3.7489583
3.7604167
3.7583334
3.759375
3.75
3.740625
3.7302084
3.725
3.7260416
3.7208333
3.7041667
3.7
3.709375
3.709375
3.7083333
3.703125
3.7114584
3.7145834
3.70625
3.6979167
3.6927083
3.6895833
3.6903024
3.6976016
3.6986444
3.721585
3.6976016
3.687174
3.7028155
3.7101147
3.7139876
3.6972861
3.6938348
3.7011495
3.7136886
3.7126436
3.6948798
3.691745
3.6844306
3.6844306
3.6718912
3.6708465
3.6645768
3.7021945
3.722048
3.722048
3.7136886
3.7157786
3.6907
3.678161
3.679206
3.6865203
3.6729362
3.679206
3.691745
3.709509
3.7053292
3.7304075
3.724138
3.722048
3.710554
3.6844306
3.678161
3.6530826
3.6186
3.6102402
3.6394985
3.645768
3.6384535
3.662134
3.6474895
3.6516736
3.6495817
3.6485355
3.6589959
3.6443515
3.6391213
3.6359832
3.6422594
3.6359832
3.6548116
3.665272
3.6579497
3.6474895
3.6391213
3.633508
3.634172
3.6404612
3.6519916
3.6802936
3.6645703
3.6698112
3.68239
3.6781971
3.672956
3.672613
3.683106
3.6946485
3.6880252
3.692227
3.6712184
3.6439075
3.6691177
3.6712184
3.6407564
3.6267087
3.610936
3.6056783
3.5962145
3.6122234
3.6227608
3.601266
3.579114
3.5685654
3.549578
3.522152
3.5400844
3.53481
3.543249
3.53481
3.5274262
3.5390296
3.5232067
3.5316455
3.5242617
3.5179324
3.5379746
3.5369198
3.53481
3.5427666
3.5338266
3.538055
3.5549684
3.5465117
3.5401692
3.5248678
3.5227513
3.5037036
3.5137713
3.5074153
3.5
3.5148306
3.5132556
3.495228
3.4888654
3.47614
3.493107
3.4962885
3.493107
3.4962885
3.487805
3.4835632
3.5015907
3.47614
3.466596
3.454931
3.4564755
3.433121
3.418259
3.4140127
3.393843
3.393843
3.3895967
3.3980892
3.4118896
3.4076433
3.4002123
3.3991508
3.3789809
3.3673036
3.373673
3.381104
3.3704884
3.3751328
3.3946807
3.4085107
3.4117022
3.4138298
3.4
3.401064
3.3957446
3.387234
3.3861701
3.3957446
3.418085
3.4159575
3.4031916
3.3968086
3.397231
3.3940363
3.3865814
3.3833866
3.3844516
3.3908412
3.400426
3.3940363
3.3791268
3.372737
3.3620872
3.3642173
3.3631523
3.3769968
3.3652823
3.3631523
3.3546326
3.3535676
3.3695421
3.3791268
3.3897765
3.3833866
3.3769968
3.372737
3.3652823
3.3897765
3.397231
3.4057508
3.3791268
3.3940363
3.3844516
3.402556
3.424307
3.4328358
3.4364994
3.4172893
3.4322305
3.416222
3.4055495
3.398079
3.3778014
3.3916755
3.3927429
3.4044824
3.4268944
3.4461045
3.4429028
3.4813235
3.4861112
3.477564
3.4732907
3.5021367
3.503205
3.4615386
3.4487178
3.4229121
3.4229121
3.437299
3.4066525
3.3991416
3.3920515
3.3630505
3.3737917
3.3802364
3.367347
3.3641245
3.3813105
3.3741934
3.3731182
3.3903227
3.3946238
3.403226
3.416129
3.423656
3.4462366
3.4430108
3.451613
3.4526882
3.4387097
3.4419355
3.4564047
3.4655173
3.4806035
3.497845
3.4989223
3.4795258
3.4698277
3.4590516
3.4461207
3.4267242
3.4407327
3.4525862
3.4515085
3.4515085
3.4471984
3.4439654
3.4568965
3.463362
3.46875
3.4698277
3.466595
3.4735706
3.4584682
3.437365
3.4406047
3.4470842
3.4449244
3.4298055
3.4330454
3.4384449
3.4568036
3.4600432
3.4724324
3.4756756
3.4707792
3.4880953
3.5075758
3.512987
3.5248919
3.5151515
3.4989178
3.487013
3.491342
3.4967532
3.4967532
3.4772727
3.491342
3.5048754
3.5005417
3.496208
3.48104
3.460455
3.4517877
3.4539545
3.4279523
3.4225352
3.4257855
3.4355364
3.4377031
3.4420369
3.4479392
3.427332
3.4186552
3.4088938
3.394794
3.375271
3.3644252
3.356833
3.3517916
3.355049
3.3376765
3.3213897
3.3094463
3.3127036
3.3322475
3.3452768
3.3583062
3.369164
3.3680782
3.364821
3.359392
3.3474483
3.3496199
3.3528774
3.348534
3.378936
3.3804348
3.3934782
3.4141304
3.422198
3.42111
3.428727
3.451578
3.4472253
3.4444444
3.4215686
3.4030502
3.4084966
3.41939
3.4313726
3.423581
3.4170306
3.4093885
3.400655
3.4087431
3.4338799
3.420765
3.419672
3.4240437
3.4262295
3.4153006
3.4131148
3.417943
3.4118292
3.3848684
3.3870614
3.3859649
3.3809001
3.3765094
3.3644347
3.3644347
3.3589463
3.3714285
3.389011
3.3802197
3.3857143
3.3692307
3.3846154
3.3758242
3.376923
3.367033
3.3406594
3.332967
3.3351648
3.3234324
3.3061674
3.2885463
3.2852423
3.2822492
3.2833517
3.2811465
3.292172
3.292172
3.292172
3.292172
3.3009923
3.2958057
3.2671082
3.2836645
3.281457
3.3189845
3.3281767
3.320442
3.3038673
3.3513813
3.3513813
3.3595133
3.35177
3.3595133
3.3451328
3.3495576
3.3484514
3.3617256
3.3650444
3.3727877
3.3705752
3.3698783
3.373614
3.3691795
3.3895671
3.3951166
3.3962264
3.3884573
3.3933334
3.4055555
3.4011111
3.38
3.3844445
3.3855555
3.3977778
3.4209354
3.4209354
3.4053452
3.391982
3.4035676
3.3705356
3.377232
3.371652
3.356027
3.344866
3.3337054
3.3649554
3.360491
3.359375
3.3482144
3.359375
3.3549106
3.356027
3.3620112
3.3456376
3.3635347
3.352349
3.3400447
3.3359463
3.325868
3.3225083
3.3281076
3.3236282
3.3269877
3.330347
3.3415453
3.3393056
3.3471444
3.3497758
3.369955
3.3508968
3.3553813
3.3508968
3.3508968
3.3789237
3.368834
3.367713
3.3553813
3.3643498
3.368834
3.3789237
3.3934977
3.4069507
3.4478114
3.6655443
3.67789
3.7003367
3.691358
3.6966293
3.6921349
3.6797752
3.6820226
3.6865168
3.6977527
3.7292135
3.7235956
3.7067416
3.7022471
3.7314606
3.7213483
3.727784
3.7244093
3.753656
3.752531
3.76153
3.7367828
3.7480314
3.7592802
3.76153
3.7232845
3.7142856
3.7131608
3.727784
3.7165353
3.7165353
3.710911
3.712036
3.727784
3.6962879
3.6993244
3.712838
3.7252252
3.7200904
3.734763
3.7276835
3.7276835
3.742373
3.7525423
3.7627118
3.7389832
3.7265537
3.697175
3.717514
3.7050848
3.7028248
3.6892655
3.6824858
3.681356
3.7039547
3.7107344
3.7107344
3.7096045
3.7096045
3.7344632
3.722034
3.7163842
3.7502825
3.7435029
3.719774
3.6949153
3.7096045
3.70362
3.7126696
3.709276
3.7002263
3.7013574
3.7341628
3.7285068
3.7383919
3.7369614
3.7380953
3.7176871
3.7369614
3.7437642
3.740363
3.7437642
3.7414966
3.7448978
3.7743764
3.7879817
3.7834468
3.7675736
3.7741203
3.768445
3.7502837
3.7457435
3.7363636
3.7375
3.7204545
3.7
3.6829545
3.678409
3.6511364
3.6329546
3.6336746
3.615472
3.6252847
3.6385405
3.6168756
3.6419613
3.6385405
3.6294184
3.6305587
3.6294184
3.6031928
3.607306
3.6015983
3.605023
3.5742009
3.5897143
3.5755148
3.5800915
3.5594966
3.570938
3.5537758
3.54119
3.5503433
3.528604
3.5057209
3.5263157
3.4954233
3.5240273
3.5114417
3.5051546
3.5017183
3.5360825
3.5429554
3.5407577
3.5384614
3.5189438
3.499426
3.4856486
3.4936855
3.4867969
3.4931035
3.491954
3.479862
3.470046
3.496544
3.512673
3.5
3.5057604
3.4752018
3.452134
3.449827
3.4682815
3.4532871
3.4475203
3.3810623
3.3810623
3.3972287
3.3799076
3.3683603
3.3325634
3.3267899
3.322171
3.3379629
3.3418307
3.3383546
3.3522596
3.3302433
3.3290846
3.3198147
3.3105447
3.3105447
3.3186047
3.2860465
3.2767441
3.2790697
3.2744186
3.2813954
3.2910361
3.2689173
3.2549477
3.2677531
3.2724097
3.250291
3.2409778
3.2293365
3.2060535
3.21071
3.2293365
3.2235157
3.2223516
3.2048893
3.194412
3.1829836
3.1748252
3.191142
3.2144523
3.1853147
3.1666667
3.1550117
3.1480186
3.1317017
3.1317017
3.1095572
3.121212
3.1095572
3.0944057
3.095571
3.1050174
3.1143525
3.0956826
3.099183
3.075846
3.07243
3.1016355
3.0994153
3.2271662
3.2318501
3.2529273
3.2543962
3.2711267
3.2676055
3.245305
3.2312207
3.2816901
3.2805164
3.278169
3.2112677
3.1960094
3.1795774
3.180751
3.1619718
3.1349766
3.1244133
3.10446
3.0997653
3.0985916
2.991784
3.0093896
2.9988263
2.9906104
2.980047
2.9811985
2.9870741
2.9929495
2.985899
3.011751
3.0105758
3.0
3.011751
3.0364277
3.0282352
3.0082352
3.02
3.0188236
3.0388236
3.0506477
3.0376914
3.0353358
3.0353773
3.053066
3.0636792
3.071934
3.0589623
3.071934
3.0672169
3.0507076
3.0731995
3.064935
3.0851064
3.072104
3.0508275
3.0520093
3.0531914
3.0484633
3.0366864
3.0236685
3.035503
3.0272188
3.0319526
3.0308056
3.0130332
3.020142
3.021327
3.022512
3.0485783
3.0568721
3.0379148
3.035545
3.022512
3.0272512
3.0592418
3.0734596
3.0900474
3.0947866
3.0888627
3.0781991
3.0793839
3.092417
3.1007109
3.1126928
3.1043892
3.0960853
3.1103203
3.0996442
3.1150653
3.0877817
3.0725327
3.0535078
3.047619
3.0488095
3.0535715
3.0642858
3.0654762
3.052381
3.0357144
3.045238
3.0405245
3.033373
3.0131109
3.00716
2.9976134
2.9988053
2.9988053
3.0047789
3.023952
3.0143712
3.0191617
3.015569
3.0059881
3.0
3.0131896
3.022809
3.022809
3.027611
3.0240097
3.0264423
3.0276442
3.0252404
3.0276442
3.0252404
3.0300481
3.0168269
3.0300841
3.0180504
3.0120337
3.0072377
3.0193236
3.036232
3.0531402
3.0350666
3.0241838
3.032648
3.032648
3.0666666
3.0546117
3.0254855
3.0473301
3.0339806
3.0351942
3.0351942
3.0315535
3.0400486
3.0242717
3.0
2.997573
3.0012136
3.0085056
3.0145807
3.0109355
3.0097206
3.0340633
3.0450122
3.0523114
3.0486617
3.0425792
3.0450122
3.0207064
3.0109622
3.0280147
3.0377588
3.0219245
3.0097442
3.0170524
3.0256097
3.0109756
3.0
3.0
3.002439
3.0012195
2.9987805
2.9707317
2.9829268
2.9841464
2.9914634
3.0243902
3.0158536
3.0231707
3.0195122
3.0219781
3.034188
3.062271
3.0562348
3.0366747
3.0611248
3.084352
3.0709047
3.0623472
3.0672371
3.0855746
3.0831296
3.077017
3.0856793
3.0783353
3.0844553
3.0844553
3.0648715
3.0697675
3.0452876
3.0330477
3.004896
3.007344
3.0
2.997549
2.979141
2.9398773
2.9423313
2.9300613
2.9386504
2.969325
2.9656441
2.9435582
2.9705522
2.9533741
2.9447854
2.9251533
2.9300613
2.9066339
2.9140048
2.9054055
2.921376
2.9078624
2.9066339
2.9054055
2.8882065
2.8953202
2.892857
2.8866994
2.8793104
2.8608375
2.8706896
2.8731527
2.885468
2.8866994
2.892857
2.8816276
2.9136868
2.891492
2.8951912
2.9112208
2.9136868
2.9049382
2.8987653
2.9049382
2.8975308
2.881335
2.8763907
2.8601484
2.865099
2.8774753
2.8675742
2.8674102
2.8674102
2.8612144
2.8698885
2.842627
2.8389096
2.8606966
2.8606966
2.85199
2.8594527
2.9390547
2.9452736
2.9465175
2.9538653
2.9526184
2.9625936
2.970075
2.9613466
2.9638405
2.9588528
2.978803
2.9613466
2.9339151
2.9276807
2.9226933
2.913965
2.9002495
2.9014962
2.8852868
2.8927681
2.881546
2.8927681
2.8840399
2.8703241
2.8528678
2.842893
2.8566084
2.861596
2.8640897
2.861596
2.8541148
2.8478804
2.8304238
2.842893
2.835
2.8225
2.82875
2.81625
2.82125
2.815
2.8275
2.835
2.8275
2.81125
2.80375
2.79625
2.805
2.795
2.765
2.76875
2.765
2.7475
2.7634542
2.7822278
2.7909887
2.7809763
2.7884855
2.7784731
2.781955
2.774436
2.765664
2.7619047
2.765664
2.6804512
2.68797
2.6829574
2.6917293
2.7192984
2.7067668
2.7030075
2.7280703
2.7142856
2.709273
2.711418
2.706399
2.6896985
2.6972363
2.7022612
2.7085428
2.700629
2.719497
2.7031446
2.6981132
2.6926951
2.663728
2.6460958
2.7027707
2.688917
2.6687658
2.6460958
2.6544766
2.6401515
2.6401515
2.6628788
2.6717172
2.665404
2.6717172
2.6818182
2.6944444
2.7020202
2.7310605
2.7714646
2.7664142
2.7361112
2.7487373
2.7474747
2.750633
2.743038
2.743038
2.743038
2.7303798
2.7253165
2.7253165
2.7177215
2.735443
2.7329113
2.7303798
2.7392404
2.7481012
2.756962
2.764557
2.7810128
2.778481
2.7607596
2.7620254
2.7810128
2.7620254
2.7556963
2.7544303
2.765823
2.7835443
2.7911391
2.7845373
2.780735
2.8174906
2.8212929
2.8174906
2.8162231
2.8225603
2.842839
2.8377693
2.8453739
2.861675
2.857868
2.8526049
2.8894536
2.8831003
2.884224
2.8854961
2.8778627
2.8829517
2.9096692
2.8969467
2.8918576
2.8982189
2.913486
2.922293
2.9312103
2.9323978
2.929847
2.927296
2.9374201
2.925926
2.9233716
2.9208174
2.9182632
2.9220946
2.8976982
2.8887467
2.8913043
2.8913043
2.9373403
2.9565217
2.9373403
2.9450128
2.9398978
2.956466
2.9667094
2.950064
2.9833546
2.9859154
3.0076826
3.0038412
3.0282414
3.029525
3.0385108
3.0449295
3.0449295
3.0359435
3.0539153
3.0758355
3.080977
3.070694
3.0771208
3.074646
3.091377
3.0823681
3.1030927
3.0941935
3.0941935
3.0877419
