0
0
0
0
35
19
34
32
16
23
30
31
28
29
18
21
23
28
21
18
15
25
14
22
24
18
28
17
17
17
23
13
17
17
14
13
19
13
12
22
13
16
18
21
8
13
11
10
9
10
15
17
6
8
7
18
7
14
14
11
4
10
11
15
11
6
9
7
15
8
7
4
6
8
3
11
10
7
10
5
8
1
8
2
6
4
1
11
7
4
3
8
3
4
6
6
5
7
5
5
3
6
4
6
5
3
3
2
7
1
6
4
2
7
3
3
1
4
2
6
2
3
2
7
5
4
3
5
4
0
4
7
5
5
2
1
2
2
3
2
5
1
2
4
2
3
0
3
6
2
2
4
3
5
3
3
2
3
2
2
1
4
0
4
3
1
1
1
2
3
2
4
0
0
5
3
0
2
1
1
1
0
3
0
3
4
1
4
1
4
1
3
3
2
0
2
2
2
2
0
0
1
0
2
1
0
2
1
0
1
2
1
5
3
0
2
1
2
0
2
0
0
2
2
3
1
2
0
2
1
0
7
1
4
1
3
2
3
0
5
3
4
1
5
1
2
1
2
0
0
1
2
1
3
0
1
0
1
1
0
2
3
0
0
0
1
0
1
1
1
2
2
2
4
2
0
3
0
0
0
1
0
0
1
0
2
1
0
0
0
1
1
0
3
0
2
2
0
1
1
0
0
2
0
1
1
1
0
1
1
3
0
0
1
2
3
2
2
0
1
0
2
0
0
0
1
1
0
1
0
0
1
2
0
1
1
0
0
0
0
0
0
1
0
1
1
3
1
2
3
0
0
0
0
1
1
0
0
0
0
0
0
0
1
1
1
0
0
0
1
1
1
0
0
1
0
1
0
1
0
1
1
0
0
0
0
1
0
0
1
1
0
0
0
2
0
0
2
0
0
0
0
1
0
0
0
0
0
1
1
0
0
0
0
1
1
1
2
1
0
1
1
0
2
1
0
0
0
0
0
0
0
0
0
0
0
0
1
0
0
0
1
0
0
0
1
0
0
0
3
0
3
0
0
1
0
0
0
1
0
0
0
1
0
3
0
2
0
0
2
1
1
1
1
1
0
0
0
0
0
0
0
1
0
0
0
0
0
0
0
1
1
0
1
0
0
0
0
0
74
