8.995
9.018
9.079
9.08
9.064
9.092
9.115
9.102
9.135
9.137
9.134
9.177
9.205
9.189
9.194
9.202
9.218
9.225
9.241
9.255
9.275
9.266
9.296
9.32
9.293
9.285
9.26
9.247
9.277
9.339
9.34
9.339
9.321
9.329
9.346
9.347
9.348
9.36
9.39
9.41
9.43
9.468
9.509
9.518
9.55
9.543
9.557
9.558
9.528
9.592
9.621
9.659
9.66
9.693
9.685
9.724
9.716
9.774
9.794
9.873
9.925
9.972
9.971
10.005
10.043
10.043
10.113
10.152
10.184
10.202
10.251
10.287
10.285
10.301
10.271
10.305
10.302
10.32
10.347
10.36
10.258
10.3
10.339
10.395
10.408
10.473
10.496
10.484
10.531
10.524
10.599
10.627627
10.628629
10.695696
10.700701
10.692693
10.742743
10.752752
10.773774
10.773774
10.80981
10.813814
10.810811
10.857858
10.954955
10.801802
10.798799
10.790791
10.830831
10.830831
10.871872
10.890891
10.864865
10.852853
10.875875
10.873874
10.896897
10.894895
10.893894
10.871872
10.849699
10.8727455
10.868737
10.869609
10.732197
10.761284
10.760281
10.74323
10.739218
10.659638
10.657631
10.651607
10.668008
10.695171
10.708962
10.687815
10.711694
10.7026205
10.729566
10.730576
10.744702
10.819192
10.828282
10.823233
10.823233
10.797979
10.796969
10.810101
10.814141
10.684849
10.658586
10.633333
10.640404
10.611111
10.585858
10.587879
10.620202
10.5525255
10.5
10.453535
10.451515
10.439394
10.428283
10.435353
10.364647
10.190909
10.155556
10.143435
10.130303
10.181818
10.157576
10.132457
10.156724
10.161779
10.156724
10.123357
10.086957
10.07179
10.057634
10.036401
10.022244
10.064712
10.121335
10.12639
10.110212
10.184024
10.109201
10.121335
10.1435795
10.109201
10.149646
10.247725
10.231547
10.233569
10.182002
10.151669
10.146613
10.170879
10.159919
10.187247
10.187247
10.160932
10.148786
10.128543
10.115385
10.102226
10.114372
10.165992
10.208502
10.182371
10.198582
10.202634
10.236069
10.279635
10.280648
10.27789
10.287018
10.3377285
10.39148
10.38641
10.398581
10.403651
10.382353
10.385396
10.41075
10.438134
10.488844
10.492901
10.512171
10.536511
10.577665
10.543147
10.532995
10.537056
10.530965
10.596954
10.568528
10.538071
10.556345
10.527919
10.479188
10.485279
10.524873
10.537056
10.55533
10.554315
10.580284
10.632113
10.630081
10.645326
10.628049
10.635162
10.569106
10.502032
10.392277
10.390244
10.376017
10.354674
10.308943
10.320122
10.331637
10.338758
10.322482
10.371312
10.397762
10.397149
10.368635
10.405295
10.415479
10.447047
10.450102
10.416497
10.417515
10.429735
10.410387
10.443992
10.46945
10.464358
10.430173
10.525994
10.515306
10.495918
10.506123
10.513266
10.443877
10.483673
10.481632
10.566326
10.585291
10.577709
10.607362
10.565439
10.556237
10.657464
10.632548
10.635246
10.616803
10.623976
10.642418
10.623976
10.57582
10.555327
10.555327
10.544058
10.554872
10.561026
10.564682
10.540041
10.544239
10.512874
10.478888
10.432544
10.341915
10.352214
10.332301
10.320248
10.352637
10.341262
10.32058
10.36091
10.346433
10.323682
10.288521
10.301965
10.323682
10.310238
10.24819
10.086866
10.1057
10.068464
10.083074
10.143451
10.148648
10.155046
10.101977
10.104058
10.135276
10.163371
10.16025
10.134235
10.102083
10.023958
10.016684
10.080628
10.115425
10.10808
10.149003
10.241053
10.272439
10.266104
10.253432
10.255544
10.267442
10.286469
10.316402
10.349206
10.450793
10.438095
10.43644
10.443856
10.430998
10.40851
10.42705
10.454158
10.445629
10.475428
10.425669
10.429796
10.416935
10.4748125
10.465665
10.427341
10.453176
10.474649
10.489201
10.532397
10.504319
10.536717
10.509719
10.49676
10.327214
10.279697
10.286797
10.268398
10.233767
10.263272
10.281216
10.446254
10.387622
10.41939
10.408942
10.528898
10.523446
10.553981
10.659389
10.669214
10.668122
10.706332
10.723195
10.7724285
10.726477
10.734136
10.729967
10.7047205
10.77168
10.774973
10.778022
10.826182
10.820683
10.831683
10.845984
10.859978
10.850829
10.826135
10.811739
10.840355
10.860155
10.864594
10.866667
10.823334
10.803333
10.773942
10.781494
10.752233
10.762277
10.750838
10.739373
10.712528
10.770436
10.786277
10.777027
10.770011
10.735891
10.740951
10.711538
10.680996
10.674208
10.658371
10.626985
10.650794
10.6875
10.687144
10.686789
10.660592
10.67845
10.667809
10.667429
10.696796
10.65711
10.534404
10.536165
10.522388
10.602992
10.64672
10.64672
10.608746
10.621684
10.644676
10.649652
10.651972
10.674797
10.635307
10.656977
10.651515
10.528588
10.557759
10.533256
10.5367565
10.530922
10.523921
10.604434
10.614936
10.68655
10.697076
10.684211
10.677193
10.662368
10.678404
10.6244135
10.60282
10.607059
10.591284
10.586573
10.591981
10.603773
10.626919
10.647754
10.604733
10.592417
10.57109
10.567535
10.581258
10.589774
10.625
10.484524
10.460072
10.43385
10.450537
10.501797
10.495204
10.533013
10.5463295
10.573671
10.584039
10.605327
10.656175
10.642858
10.655758
10.667879
10.725395
10.705596
10.696712
10.682095
10.735366
10.748474
10.777778
10.861858
10.938875
10.930318
10.92665
10.963235
10.905637
10.921376
10.961776
10.969173
10.849382
10.841975
10.839308
10.845297
10.807931
10.80917
10.812887
10.8449135
10.81118
10.870485
10.855542
10.902864
10.889166
11.011208
10.973783
10.991261
10.986233
11.021276
11.0
10.987484
11.010025
11.0125475
10.967337
10.9246235
10.943397
10.957125
10.958333
10.95707
10.930555
10.931645
10.934093
10.916349
10.910012
10.991117
10.965736
10.969504
10.936387
10.965649
10.836943
10.849682
10.783163
10.743623
10.719388
10.696428
10.715561
10.696041
10.7164755
10.716666
10.739691
10.713549
10.67742
10.67871
10.72
10.741602
10.765847
10.75
10.753886
10.722798
10.6896105
10.6896105
10.703125
10.734375
10.752281
10.762712
10.7783575
10.771838
10.761408
10.771541
10.754569
10.786928
10.750327
10.732026
10.700262
10.66754
10.672775
10.65046
10.62812
10.65046
10.672799
10.693017
10.69697
10.707124
10.697889
10.692206
10.656085
10.628647
10.694961
10.659151
10.6679945
10.606667
10.568
10.578104
10.639893
10.613941
10.553763
10.560484
10.5746975
10.566038
10.439353
10.446693
10.4716215
10.447903
10.428958
10.410013
10.373478
10.377537
10.384511
10.365489
10.327446
10.346049
10.3297
10.373806
10.351978
10.3560705
10.34153
10.3529415
10.341997
10.246238
10.2739725
10.341564
10.3127575
10.203018
10.30674
10.285912
10.289073
10.300554
10.4375
10.4152775
10.383543
10.399442
10.254902
10.268908
10.252101
10.198033
10.245787
10.231742
10.217696
10.220506
10.19209
10.246459
10.215603
10.221591
10.174037
10.213467
10.220631
10.265804
10.28161
10.283046
10.278735
10.286743
10.300578
10.285094
10.24058
10.221739
10.175363
10.142029
10.136231
10.143686
10.148255
10.163028
10.2
10.172263
10.197081
10.232456
10.204978
10.217009
10.240469
10.286344
10.286344
10.267254
10.236765
10.270588
10.322059
10.328424
10.3446245
10.266568
10.256259
10.278761
10.32
10.295252
10.273402
10.275297
10.265276
10.23845
10.256717
10.264574
10.267964
10.252253
10.367867
10.280781
10.301802
10.343373
10.337858
10.280543
10.28852
10.334342
10.324243
10.365151
10.368182
10.385432
10.3763275
10.332322
10.355623
10.391172
10.414003
10.424658
10.390244
10.390506
10.383435
10.374233
10.390169
10.375
10.3549385
10.344136
10.352396
10.315301
10.306027
10.334365
10.23839
10.149068
10.177294
10.167963
10.1484375
10.1518
10.185244
10.145997
10.144427
10.142858
10.113208
10.08189
10.072441
10.108832
10.055205
10.072556
9.8864355
9.839117
9.807267
9.818038
9.832278
9.806962
9.824089
9.816165
9.806656
9.730159
9.8
9.8426075
9.789809
9.733652
9.738437
9.746411
9.78115
9.781701
9.776886
9.792937
9.799358
9.826366
9.803543
9.772581
9.76252
9.793215
9.789984
9.791599
9.830372
9.8691435
9.864297
9.890145
9.88835
9.881877
9.864078
9.834951
9.810372
9.996758
9.949757
9.907618
9.896273
9.880065
9.873377
9.82439
9.7252035
9.729642
9.698697
9.716613
9.722222
9.702615
9.696078
9.696078
9.725491
9.705882
9.70915
9.70098
9.707517
9.691803
9.704918
9.681967
9.690164
9.686371
9.696223
9.702791
9.743421
9.728171
9.721581
9.735973
9.724422
9.723967
9.768212
9.776119
9.774461
9.774461
9.820299
9.833611
9.810316
9.778702
9.712147
9.668897
9.686768
9.667786
9.657143
9.653782
9.636974
9.633614
9.636974
9.620168
9.620168
9.636364
9.658249
9.654882
9.690236
9.680135
9.713322
9.739865
9.747885
9.750848
9.735593
9.747029
9.75382
9.778912
9.772109
9.754684
9.759795
9.768313
9.761499
9.711604
9.769625
9.762798
9.803754
9.807167
9.77265
9.753846
9.750427
9.721368
9.716239
9.70548
9.642123
9.727273
9.747856
9.74055
9.742268
9.697595
9.675258
9.713058
9.748276
9.748276
9.72931
9.689119
9.692574
9.690311
9.683391
9.807959
9.960138
9.989601
9.984402
10.005199
9.968804
9.954939
9.963605
9.960138
10.008711
10.02972
10.050788
10.082312
10.071804
10.080561
10.112478
10.1019335
10.159929
10.158173
10.144366
10.20318
10.231858
10.182301
10.184071
10.219858
10.226951
10.198582
10.269504
10.25
10.260638
10.230496
10.232269
10.308511
10.306738
10.304964
10.280142
10.29078
10.248227
10.120567
10.129433
10.12234
10.133215
10.117229
10.153025
9.991087
9.957219
9.973262
9.9964285
9.989266
10.030412
10.023255
10.055555
10.0501795
10.089605
10.077061
10.028674
10.007169
10.037635
9.974911
10.035842
10.035907
10.016158
10.032316
10.091562
10.111511
10.093525
10.122302
10.120503
10.124101
10.142599
10.162455
10.1645565
10.189874
10.13587
10.108696
10.123188
10.164855
10.150362
10.157609
10.155797
10.157609
10.228675
10.269091
10.265454
10.229091
10.223637
10.2472725
10.262295
10.273723
10.271898
10.273723
10.266911
10.279708
10.2943325
10.301645
10.315019
10.271062
10.287546
10.300366
10.311356
10.335165
10.3027525
10.306422
10.3027525
10.363303
10.371324
10.4466915
10.516544
10.514706
10.641544
10.680147
10.6966915
10.738971
10.751839
10.801471
10.795956
10.805147
10.84375
10.788603
10.8033085
10.806985
10.814339
10.777574
10.794118
10.773897
10.788603
10.761029
10.7591915
10.808824
10.806985
10.792279
10.788603
10.755515
10.753676
10.766544
10.777574
10.797794
10.895221
10.867647
10.819853
9.823529
9.841911
9.849265
9.810661
9.814339
9.827206
9.847426
9.850829
9.839779
9.825046
9.848988
9.843462
9.832413
9.843173
9.806273
9.787823
9.787431
9.794825
9.796673
9.826247
9.857671
9.866913
9.920518
9.890943
9.842883
9.753704
9.7703705
9.746296
9.7
9.697588
9.721706
9.751391
9.768089
9.745826
9.768089
9.801484
9.903525
9.899815
9.910946
9.90538
9.961039
9.968402
9.973978
9.960966
9.962825
9.994413
10.026119
9.998135
9.873135
9.850746
9.858209
9.843284
9.876865
9.852612
9.852612
9.878732
9.869403
9.875
9.8675375
9.839552
9.835821
9.811567
9.779851
9.76306
9.779439
9.7570095
9.7570095
9.727103
9.753271
9.751402
9.773831
9.7570095
9.7490635
9.737827
9.7490635
9.737827
9.698502
9.687266
9.707317
9.690432
9.673546
9.67167
9.600375
9.598499
9.549719
9.590995
9.67167
9.667917
9.662289
9.559099
9.502814
9.444653
9.5197
9.574109
9.609756
9.63227
9.6641655
9.660413
9.692307
9.722326
9.737336
9.7467165
9.80827
9.791353
9.806391
9.81391
9.793233
9.815789
9.834586
9.827067
9.860377
9.832075
9.950943
9.969811
9.979245
10.001886
10.028302
10.05482
10.068182
10.018939
9.998106
9.99241
9.99241
9.979127
9.958254
9.931689
9.965844
9.933586
9.933586
9.971537
9.941176
9.897533
9.840608
9.812144
9.827325
9.80835
9.80835
9.817837
9.811787
9.815589
9.807984
9.8
9.790476
9.786667
11.245714
11.2590475
11.287619
11.288168
11.244741
11.187381
11.152964
11.1587
11.105163
11.066921
11.070745
11.051625
11.258126
11.291187
11.264368
11.259117
11.195777
11.236084
11.261037
11.261037
11.262042
11.281854
11.266409
11.247105
11.214286
11.169884
11.142858
11.140926
11.150579
11.204633
11.235521
11.212356
11.179537
11.166023
11.156371
11.162162
11.135135
11.11412
11.116055
11.07737
11.081395
11.056202
10.992249
11.0
10.98062
11.019455
10.96498
10.951362
10.931907
10.931907
10.918129
10.931774
10.91618
10.884991
10.888889
10.79922
10.709552
10.736842
10.717349
10.680312
10.643275
10.552734
10.536203
10.479452
10.466666
10.447059
10.427451
10.40196
10.356863
10.3450985
10.309804
10.290196
10.309804
10.3215685
10.358824
10.382353
10.403543
10.431952
10.520792
10.50693
10.495049
10.497029
10.520792
10.483169
10.526732
10.534654
10.528713
10.546535
10.568316
10.568316
10.582178
10.615079
10.6329365
10.613095
10.581349
10.543651
10.529762
10.535714
10.561508
10.561508
10.662699
10.702381
10.638889
10.6170635
10.607142
10.652778
10.6329365
10.7579365
10.767396
10.771372
10.797216
10.769383
10.717694
10.703777
10.713717
10.749503
10.7833
10.541833
10.513945
10.486055
10.464144
10.440239
10.447105
10.42515
10.43513
10.409182
10.407186
10.399201
10.42515
10.418
10.378
10.412826
10.416834
10.452906
10.446894
10.427711
10.407631
10.287148
10.293173
10.315261
10.321285
10.339357
10.335341
10.467872
10.439759
10.662651
10.688755
10.718309
10.690141
10.665996
10.682093
10.812878
10.8269615
10.808853
10.78672
10.77666
10.792338
10.80404
10.765656
10.737373
10.709091
10.709091
10.684211
10.692307
10.696356
10.680161
10.668016
10.680161
10.674089
10.69838
10.738867
10.7530365
10.738867
10.748988
10.769231
10.755061
10.718623
10.738867
10.833672
10.827586
10.819472
10.825558
10.793103
10.829615
11.042597
11.036511
11.095723
11.089613
11.103869
11.10998
11.1285715
11.132653
11.157143
11.161224
11.126789
11.126789
11.163599
11.139059
11.14724
11.149284
11.171779
11.13497
11.1227
11.173824
11.161554
11.321063
11.292434
11.288935
11.276639
11.3012295
11.260246
11.262295
11.301848
11.299794
11.279261
11.265432
11.267489
11.288066
11.320988
11.347736
11.376543
11.393004
11.407408
11.393004
11.401235
11.035051
11.047422
10.989691
10.960825
10.977273
10.958592
10.935818
10.935818
11.014523
11.002074
11.047916
11.072917
11.083333
11.148226
11.177453
11.17119
11.156576
11.179541
11.27975
11.215032
11.246861
11.209205
11.207113
11.230125
11.236402
11.299163
11.269875
11.248954
11.264151
11.327004
11.359408
11.346723
11.383474
11.381356
11.368644
11.370763
11.360169
11.399151
11.416136
11.425532
11.431915
11.455319
11.472341
11.574468
11.57234
11.580851
11.555319
11.489362
11.346808
11.385106
11.3
11.24468
11.240425
11.240938
11.221748
11.153518
11.149254
11.204691
11.21322
11.176972
11.181236
11.183369
11.189766
11.153518
11.123668
11.123668
11.11727
11.13646
11.191897
11.211087
11.215352
11.228145
11.230277
11.228633
11.24197
11.214132
11.203426
11.231263
11.192719
11.19486
11.205567
11.1862955
11.179872
11.218415
11.214132
11.190578
11.192719
11.201284
11.214592
11.223176
11.240343
11.263948
11.229613
11.188841
11.184549
11.180258
11.169528
11.154507
11.165236
11.165236
11.2897
11.293991
11.27897
11.291845
11.2897
11.257511
11.321888
11.350537
11.378494
11.378494
11.36129
11.376344
11.405172
11.474138
11.575431
11.5625
11.564655
11.586206
11.558189
11.495689
11.587473
11.650108
11.740821
11.714903
11.665227
11.658748
11.609072
11.604752
11.600432
11.580994
11.58658
11.61039
11.647186
11.642858
11.606061
11.761905
11.796536
11.874459
11.850649
11.8741865
11.872017
11.867679
11.780911
11.748373
11.789588
11.8
11.801743
11.749455
11.755991
11.734205
11.747276
11.749455
11.723311
11.746725
11.69214
11.681223
11.68559
11.657206
11.617904
11.59607
11.587337
11.580786
11.81838
11.787746
11.789934
11.833698
11.785088
11.839912
11.839912
11.809211
11.741228
11.751648
11.758242
11.713656
11.774835
11.772627
11.768212
11.781457
11.768212
11.770419
11.759382
11.769912
11.778761
11.803098
11.763274
11.76275
11.756098
11.738359
11.682927
11.742222
11.731112
11.575892
11.564733
11.526786
11.533483
11.466517
11.456376
11.467562
11.472035
11.434005
11.456376
11.485458
11.592841
11.615212
11.642058
11.642058
11.635346
11.583893
11.53915
11.550336
11.536913
11.494407
11.478747
11.46085
11.467562
11.434005
11.402684
11.369127
11.208054
11.268456
11.310962
11.268456
11.263982
11.284754
11.309417
11.309417
11.273542
11.331839
11.29148
11.2713
11.242152
11.274158
11.355056
11.379775
11.377528
11.379775
11.32809
11.328829
11.30474
11.329571
11.293454
11.257337
11.268623
11.306997
11.291197
10.995485
11.0293455
11.051919
11.063206
11.085973
11.0362
11.027149
11.042987
11.042987
11.020362
11.006787
11.042987
11.0181
11.0
11.00907
10.988662
10.879545
10.884091
10.818182
10.810934
10.79271
10.740319
10.771689
10.710046
10.728311
10.59589
10.591324
10.569794
10.540046
10.530892
10.5286045
10.491991
10.459954
10.477064
10.458715
10.470183
10.479358
10.419724
10.394495
10.373854
10.376146
10.392201
10.387614
10.387614
10.37844
10.30734
10.37156
10.373854
10.383027
10.362386
10.3027525
10.337156
10.323395
10.301149
10.303449
10.326437
10.354838
10.317972
10.308756
10.262672
10.259259
10.287703
10.296984
10.290023
10.308584
10.273782
10.266821
10.317017
10.326341
10.200466
10.1561775
10.160839
10.17757
10.18458
10.084112
10.06089
10.016394
10.014051
10.028103
10.0422535
10.049295
10.0422535
10.0446005
10.01878
10.058824
10.103529
10.152941
10.167453
10.1061325
10.037736
10.030661
10.07783
10.080189
10.096698
10.080189
10.073113
10.1229315
10.165484
10.141844
10.1229315
10.165876
10.161138
10.135071
10.163507
10.177725
10.223278
10.24228
10.204275
10.199525
10.199525
10.25
10.254762
10.297619
10.307143
10.322196
10.291169
10.277512
10.267942
10.358851
10.38756
10.375598
10.429256
10.441247
10.4484415
10.466346
10.423077
10.379807
10.295673
10.320482
10.33012
10.310843
10.318072
10.363855
10.384058
10.374396
10.352657
10.289855
10.244552
10.276029
10.305085
10.296117
10.300971
10.356796
10.300971
10.308252
10.291262
10.179611
10.186893
10.22871
10.104623
10.092458
10.128954
10.094891
10.092458
10.107056
10.058394
10.072992
10.077859
10.078049
10.058537
10.090244
10.080488
9.97317
10.056098
10.08313
10.11247
10.10269
10.09291
10.078239
10.058824
10.058968
10.110565
10.088452
10.115764
10.105911
10.098522
10.105911
10.125616
10.1133
10.128395
10.1037035
10.056931
10.049628
10.126551
10.144279
10.166667
10.216418
10.166667
10.141791
10.126865
10.121891
10.11194
10.094527
10.124378
10.124378
10.114428
10.087065
10.047264
10.054727
10.049751
10.024876
10.017413
10.074627
10.054727
10.012438
9.927681
9.942643
9.882793
9.875312
9.86783
9.870324
9.862843
9.852868
9.810473
9.82793
9.793017
9.82793
9.830424
9.817955
10.055
10.0225
10.0175
10.01
10.0025
9.9525
9.9525
9.982456
9.962406
9.942356
9.93216
9.972292
9.969773
10.030227
10.02267
10.057935
10.062972
10.09068
10.297229
10.279597
10.259446
10.275252
10.260101
10.222222
10.186869
10.19697
10.205063
10.194937
10.208122
10.200507
10.223351
10.267858
10.260204
10.214286
10.258312
10.263427
10.315385
10.34359
10.310256
10.294871
10.264103
10.25707
10.31701
10.2963915
10.363402
10.4407215
10.407216
10.427835
10.476804
10.471649
10.459949
10.447028
10.5348835
10.494819
10.531088
10.5
10.5
10.510363
10.455958
10.450777
10.4585495
10.487046
10.53886
10.497409
10.520725
10.523316
10.525907
10.536269
10.492228
10.463731
10.498701
10.483117
10.490909
10.5
10.5026045
10.510417
10.477807
10.467363
10.443864
10.469974
10.446475
10.4073105
10.412533
10.389034
10.37859
10.389034
10.4073105
10.523561
10.528796
10.510471
10.536649
10.528796
10.531414
10.502618
10.55
10.5078945
10.5078945
10.525066
10.509234
10.532982
10.559367
10.548813
10.575198
10.530343
10.53562
10.538259
10.569921
10.543535
10.568783
10.55291
10.58201
10.648149
10.60582
10.621693
10.599469
10.647215
10.639257
10.602122
10.562334
10.551724
10.549071
10.578249
10.602122
10.628647
10.668435
10.660478
10.699468
10.691489
10.680851
10.675532
10.667553
10.678191
10.653334
10.698667
10.677333
