4.802
6.17
7.458
8.66
9.748
10.547
10.23
10.713
10.699
11.056
11.2
11.438
11.516
11.444
11.536
11.582
11.619
11.896
12.142
12.308
12.423
12.283
12.216
12.145
12.215
12.1
12.118
12.023
12.086
12.027
11.992
12.066
12.08
11.896
11.92
11.906
11.879
11.871
11.896
11.759
11.622
11.493
11.442
11.325
11.366
11.339
11.398
11.859
11.707
11.305
11.312
11.385
11.522
11.751
11.941
12.075
12.161
12.198
12.241
12.143
12.035
12.054
12.011
12.065
12.014
11.752
11.611
11.762
11.897
11.963
11.846
11.928
11.872
11.87
11.86
11.731
11.872
12.062
12.031
12.0
11.943
12.032
12.094
12.007
11.952
11.982
11.967
12.218
12.024
11.678
11.372
11.263
11.387
11.248
11.1
10.832
10.576
10.087
9.475
8.936
