15.535
20.599
24.795
28.554
30.855
33.206
34.137
35.228
36.949
38.719
40.508
41.316
41.853
42.834
42.839
44.134
44.942
45.255
45.599
45.958
45.686
46.282
46.159
45.165
45.409
46.066
46.538
46.303
46.155
46.04
46.03
46.21
46.61
47.679
48.289
48.291
48.381
48.195
48.264
48.139
48.264
48.276
48.589
48.239
48.125
48.398
48.322
48.518
48.452
48.411
48.062
48.17
48.637
48.674
48.346
48.203
47.973
47.652
47.416
47.002
47.012
47.269
47.331
46.845
46.84
46.843
46.544
45.782
45.608
45.616
45.442
45.257
45.062
45.136
44.913
44.466
44.161
44.404
44.393
44.46
44.345
44.273
44.169
44.044
43.747
43.154
43.108
42.982
42.613
42.279
41.88
41.21
40.668
39.72
38.08
36.564
34.272
32.126
30.003
27.714
