27.164
27.407
27.513
27.638
27.77
27.839
27.861
27.942
27.992
28.138
28.151
28.17
28.186
28.173
28.254
28.358
28.416
28.475
28.494
28.54
28.623
28.552
28.659
28.659
28.728
28.886
28.895
28.995
29.058
29.12
29.12
29.185
29.226
29.326
29.411
29.446
29.539
29.594
29.695
29.954
30.053
30.072
30.221
30.288
30.398
30.628
30.68
30.791
30.837
30.943
31.002
31.192
31.279
31.482
31.583
31.659
31.764
31.826
31.865
31.938
31.678
31.987
32.058
31.899
32.103
32.229
32.352
32.531
32.626
32.773
32.888
32.969
33.126
33.198
33.232
33.364
33.453
33.529
33.559
33.639
33.814
33.906
34.002
34.056
34.123
34.207
34.372
34.308
34.489
34.558
34.676
34.752
34.829
34.888
34.957
35.004
35.02
35.073
35.225
35.357
35.853
36.029
36.123
36.214
36.276
36.102
36.092
36.162
36.229
36.334
36.461
36.506
36.629
36.808
36.852
36.845
36.873
37.06
37.318
37.346
37.502
37.629
37.937
38.037
38.109
38.24
38.05806
38.194195
38.317318
38.28028
38.025024
38.197197
38.237236
38.37237
38.512512
38.61762
38.67968
38.7027
38.565567
38.394394
38.38839
38.485485
38.077076
37.9019
38.122124
38.237236
38.279278
38.284283
38.263264
38.23924
38.254253
38.276276
38.207207
38.084167
38.122246
38.009018
38.188377
38.221443
38.18637
38.255512
38.24148
38.225452
38.48096
38.573147
38.595192
38.468937
38.580162
38.591183
38.631264
38.672344
38.755512
38.883766
38.907814
38.983967
38.934868
39.00501
38.98096
38.97896
38.952908
38.957916
39.04108
39.013027
39.270542
39.306614
39.298595
39.318638
39.287575
39.44389
39.491985
39.497997
39.573147
39.56613
39.59619
39.68537
39.652306
39.81363
39.841682
39.904808
39.913826
40.006012
40.086174
40.05611
40.122246
40.15431
40.22445
40.28657
40.351704
40.28657
40.36573
40.493988
40.578156
40.453907
40.577156
40.571144
40.68036
40.89579
40.877754
40.930862
40.983967
40.94389
41.118237
41.16433
41.21343
41.128258
41.099197
41.285572
41.322647
41.27154
41.40982
41.43932
41.487953
41.56526
41.594376
41.476906
41.473896
41.54016
41.452812
41.463783
41.552315
41.53823
41.56539
41.55634
41.692154
41.572433
41.51811
41.447685
41.42455
41.46881
41.511066
41.394367
41.38531
41.400402
41.42656
41.60161
41.681774
41.664654
41.701912
41.66264
41.584087
41.550858
41.626385
41.629406
41.776436
41.83887
41.71702
41.78248
41.649548
41.537766
41.48741
41.622356
41.39275
41.46022
41.36556
41.25579
41.233635
41.29708
41.29003
41.17422
41.082577
41.220768
41.263103
41.280243
41.197582
41.19657
41.23488
41.27346
41.12412
41.22099
41.190716
41.2553
41.16246
41.19495
41.152527
41.062626
41.32323
41.321213
41.25
41.275303
41.24089
41.18826
41.182186
41.143726
41.194332
41.313766
41.334007
41.22672
41.130566
41.1002
41.38158
41.266193
41.254047
41.20749
41.111336
41.115383
41.103237
41.057693
41.00709
41.074036
40.950306
40.896553
41.110546
41.08925
41.04057
40.976673
40.938133
40.88134
40.8144
40.935093
40.962475
40.9929
40.93604
40.922844
41.07817
41.118782
41.07817
41.014214
40.990852
40.94512
40.9471
40.90835
41.005096
41.066257
41.027523
41.0632
41.13061
41.07449
40.98672
41.046986
41.039837
41.038857
41.001022
41.010223
41.139202
41.106556
41.03074
41.11168
41.002052
40.940514
40.961975
40.970196
40.975307
40.977295
41.01241
40.98035
40.845917
40.83661
40.790073
40.66391
40.825726
40.852695
41.02495
41.08524
41.006237
40.559834
40.470345
40.411457
40.430656
40.44259
40.49425
40.426777
40.338913
40.406902
40.303665
40.263874
40.183247
40.353928
40.271206
40.310596
40.342438
40.3813
40.311974
40.240547
40.172268
40.30567
40.380253
40.437435
40.4837
40.512093
40.46154
40.418335
40.406742
40.458862
40.482067
40.531647
40.60401
40.48783
40.455025
40.573544
40.608696
40.63839
40.726116
40.670563
40.7721
40.833866
40.7689
40.760384
40.855164
40.988285
41.11407
41.168983
41.178993
41.32618
41.75644
41.744637
41.688843
41.715664
41.69635
41.615467
41.63871
41.689247
41.625805
41.67527
41.803013
41.813778
41.880516
41.969826
41.97737
42.074512
41.82054
41.6573
41.683983
41.658722
41.570965
41.663773
41.698154
41.747826
41.73776
41.982533
41.981422
41.97705
41.95405
42.008762
41.83772
41.840836
41.824368
42.0
42.061672
41.991188
41.92291
41.972435
42.01766
42.07293
41.93584
41.967922
41.842747
41.820198
41.864445
41.78754
41.800667
41.738308
41.93875
41.97439
41.83519
41.7049
41.734966
41.827007
41.91499
42.118702
42.07279
41.955208
41.961884
41.9787
42.176205
42.249718
42.344982
42.360046
42.351017
42.05079
42.068848
42.01921
42.02486
41.9774
42.00113
41.9353
41.83049
41.58381
41.60388
41.69178
41.91409
41.810997
41.897934
41.83582
41.75862
41.779953
41.775085
41.752018
41.670902
41.598152
41.54157
41.479214
41.480927
41.482082
41.563656
41.430557
41.394676
41.505787
41.581207
41.60395
41.658905
41.67986
41.721447
41.719112
41.62937
41.573425
41.56826
41.616375
41.558548
41.55972
41.512882
40.618546
40.59507
40.6745
40.575794
40.580494
40.66941
40.59198
40.556736
40.49231
40.386982
40.446682
40.53025
40.474495
40.496437
40.50594
40.429253
40.405243
40.443386
40.439808
40.41408
40.34767
40.313396
40.084927
40.119904
40.17548
40.221954
40.147522
40.0919
40.09322
40.117577
39.98295
40.086586
40.053658
39.986584
40.12347
40.127296
40.07598
40.060196
40.09717
39.98032
39.8647
39.96798
39.9532
39.89519
39.84094
39.957973
39.808407
39.6267
39.819305
39.669556
39.775154
39.86708
39.962734
39.995018
39.990036
39.9788
39.972534
39.993744
39.9812
39.93852
39.797993
39.80552
39.873116
39.86776
39.71753
39.716457
39.57741
39.66158
39.699745
39.872448
39.870846
40.144146
40.174194
40.24387
40.286453
40.37775
40.221504
40.15803
40.180756
40.26206
40.388237
40.312828
40.324608
40.374016
40.448685
40.410526
40.227932
40.287598
40.373844
40.32761
40.21693
40.167988
40.201324
40.140396
40.36207
40.40849
40.318302
40.38247
40.367863
40.38
40.381844
40.48331
40.473965
40.471924
40.46524
40.40508
40.4492
40.37968
40.307487
40.403744
40.39706
40.343582
40.28075
40.374332
40.43909
40.491276
40.50604
40.572582
40.64872
40.67838
40.64054
40.63008
40.73406
40.876358
40.86903
40.934425
40.930138
40.931507
40.87123
40.850685
40.676308
40.84022
40.911846
40.96
41.048344
40.88781
40.99029
41.068054
40.916317
40.822872
40.780727
41.372906
41.318882
41.165035
41.247192
41.132023
41.150494
41.126583
40.973278
40.92827
40.8917
40.901546
40.845287
40.81294
40.832394
40.803947
41.002827
41.033993
40.968838
41.06799
41.062412
41.102127
41.066666
41.09233
41.15625
40.890625
40.90625
40.982906
41.09415
41.068474
40.892857
40.899857
40.808296
40.74821
40.693848
40.725323
40.86266
40.892704
40.97711
40.939827
40.96413
40.998566
39.672882
39.637016
39.66523
39.68254
39.637283
39.48625
39.39363
39.259045
39.288826
39.32656
39.29173
39.615383
39.658432
39.66134
39.455475
39.365498
39.42899
39.25915
39.158127
39.200584
39.09517
39.118595
39.1395
39.05147
39.07794
39.195587
39.275406
39.449852
39.324963
39.329395
39.363907
39.344215
39.194363
39.1454
39.344215
39.315475
39.622025
39.48286
39.770958
39.787106
39.802097
39.673164
39.644676
39.470764
39.472973
39.37143
39.43609
39.501507
39.479637
39.60272
39.61027
39.727684
39.65658
39.669697
39.7739
40.19301
40.187214
40.365295
40.522137
40.519085
40.491604
40.6422
40.71626
40.641106
40.65745
40.387096
40.51926
40.508476
40.468414
40.42681
40.448383
40.42373
40.488407
40.48607
40.58514
40.655815
40.708073
40.62422
40.61275
40.556767
40.640186
40.523365
40.49298
40.51406
40.556427
40.59685
40.734596
40.737343
40.75119
40.801586
40.71065
40.72655
40.734077
40.7086
40.659237
40.374203
40.38118
40.383385
40.3904
40.52488
40.407703
40.560387
40.557167
40.615135
40.412903
40.516964
40.77922
40.77922
41.089287
40.998375
41.001625
40.988636
41.06504
40.89756
40.80488
40.988583
40.88562
40.88562
40.963993
40.932896
40.849426
40.849182
40.88013
41.09555
41.17822
41.16529
41.195686
41.180763
41.11111
41.126247
41.25291
41.232944
41.763725
41.741665
41.745
41.75793
42.008377
41.77517
41.81879
41.419464
41.32269
41.338383
41.28283
41.25801
41.344593
41.37331
41.41892
41.429054
41.52961
41.64068
41.66949
41.682514
41.533108
41.56826
41.50598
41.384617
41.43322
41.43911
41.542168
41.62867
41.551903
41.455017
41.34948
41.370884
41.35764
41.305557
41.439236
41.528694
42.79652
42.848694
42.911304
42.866085
42.888695
42.81533
42.79094
42.72822
42.703835
42.602787
42.63066
42.774868
42.96678
43.019264
43.14536
43.131348
43.09282
43.022766
42.966724
42.922943
43.005264
42.92807
42.824562
43.075573
42.954308
42.866432
42.94903
42.927944
42.906853
42.876762
42.998234
43.051235
43.0265
43.072567
43.100883
43.113274
43.143364
43.240707
43.219856
43.333927
43.33274
43.25089
43.25623
43.416817
43.682228
43.705036
43.772972
43.88267
43.927536
44.023552
44.076088
43.954712
44.072727
43.796364
43.91621
43.86885
43.774136
43.704918
43.56022
43.600365
43.611313
43.734917
43.670933
43.714287
43.420185
43.47059
43.444855
43.402573
43.489872
43.390423
43.391144
43.345657
43.24399
43.24769
43.105362
43.04621
43.39002
43.32717
43.299446
43.26852
43.442593
43.45185
43.375927
43.34815
43.56852
43.718517
43.718517
43.814125
43.905205
43.786247
43.812267
43.705772
43.748604
43.6108
43.64246
43.63501
43.60149
43.515827
43.549347
43.586594
43.49162
43.547485
43.56238
43.50838
43.450653
43.189945
43.11754
43.233646
43.33645
43.317757
43.411983
43.487804
43.426693
43.61278
43.609024
43.466164
43.48308
43.676083
43.53484
43.463276
43.41808
43.549057
43.509434
43.567924
43.63962
43.53019
43.384907
43.37051
43.302456
43.279774
43.395084
43.436672
43.38563
43.026516
42.982956
42.901516
42.844696
42.702652
42.263256
42.265152
42.08712
42.153408
42.142044
42.01518
42.05313
41.998104
42.013283
41.90133
41.77799
41.75332
41.925995
41.840607
41.96388
42.06464
42.09506
42.14639
42.121674
41.996197
42.05133
42.138783
42.226665
42.190475
42.161903
42.241905
42.23238
42.169525
42.142857
42.209923
42.16794
41.984734
42.04389
41.99046
41.980915
41.98279
41.91587
41.902485
41.900574
41.91778
41.91587
41.889103
41.921608
41.912045
41.892925
41.84895
41.894634
41.921455
41.66475
41.649426
41.613026
41.645596
41.62644
41.649426
41.696735
41.641075
41.8119
41.827255
41.763916
41.75048
41.740883
41.800385
41.66731
41.7553
41.7264
41.739384
41.739384
41.787643
41.860737
41.820118
41.631783
41.37403
41.275192
41.316505
41.357975
41.37354
41.371593
41.36381
41.429688
41.39726
41.28767
41.374508
41.317646
41.188236
41.159134
41.055225
41.0927
41.067062
41.084812
41.096645
41.158104
41.17984
41.059288
41.025692
41.065216
41.05336
41.067192
41.027668
41.033665
41.125
41.126984
41.121033
41.1332
41.180916
41.147118
41.121273
41.127235
41.015903
41.07356
41.023857
41.09344
41.087826
41.11178
41.234
41.224
41.25852
41.07415
40.919838
40.911823
40.851704
40.861725
40.833668
40.711422
40.651302
40.647293
40.502007
40.421688
40.351406
40.43976
40.504017
40.38755
40.38755
40.29518
40.236946
40.305836
40.380283
40.49497
40.55645
40.635082
40.63105
40.705647
40.762096
40.929005
40.876266
40.77079
41.24138
41.269775
41.119675
41.06288
41.26423
41.17683
41.25
41.25813
41.237804
41.199593
41.118126
41.10387
40.94501
40.98778
41.046844
41.095722
41.107944
40.959267
40.96945
40.88391
40.84725
40.898167
40.953156
40.904278
40.887985
41.034695
41.04694
41.114285
41.1636
40.92229
40.8773
40.932377
40.86885
40.811474
40.76639
40.74795
40.65369
40.795082
40.84631
40.856556
40.770493
40.643444
40.64139
40.661884
40.64754
40.586067
40.579918
40.60246
40.55533
40.467213
40.389343
40.42213
40.50615
40.52869
40.59426
40.59631
40.62628
40.544147
40.535934
40.459957
40.38193
40.100616
40.14609
40.09465
40.125515
40.187244
40.203705
39.942387
39.946503
40.04536
40.14227
40.228867
40.05773
40.11134
39.96907
39.9567
40.0
39.993813
40.026806
39.975258
39.946392
39.882473
39.839176
39.82474
39.684536
39.57938
39.538143
39.59175
39.62268
39.651546
39.738144
39.703094
39.66804
39.671486
39.68595
39.597107
39.652893
39.58178
39.58178
39.660454
39.6294
39.718426
39.7971
39.807453
39.850624
39.775932
39.83195
39.788383
39.647305
39.690872
39.612034
39.572613
39.643154
39.717842
39.616184
39.698544
39.64241
39.652805
39.590435
39.58004
39.721413
39.671516
39.698544
39.677753
39.76875
39.727085
39.625
39.50313
39.70355
39.663883
39.655533
39.699375
39.71548
39.832638
39.811714
39.832638
39.80544
39.596233
39.5795
39.604603
39.587868
39.627617
39.637318
39.597485
39.50105
39.429768
39.48218
39.46541
39.48218
39.382355
39.338234
39.27731
39.306725
39.22059
39.0021
39.08421
39.082104
39.18316
39.141052
39.263714
39.246834
39.244724
39.251057
39.16245
39.298096
39.2389
39.145878
39.08668
39.048626
39.027485
39.059196
39.06554
38.964058
38.957718
38.95983
39.012684
38.97886
38.90275
38.866806
38.95339
38.92161
38.853813
38.885593
39.0
39.138298
39.16383
39.176598
39.238297
39.28936
39.176598
39.282978
39.304256
39.33404
39.293617
39.378723
39.323402
39.342552
39.321278
39.268085
39.26383
39.195744
39.157448
39.211086
39.217484
39.16418
39.134327
39.076923
39.042736
39.08547
39.034187
39.036324
39.077087
39.130623
39.074947
39.014988
39.0621
38.46681
38.37045
38.381157
38.2591
38.17559
38.237686
38.29122
38.33833
38.235546
38.14775
38.18844
38.24411
38.299786
38.203426
38.309013
38.244637
38.214592
38.349785
38.339054
38.358368
38.415054
38.337635
38.48172
38.52473
38.419353
38.52258
38.48817
38.533333
38.584946
38.6086
38.8086
38.787098
38.662365
38.612904
38.578495
38.550537
38.556988
38.622845
38.665947
38.661636
38.506466
38.407326
38.290947
38.343414
38.679653
38.683983
38.595238
38.608227
38.770065
38.683296
38.685467
38.689804
38.830433
38.886955
38.952175
38.967392
39.38478
39.43913
39.490196
39.48148
39.524017
39.530567
39.58515
39.684902
39.63895
39.75711
39.814003
39.816193
39.715534
39.83114
39.883774
39.850876
39.73465
39.747807
39.736843
39.730263
39.6557
39.752193
39.5307
39.55702
39.528507
39.635963
39.60965
39.625
39.611843
39.657894
39.69298
39.679825
39.696705
39.6
39.72687
39.76652
39.78808
39.62914
39.644592
39.622517
39.62914
39.554085
39.518764
39.501102
39.483444
39.53201
39.62693
39.589405
39.582783
39.61947
39.681416
39.62832
39.579647
39.599556
39.634956
39.764965
39.864746
39.844788
39.866962
39.873615
39.882484
39.91796
40.004444
39.917778
39.96
39.91111
39.886665
39.88
39.75778
39.762222
39.673332
39.74
39.828888
39.804443
39.715557
39.64
39.6
39.684444
39.99111
40.084633
40.16481
40.19599
40.131405
40.08909
40.097996
40.18263
40.16481
40.144768
40.160355
40.167038
40.113586
40.30425
40.353466
40.387024
40.34899
40.21253
40.316143
40.3191
40.38427
40.27416
40.260674
40.161797
40.148315
40.164043
40.182022
40.229214
40.307865
40.460674
40.404495
40.420223
40.195507
40.21798
40.06292
40.161797
40.114605
40.12809
40.19326
40.285393
40.20674
40.150562
40.164043
40.364044
40.38427
40.387386
40.342342
40.37838
40.313065
40.29955
40.355854
40.436935
40.72973
40.74775
40.765766
40.783783
40.966217
40.932434
40.86036
40.86937
40.89189
40.94144
40.842342
40.898647
41.029278
41.160633
41.366516
41.393665
41.450226
41.276016
41.321266
41.42857
41.489796
41.396824
41.365078
41.55909
41.58409
41.602272
41.55682
41.590908
41.713634
41.852272
42.129547
42.172726
42.113636
42.081818
42.396355
42.298405
42.38356
42.487415
42.510345
42.432182
42.337933
42.430874
42.375576
42.304146
42.237328
42.30184
42.299538
42.341015
42.311058
42.258064
42.368664
42.31567
42.482677
42.487297
42.533485
42.56582
42.461895
42.51039
42.547344
42.487297
42.491917
42.538105
42.706696
42.685913
42.632793
42.61894
42.646652
42.547344
42.61894
42.595844
42.591225
42.6582
42.863743
42.86605
42.838337
42.79398
42.88889
42.842594
42.837963
42.443157
42.334106
42.24594
42.17169
42.2297
42.176334
42.16009
42.13921
42.164734
42.11601
42.09977
42.088165
42.157772
42.208817
42.12297
42.269142
42.25754
42.2907
42.2093
42.358974
42.475525
42.456875
42.543125
42.551403
42.593456
42.581776
42.537384
43.04439
43.067757
43.053738
43.070095
43.11682
43.149532
43.13084
43.065422
43.114487
42.995327
42.94159
42.83645
42.885246
42.850117
42.761124
42.704918
42.8267
42.840748
42.901638
42.894615
43.17371
43.119717
42.880283
42.81925
42.906105
43.08235
43.065884
43.155293
43.164707
43.157646
43.16941
43.021175
42.971764
43.04
43.129414
43.225883
43.237648
43.31059
43.31059
43.364704
43.339622
42.84198
42.875
43.03546
43.056736
42.98345
42.952717
42.97872
42.97163
43.073284
42.664303
42.72104
42.914692
43.052258
43.021378
42.95
42.785713
42.645237
42.661903
42.63095
42.62143
42.642857
42.614285
42.642857
42.719048
43.188995
43.21343
43.206234
43.25899
43.218224
43.15827
43.07434
43.02638
42.97362
43.007195
43.07674
43.15625
43.223557
43.153847
43.014423
42.88702
42.99279
42.73798
42.704327
42.625
42.625
42.439903
42.348557
42.391827
42.42548
42.432693
42.514423
42.608173
42.58173
42.38702
42.358173
42.329327
42.36298
42.24279
42.30048
42.44471
42.396633
42.451923
42.32452
42.23798
42.216347
42.213943
42.182693
42.182693
42.036057
42.06971
42.06971
41.97596
41.971153
41.481926
41.52048
41.52174
41.58937
41.59179
41.711864
41.66102
41.59322
41.641647
41.58838
41.57627
41.525425
41.414043
41.380146
41.48426
41.474575
41.571777
41.61314
41.749393
41.729927
41.71533
41.68613
41.583942
41.639904
41.603405
41.554745
41.743904
41.889977
41.98044
41.894867
41.919117
41.840687
41.830883
41.77451
41.67647
41.813725
41.85784
41.8701
41.747547
41.7451
41.721676
41.69458
41.64532
41.615765
41.506172
41.377777
41.232098
41.18025
41.26173
41.27901
41.31111
41.308643
41.48148
41.454323
41.45185
41.353085
41.45679
41.501236
41.45185
41.653465
41.752476
41.70968
41.578163
41.491314
41.466503
41.50995
41.527363
41.50995
41.37562
41.655
41.6625
41.5725
41.6
41.6825
41.63
41.66
41.70426
41.661655
41.70426
41.701756
41.601505
41.70426
41.636593
41.71608
41.82412
41.886936
41.904522
41.809044
41.86181
41.84383
41.74559
42.368687
42.315655
42.340908
42.338383
42.42785
42.53924
42.59747
42.41519
42.470886
42.544304
42.640507
42.66076
42.668354
42.653164
42.655697
44.546837
44.610126
44.481014
44.435444
44.486076
44.840508
44.878483
44.972153
44.969543
44.90863
44.903553
44.982235
44.875633
44.92112
44.829517
44.783714
44.699745
44.862595
44.91603
44.908398
45.02799
45.012722
44.974556
44.928753
44.816795
44.755726
44.597965
44.56743
45.269722
45.193386
45.086514
45.086514
45.033077
45.142857
45.097435
45.11282
45.329895
45.444443
45.57254
45.66321
45.676167
45.6943
45.715027
45.668392
45.598446
45.50259
45.37306
45.435234
45.357513
45.485714
45.54286
45.505207
45.497395
45.557293
45.411457
45.958332
45.890625
45.95573
46.010418
46.039062
46.11198
46.161457
46.13802
46.273438
46.351562
46.33073
46.48177
46.411457
46.411457
46.460938
46.447918
46.320312
46.265625
46.109375
46.127605
45.814137
45.753925
45.69895
45.72251
45.755905
45.682415
45.475067
45.46719
45.528946
45.781002
45.84656
45.727512
45.891533
45.912697
45.989418
46.11111
46.00794
46.470898
46.52381
46.615383
46.580902
46.488064
46.529255
46.60372
46.513298
46.460106
46.48936
46.574467
46.562668
46.561497
46.55615
46.44385
46.57909
44.58713
44.76613
