0
0
0
0
26
4
17
9
23
22
12
10
10
8
11
4
14
16
5
3
9
2
3
11
5
10
17
3
10
5
10
5
1
4
8
4
18
4
2
1
1
2
1
4
1
1
5
3
5
2
2
5
0
4
2
6
0
2
5
0
0
2
2
4
3
4
1
0
3
1
2
1
3
1
0
0
1
1
0
0
0
4
1
1
1
1
1
1
1
3
1
2
3
6
0
0
1
0
1
0
2
3
2
3
1
0
2
0
2
0
0
1
0
2
0
0
2
4
0
1
1
0
2
3
0
1
0
1
0
0
0
1
1
0
1
0
0
0
1
0
0
0
0
10
0
0
1
0
0
0
0
0
0
0
0
0
0
1
1
0
0
2
1
0
1
1
0
0
0
1
0
0
1
0
0
0
2
1
7
0
1
0
0
0
0
0
1
0
0
1
0
0
1
0
0
3
1
0
0
1
9
0
0
0
0
0
0
0
1
0
1
0
0
0
1
1
0
2
0
0
0
0
0
0
0
0
0
0
2
0
7
0
0
0
0
1
0
4
0
0
0
0
1
0
0
0
2
0
0
3
0
2
0
3
2
1
6
0
0
1
0
0
1
0
0
0
0
0
0
0
0
0
1
0
0
0
0
0
0
1
0
0
0
0
0
0
0
0
0
2
0
0
0
0
0
1
0
0
0
0
0
0
0
0
0
2
0
0
1
0
0
0
1
1
0
0
0
0
0
0
0
0
0
0
0
0
0
0
0
0
0
1
0
1
0
1
0
0
0
0
0
0
0
3
0
0
0
0
0
0
0
0
0
0
0
0
0
0
0
0
0
0
0
0
0
0
0
0
0
0
0
0
0
0
0
0
0
0
0
0
0
0
0
0
0
0
0
0
0
0
4
0
0
0
0
1
0
0
0
0
0
0
0
0
0
0
0
0
0
0
0
0
0
0
0
0
0
0
0
0
0
0
0
0
0
0
0
0
0
0
0
0
0
0
0
0
0
0
0
0
0
0
0
0
0
0
0
0
0
0
0
0
0
0
0
0
0
0
0
0
0
0
0
0
0
0
0
0
0
0
0
0
0
0
0
0
0
0
0
0
0
0
0
0
0
0
0
0
0
0
0
0
0
0
0
0
1
0
0
12
