26.26
30.558
37.332
42.888
48.353
53.929
60.057
65.065
73.778
78.953
83.042
87.09
91.456
95.854
100.253
104.02
107.411
110.931
114.425
117.64
120.713
124.105
127.408
130.934
134.208
137.807
141.26
145.585
149.074
151.835
155.352
159.203
162.864
166.695
170.457
174.242
177.98
182.405
186.174
190.271
194.57
198.579
202.619
206.775
211.146
215.572
220.333
224.986
229.332
234.426
239.405
248.809
253.778
258.795
264.277
269.668
275.242
280.677
285.622
291.267
297.166
302.898
309.054
314.483
320.782
326.854
333.859
340.155
346.567
353.623
360.044
366.821
373.212
379.966
385.895
392.754
399.564
407.063
413.884
421.996
429.264
440.868
448.284
456.489
464.666
472.534
480.454
488.454
496.793
504.531
512.901
520.778
528.119
535.7958
541.53253
546.6176
550.9049
554.979
559.1411
562.26825
565.4945
560.80664
564.3637
566.91486
570.04407
580.498
548.08014
584.3036
589.1413
594.26855
600.0491
605.28156
610.985
617.25653
624.1643
630.1012
636.495
642.80664
649.90784
657.0451
663.2054
670.2906
676.7114
684.0782
690.1613
698.9168
705.51
711.77856
718.7555
725.8507
732.67334
739.56714
746.508
753.3477
760.27155
767.48895
774.11926
779.83264
785.7505
792.8888
799.41583
807.6493
813.96594
820.77356
828.7485
835.53406
841.7826
848.14526
854.6744
860.3016
865.71344
871.61725
878.67236
884.5902
889.0912
897.015
902.68335
908.47595
914.71643
920.7074
926.03705
931.72046
937.57117
943.7876
949.7856
954.9499
960.37476
965.5281
970.4469
975.22644
979.92487
985.9269
991.2445
995.8587
1001.41986
1006.1573
1010.28656
1014.7966
1019.57513
1023.4549
1027.9048
1031.51
1035.2114
1038.7024
1044.2795
1048.5822
1052.8457
1056.9219
1061.4319
1066.2054
1069.7164
1074.8527
1078.4469
1081.8488
1085.1943
1088.1674
1088.4479
1091.0992
1094.1653
1098.4238
1101.3538
1104.4069
1108.6312
1112.7886
1116.0531
1119.4679
1121.2365
1123.3817
1127.2095
1130.3867
1133.3767
1138.1703
1141.008
1144.0952
1146.524
1149.1724
1152.1523
1154.5762
1156.7515
1159.0181
1162.3657
1164.0691
1165.996
1167.514
1169.1362
1169.9619
1172.1393
1173.5521
1175.3367
1176.3167
1178.001
1179.0541
1180.6974
1182.4238
1185.525
1187.8938
1190.2615
1192.5671
1194.9348
1197.6533
1199.6222
1204.0802
1206.4248
1208.6302
1210.6323
1211.6012
1212.9469
1214.494
1215.6212
1218.6333
1222.3326
1223.6714
1225.1031
1226.5471
1228.445
1229.8096
1230.4879
1231.5931
1231.503
1231.5652
1232.1462
1232.3286
1231.7305
1231.001
1230.4779
1231.2996
1231.6624
1231.1512
1231.6573
1232.0631
1232.3136
1233.969
1234.5521
1236.0612
1237.8307
1239.1984
1241.1243
1241.2184
1242.5521
1243.8757
1244.2936
1245.5881
1246.4298
1242.5321
1247.0862
1246.9078
1246.004
1245.1143
1245.6252
1244.499
1244.3527
1240.5741
1239.971
1239.9398
1239.2114
1237.1693
1236.685
1230.5728
1236.006
1235.701
1235.1725
1233.4655
1232.8606
1231.5397
1230.6549
1232.2307
1233.9529
1234.3641
1233.5999
1232.0933
1233.514
1233.3905
1233.1656
1233.2571
1232.6195
1232.1948
1229.3715
1228.524
1227.8353
1227.5834
1227.0502
1228.3092
1227.6556
1227.9448
1227.3835
1226.7811
1226.6948
1227.3142
1227.1295
1225.3334
1224.6637
1223.9498
1222.9056
1222.504
1221.9347
1221.3464
1221.8634
1222.1285
1221.9729
1220.9639
1220.247
1219.2369
1215.6556
1213.24
1211.51
1210.511
1209.3193
1214.9708
1213.4518
1211.8243
1209.0602
1208.207
1208.0422
1206.0422
1204.6077
1202.9528
1201.0795
1199.9688
1197.992
1193.9879
1191.1611
1188.5569
1186.9073
1181.3313
1180.9275
1179.5312
1176.9193
1175.991
1175.4325
1175.0778
1173.2583
1172.336
1171.0364
1169.566
1168.6599
1167.1423
1167.0485
1165.1262
1164.5262
1163.0505
1161.5374
1160.8282
1159.3903
1158.2437
1156.9191
1155.6437
1154.8229
1153.3168
1151.4535
1149.335
1147.5248
1145.4661
1137.5344
1134.428
1134.1421
1131.8193
1131.3435
1129.6971
1127.4807
1124.311
1122.372
1121.0132
1121.9277
1120.499
1118.2852
1116.3544
1112.8055
1111.0979
1110.2081
1110.0234
1108.7252
1107.345
1106.3735
1106.3121
1105.1914
1104.4514
1102.7318
1100.4033
1098.6926
1097.8553
1093.7365
1091.8739
1090.6852
1090.2742
1090.7472
1090.557
1092.7832
1092.2251
1090.7389
1088.4646
1086.6968
1085.4749
1083.519
1086.0186
1083.857
1085.822
1085.7058
1084.207
1084.8373
1086.2278
1085.8279
1086.8319
1087.1113
1086.9299
1085.9506
1085.2516
1085.3344
1081.7957
1079.743
1076.6687
1077.8969
1077.5588
1076.4257
1074.8843
1073.8502
1072.7211
1071.1531
1070.3062
1068.729
1066.6411
1066.3727
1064.5917
1063.2301
1062.4347
1061.2583
1059.0114
1057.2399
1056.0997
1054.7518
1054.8636
1053.1343
1051.3466
1051.5094
1048.0823
1046.9979
1046.2125
1044.4115
1045.7706
1045.8195
1046.0449
1045.6357
1045.6869
1046.3668
1044.1245
1043.3148
1047.1962
1046.8551
1044.4003
1043.1638
1042.7592
1042.5653
1040.5574
1040.3228
1041.1036
1032.9419
1032.1927
1031.0847
1029.3019
1030.9808
1029.6787
1029.19
1029.4215
1028.4984
1033.2902
1033.3547
1035.6333
1036.5237
1040.1252
1040.8153
1038.892
1041.3644
1041.263
1037.91
1037.2614
1036.3319
1030.7917
1030.2418
1029.3362
1030.3811
1032.0153
1032.9248
1032.6982
1032.4471
1032.0327
1032.5044
1030.7238
1030.0011
1029.4459
1027.094
1027.6007
1029.8698
1029.7766
1028.3833
1027.5454
1024.7448
1022.7917
1021.8004
1023.2393
1022.3044
1019.89233
1019.9352
1014.51044
1015.96246
1016.6696
1014.6144
1014.11615
1013.3998
1013.43506
1012.1311
1009.95886
1007.2547
1005.75165
1006.0546
1004.77594
1005.34485
1003.5414
1002.4676
1000.6264
1000.01904
998.6872
996.81726
995.63074
995.03827
992.901
992.0405
990.3153
988.7579
988.2796
985.3619
986.8115
984.7968
985.5656
986.8991
985.80383
982.64624
985.0465
984.7852
983.4863
983.8014
981.33374
978.67084
978.0938
978.66095
978.43695
979.1906
977.2813
976.3651
975.7325
975.6299
975.7448
976.6694
978.36993
977.7653
976.61505
977.8401
977.17267
976.12744
975.1949
975.49243
973.05804
972.5064
971.86975
969.7035
966.65894
966.31036
967.1425
962.72314
963.48364
962.6028
963.0771
964.81055
962.8103
963.42084
963.45776
962.35443
959.20654
957.08575
957.2553
956.11884
954.6659
956.1319
954.4758
954.5578
953.7497
949.91974
948.1194
946.27185
944.7139
942.79315
942.0284
940.7219
940.6718
938.9668
939.2557
938.3155
939.60504
938.0967
936.0692
935.67145
934.0323
933.41797
932.4635
932.1485
930.0479
930.47723
929.96643
931.03485
929.7644
929.7923
928.0157
926.5254
924.8285
925.3035
924.48975
922.75574
922.9237
921.5981
923.4533
923.9514
919.0413
918.50366
917.3078
917.5944
915.08405
914.06946
912.6797
913.0622
912.6337
911.768
910.6166
910.4462
912.59265
912.1558
914.94086
916.18866
913.328
912.6049
911.4067
906.9233
905.0012
901.8267
901.0558
899.27545
899.27203
897.7379
897.959
897.86444
898.76465
898.2509
895.5468
894.8627
895.8738
895.3212
895.04254
893.5019
895.04767
897.03265
896.4189
895.278
894.2453
890.92957
892.1965
891.20154
889.7141
887.9736
886.8953
885.1324
882.46155
881.2475
880.1149
878.5063
877.03534
876.20483
875.9987
876.2081
875.2957
877.16156
878.3931
877.729
879.0434
877.4196
876.834
876.9321
876.8359
875.7218
879.2365
880.3925
878.9241
876.04254
875.7213
876.4108
874.8592
878.39764
877.7912
879.2416
878.1547
876.0508
876.22815
875.29724
873.38513
874.3791
873.055
873.9358
872.6933
871.48627
868.9109
869.4803
870.07623
871.53357
871.8773
871.0
870.281
870.51385
870.3016
871.35944
871.6202
869.9296
867.50464
865.494
865.8109
865.05725
860.45404
858.6085
854.478
853.64703
851.59894
849.92645
848.512
849.4786
841.9732
841.23193
843.15436
844.55914
847.6532
848.0068
849.33514
852.52844
851.71643
851.7459
850.76764
851.22314
850.6667
849.7279
848.25305
845.75916
835.4611
837.6142
836.1026
834.57184
833.7743
832.1918
829.8452
828.94794
829.7239
828.5467
827.67444
827.72314
827.34985
826.1846
825.9876
826.26245
826.34717
825.93085
826.70636
827.74756
826.71014
829.89557
832.34314
835.1491
835.84344
834.53735
837.6224
837.0255
836.19714
836.078
836.652
834.2983
834.5989
833.4495
832.8476
830.44727
829.35187
828.94727
827.82623
831.25714
831.49786
831.7378
832.64276
833.3017
836.42487
835.3656
835.29047
835.40234
836.3314
838.1609
836.6319
837.0755
836.1263
835.9172
835.75543
833.52985
833.25653
832.2332
830.3382
828.31195
826.2544
816.2269
815.30896
816.699
817.1706
816.94696
815.76733
816.00885
815.6696
816.034
815.26776
815.4504
816.96136
816.2422
813.82764
811.2853
811.2321
810.4918
810.4054
809.8137
809.4292
809.69745
806.31146
808.15393
810.27203
811.4858
808.7928
810.0
805.93384
804.26166
803.2997
804.512
804.68176
803.48267
805.4288
803.2606
801.33234
803.33844
802.6143
803.6024
803.52374
803.0506
803.8095
804.89233
803.83386
806.89954
806.0696
806.3669
806.6372
807.34216
809.1123
808.85626
809.68494
811.06134
809.69183
808.6693
809.0079
809.8859
809.76984
812.03973
804.6438
805.9487
804.6266
815.2814
815.1707
794.69196
795.9128
796.5631
797.0728
796.21844
796.8444
797.2488
797.902
794.7386
794.51636
795.5836
796.771
795.7644
795.55774
796.59436
796.29517
796.48004
797.9784
797.3561
797.205
800.4874
800.0419
799.8911
799.38696
801.84033
800.5294
800.4933
799.5993
797.9276
798.9764
800.14404
792.68475
791.3345
789.9915
789.3803
786.39386
789.0034
793.50684
792.8288
793.74615
792.47
793.6895
793.5403
795.21686
795.469
794.9534
794.981
792.6632
792.5813
795.3761
793.42114
793.73785
792.17535
790.6087
788.7061
786.46436
785.1687
782.2557
780.0991
778.4539
778.61084
777.6836
776.7653
774.6965
772.52985
771.529
770.5986
769.39435
769.71783
771.19403
772.5194
773.7451
773.8832
773.1699
772.2673
772.45215
772.133
770.46265
767.984
765.4893
766.0107
765.8982
763.7107
762.4018
762.3614
762.7025
759.0878
757.0323
758.0395
759.9371
759.8579
760.8018
760.75854
765.1751
766.90234
766.47015
769.88
770.0674
771.31024
767.94525
766.46533
765.2664
765.3522
766.8755
765.50366
767.0772
767.0516
765.8545
765.36835
764.8029
765.71906
766.0815
767.7658
767.09296
764.8922
764.8994
764.4011
764.96075
765.2763
764.312
764.4774
767.0849
771.5465
770.64514
770.0209
769.5294
768.72675
767.9469
768.37
769.8517
769.04755
769.89716
769.2267
769.4885
768.28625
769.04016
768.2199
767.6023
768.9751
765.9483
765.31995
765.0249
763.73944
761.7222
760.78546
760.0173
759.03265
762.0193
764.4217
764.06384
762.5648
761.4894
766.8994
765.1335
762.8162
762.3392
763.33655
761.8891
762.83984
760.0117
760.8298
760.2495
758.00195
756.12573
754.2142
752.7244
752.19727
776.8777
776.7061
778.46246
777.1067
777.65216
778.15643
778.61584
782.2386
781.9225
783.7171
783.30676
782.5139
783.60876
784.102
782.894
781.742
780.494
781.1182
782.8149
781.3259
779.8008
778.11066
776.08655
773.60364
772.70764
771.3609
769.8266
770.0788
766.55554
765.498
763.68823
762.6539
766.17883
767.41754
766.28107
764.9022
764.7108
762.84283
762.89777
763.06555
762.1475
762.50104
760.6776
758.1684
757.0411
757.9979
757.5782
762.2913
762.2878
765.69086
767.2474
768.7104
769.95825
774.6122
773.02936
772.327
773.10065
774.7332
777.66174
777.36554
777.4748
776.7941
776.7143
775.979
774.7752
772.6387
770.42224
770.61346
771.5558
775.8623
775.1483
774.072
772.6568
769.9301
768.1462
768.34393
770.6894
770.71277
769.6128
770.1471
771.25214
770.3761
768.66455
768.15845
767.24194
769.015
767.63947
768.47095
767.6581
767.5333
766.843
766.95917
767.88385
770.4514
769.38446
767.8812
765.7581
764.69763
762.5745
762.9545
761.9199
760.6688
761.3991
754.61523
753.01306
751.11084
753.9476
754.68054
753.87524
751.558
750.7177
749.9847
748.0788
746.779
747.0285
746.6184
746.1118
746.0768
746.7319
746.0242
744.46814
739.38464
736.53186
737.6498
736.7511
733.05286
731.12994
733.8115
729.2018
727.6541
726.9689
725.26666
726.03564
725.42413
723.62726
720.18524
720.90826
718.8658
718.75616
719.8027
719.791
717.70337
720.079
718.73364
718.40045
717.08826
715.6787
714.41626
714.3923
714.0726
713.2676
712.1814
714.1409
709.74316
709.9909
708.425
707.2
707.26135
704.8909
703.74774
703.15454
704.93396
705.17993
704.11615
703.86786
702.8656
704.0778
703.1808
701.99774
701.2586
701.2037
700.40045
700.68805
699.92664
701.48737
702.27124
700.6575
704.5926
703.1968
704.87006
707.59906
707.31934
719.5537
718.5631
717.87384
718.57947
719.9508
720.90845
718.8263
717.57043
717.56104
717.74646
717.3873
715.6948
716.1432
715.92725
715.24884
713.8122
712.8286
714.17413
713.9106
713.46826
714.0188
717.7636
717.65955
715.3759
715.8294
715.3088
715.6152
713.0451
711.4632
710.97626
709.639
707.60095
704.7839
702.9525
701.81
699.96436
699.8119
701.2488
700.5789
697.9665
694.51917
690.92346
689.2201
690.15826
688.9952
688.2854
691.3711
689.9301
687.71564
688.3116
686.92755
687.0749
686.2005
685.23914
685.4116
683.7264
683.95886
681.8087
682.5
682.2791
684.13904
682.3171
680.9561
679.56586
680.15894
657.55743
656.7995
658.3064
658.0417
657.951
656.6593
658.67645
661.1936
661.88947
662.81775
661.49506
661.3235
662.2871
661.2748
668.3275
666.49
667.0702
666.594
668.08545
668.21356
667.0452
668.2387
669.7783
669.13635
672.2937
671.3772
671.09875
674.55615
674.1352
673.3954
668.0612
671.75385
672.581
671.5681
673.4216
672.22107
671.82477
670.8995
672.54004
673.64343
672.7132
673.3834
676.1688
680.08093
680.0157
680.49084
680.27936
680.0966
680.6658
682.5431
684.9739
685.18274
685.63446
686.0783
685.56396
686.2199
685.85077
685.733
686.85077
689.147
688.93964
689.52234
690.47504
691.3543
691.31494
693.8263
694.0237
695.6438
694.7388
695.7196
692.41797
690.75397
691.51324
691.291
693.3528
693.4841
692.8723
691.22076
690.2766
689.83246
688.96545
689.3484
687.57446
687.9733
689.9946
688.6872
689.0563
688.55493
683.9544
685.086
685.3199
685.02954
683.7043
685.1532
683.836
684.3441
685.3683
683.9113
681.55646
681.2688
680.4328
678.73926
677.57526
678.2473
678.4785
680.39246
683.27765
685.4676
686.6829
687.27374
686.7751
686.39294
683.6477
682.4688
681.26556
680.1897
679.7127
680.54346
679.9511
677.9837
677.4918
676.9864
675.6703
675.6812
676.347
678.0466
677.6
676.9836
678.0
677.5357
678.5482
677.87054
676.82367
676.3223
680.1445
680.00836
683.38934
682.2437
682.0983
680.2612
681.19434
681.3465
680.3183
679.1667
680.47876
681.05664
683.1818
685.0712
687.88
687.1886
685.14856
684.3543
682.63715
681.7657
685.6848
684.14325
683.3467
681.41833
679.9599
678.5759
674.77234
673.66473
671.9304
671.07245
672.33044
672.29944
671.23254
672.8484
671.18365
670.22156
669.0525
669.9009
670.3655
674.9443
674.0909
673.93256
676.95575
676.5221
678.4438
678.85754
677.6647
676.8724
676.12164
673.80414
674.5685
674.1756
673.6161
672.5625
672.8393
672.6607
671.4494
671.5952
672.44775
674.51495
673.7695
672.7066
673.4384
673.2943
672.8739
672.2462
671.9069
670.0691
672.5241
673.67975
674.16614
674.2417
674.0604
675.28485
675.1849
675.53937
677.2037
676.98785
677.67474
684.54297
686.7354
686.7747
692.3758
695.2181
695.56696
695.2274
693.68225
694.40186
698.41565
697.29376
698.5031
697.1344
696.7969
698.7429
698.79626
699.173
695.9937
695.8365
696.0409
695.9937
695.4623
694.9528
692.2138
690.05975
677.5755
676.6981
676.761
676.9119
674.61633
673.5566
673.4497
671.9654
672.5016
670.7918
672.0949
671.5538
671.2342
670.2785
670.5759
670.3291
673.8038
676.88257
676.9175
678.65607
680.0096
679.20447
679.84985
678.984
685.3161
683.45807
682.4129
681.69904
681.4207
685.34204
684.21173
683.1075
684.22876
685.26556
684.1836
683.73773
683.59344
684.5197
684.69305
684.3828
683.5248
688.03644
688.50665
686.16943
686.50165
688.16614
687.08307
686.701
686.57477
690.745
692.1791
692.16895
691.4155
689.8986
691.1858
693.9966
695.5714
696.36395
699.1604
698.7133
698.56995
699.0137
698.5017
696.7065
696.7611
695.4061
695.86005
703.13794
702.6069
701.2345
699.08276
701.9618
702.13196
701.84375
701.2257
700.8993
707.6608
707.0035
705.1888
703.6049
702.4336
705.35913
704.8486
703.4824
702.3463
702.71985
700.55676
700.7758
697.85767
696.4286
695.07855
694.875
694.125
695.4158
695.405
694.3333
694.8423
694.8602
695.0968
696.8853
697.16486
697.233
697.70966
696.55194
696.16846
691.58276
690.96765
690.8777
691.7148
691.9386
690.7004
687.1805
685.6282
683.58124
683.50903
683.3754
682.66785
681.3574
679.2888
681.2971
680.7826
679.7681
687.06885
685.1739
684.78625
687.3491
686.9782
686.4255
685.90546
684.7782
684.87274
685.1891
684.70184
683.3746
682.63635
681.5382
680.2836
678.89453
677.4255
675.3273
673.8436
672.14545
675.1934
672.6679
669.7664
667.219
664.2883
660.781
660.6447
659.5897
658.0989
656.35895
658.1397
657.9081
670.3198
670.06616
670.27203
669.27203
668.4228
668.02203
666.12866
664.7316
662.4559
660.375
658.98895
658.5073
656.0
653.7647
653.14703
653.5331
654.5535
656.95557
656.54645
655.03345
654.8736
653.8885
653.3011
653.90704
654.76117
654.6642
653.76117
654.9776
655.36566
654.8134
655.097
653.84326
652.2239
651.96643
653.59174
658.8566
657.7849
655.5283
654.39246
653.72455
652.30945
649.9547
647.22644
644.68677
643.48303
642.4528
641.2038
640.40753
641.9583
639.7235
639.1061
638.54926
637.5341
638.8099
640.9695
638.96564
637.187
632.7977
632.42914
632.318
632.56537
631.9846
630.46155
630.3346
631.0309
630.87646
627.6602
627.78766
626.70654
626.52124
625.31274
623.4595
621.6525
621.50195
620.1467
619.93823
619.2162
618.20465
618.4517
619.8488
620.02716
621.1284
619.18677
617.8288
617.98444
618.1323
617.20624
616.33466
615.4825
613.3619
614.0739
613.179
612.98834
610.91437
609.0506
594.93774
590.26953
589.6328
589.2578
592.3898
590.2874
590.25195
589.8622
590.15356
588.9055
588.40155
588.37006
590.19763
590.51587
589.8095
589.0278
590.6335
589.3506
588.48206
587.6335
584.98804
583.6335
581.9562
579.28687
578.5976
577.4462
580.6546
579.0241
577.89557
579.61847
580.7269
581.5663
584.60486
584.9234
587.0526
586.75305
587.0486
584.3441
583.08905
581.0526
579.85425
578.085
578.9757
577.1255
576.42914
582.46936
581.18774
583.1551
600.1967
602.2263
602.3457
603.9008
602.8223
604.27386
604.2375
602.5917
602.4625
600.1375
598.7
594.44165
592.5292
591.0917
590.3542
580.1375
579.1583
578.7375
581.80334
581.728
581.1297
580.1046
579.0753
578.54395
581.44305
581.02954
578.5949
578.0844
580.86017
584.5447
583.9404
583.0979
582.9745
583.28937
585.85895
585.2094
585.406
584.09827
583.79486
582.94446
581.9487
581.41455
580.34186
578.8376
579.953
579.8932
577.35895
578.4721
583.2987
583.1429
583.97394
583.1834
584.7851
583.0351
581.3816
580.0526
581.66077
581.5
579.95575
578.2168
576.2876
577.7778
582.64124
581.44147
580.53156
581.6018
582.55457
581.61365
578.9773
577.88635
576.5773
573.61365
572.61816
570.7182
571.08673
571.3991
569.29816
566.57336
568.3963
568.0553
569.0787
565.13025
554.0465
551.4
548.8326
547.5163
550.4159
550.17755
555.3785
555.26636
554.9159
560.67755
560.78503
562.0
562.257
560.53735
560.9766
561.96265
561.2196
559.64954
559.54205
556.9766
559.0
559.06104
556.8028
554.24884
553.24884
552.05634
551.06104
548.8169
549.8349
550.43866
550.99054
553.0237
556.93335
557.2143
557.2762
556.0476
553.51904
553.60474
553.4381
549.2297
549.1579
548.36365
547.4641
546.2536
549.74036
551.43475
549.8889
549.08215
547.8116
546.8454
546.49756
546.372
547.6957
546.89856
549.26697
548.74756
548.0825
546.27185
545.0388
