This is cutadapt 1.9.1 with Python 2.7.12
Command line parameters: -a CTGTCTCTTATACACATCT -A CTGTCTCTTATACACATCT --info-file=cutadapt_info_file -q 20 --minimum-length 36 -o /home/szha0069/test_seq_files/trim_reads/EDM_TAGGCA_L001_R1_001_trimmed.fastq.gz -p /home/szha0069/test_seq_files/trim_reads/EDM_TAGGCA_L001_R2_001_trimmed.fastq.gz /home/szha0069/test_seq_files/EDM_TAGGCA_L001_R1_001.fastq.gz /home/szha0069/test_seq_files/EDM_TAGGCA_L001_R2_001.fastq.gz
Trimming 2 adapters with at most 10.0% errors in paired-end mode ...
Finished in 16.83 s (67 us/read; 0.89 M reads/minute).

=== Summary ===

Total read pairs processed:            250,000
  Read 1 with adapter:                 106,082 (42.4%)
  Read 2 with adapter:                 105,259 (42.1%)
Pairs that were too short:             250,000 (100.0%)
Pairs written (passing filters):       0 (0.0%)

Total basepairs processed:    50,500,000 bp
  Read 1:    25,250,000 bp
  Read 2:    25,250,000 bp
Quality-trimmed:                 502,550 bp (1.0%)
  Read 1:       138,527 bp
  Read 2:       364,023 bp
Total written (filtered):              0 bp (0.0%)
  Read 1:             0 bp
  Read 2:             0 bp


=== First read: Adapter 1 ===

Sequence: CTGTCTCTTATACACATCT; Type: regular 3'; Length: 19; Trimmed: 106082 times.

No. of allowed errors:
0-9 bp: 0; 10-19 bp: 1

Bases preceding removed adapters:
  A: 10.5%
  C: 44.0%
  G: 26.9%
  T: 18.6%
  none/other: 0.0%

Overview of removed sequences
length	count	expect	max.err	error counts
3	4756	3906.2	0	4756
4	1798	976.6	0	1798
5	1455	244.1	0	1455
6	1414	61.0	0	1414
7	1318	15.3	0	1318
8	1309	3.8	0	1309
9	1454	1.0	0	1450 4
10	1304	0.2	1	1293 11
11	1413	0.1	1	1403 10
12	1518	0.0	1	1505 13
13	1408	0.0	1	1401 7
14	1420	0.0	1	1406 14
15	1436	0.0	1	1421 15
16	1483	0.0	1	1468 15
17	1496	0.0	1	1490 6
18	1514	0.0	1	1492 22
19	1437	0.0	1	1416 21
20	1524	0.0	1	1499 25
21	1597	0.0	1	1578 19
22	1608	0.0	1	1591 17
23	1498	0.0	1	1488 10
24	1503	0.0	1	1495 8
25	1641	0.0	1	1631 10
26	1647	0.0	1	1635 12
27	1728	0.0	1	1698 30
28	1574	0.0	1	1559 15
29	1583	0.0	1	1562 21
30	1928	0.0	1	1914 14
31	1452	0.0	1	1445 7
32	1644	0.0	1	1632 12
33	1569	0.0	1	1562 7
34	1782	0.0	1	1771 11
35	1693	0.0	1	1678 15
36	1861	0.0	1	1831 30
37	1716	0.0	1	1701 15
38	1726	0.0	1	1708 18
39	1769	0.0	1	1755 14
40	1833	0.0	1	1815 18
41	1761	0.0	1	1741 20
42	2067	0.0	1	2046 21
43	2163	0.0	1	2144 19
44	2249	0.0	1	2236 13
45	1170	0.0	1	1159 11
46	1669	0.0	1	1655 14
47	1727	0.0	1	1718 9
48	1892	0.0	1	1872 20
49	1500	0.0	1	1492 8
50	1734	0.0	1	1718 16
51	1874	0.0	1	1861 13
52	1728	0.0	1	1717 11
53	1769	0.0	1	1750 19
54	1743	0.0	1	1721 22
55	2114	0.0	1	2098 16
56	1488	0.0	1	1477 11
57	1542	0.0	1	1535 7
58	1501	0.0	1	1494 7
59	1684	0.0	1	1673 11
60	1419	0.0	1	1410 9
61	1731	0.0	1	1723 8
62	1549	0.0	1	1540 9
63	1362	0.0	1	1356 6
64	1193	0.0	1	1183 10
65	966	0.0	1	960 6
66	555	0.0	1	550 5
67	245	0.0	1	243 2
68	168	0.0	1	167 1
69	80	0.0	1	78 2
70	87	0.0	1	85 2
71	85	0.0	1	85
72	128	0.0	1	127 1
73	109	0.0	1	108 1
74	89	0.0	1	88 1
75	106	0.0	1	105 1
76	24	0.0	1	24
77	2	0.0	1	2

=== Second read: Adapter 2 ===

Sequence: CTGTCTCTTATACACATCT; Type: regular 3'; Length: 19; Trimmed: 105259 times.

No. of allowed errors:
0-9 bp: 0; 10-19 bp: 1

Bases preceding removed adapters:
  A: 10.4%
  C: 43.6%
  G: 27.3%
  T: 18.8%
  none/other: 0.0%

Overview of removed sequences
length	count	expect	max.err	error counts
3	4656	3906.2	0	4656
4	1722	976.6	0	1722
5	1446	244.1	0	1446
6	1377	61.0	0	1377
7	1321	15.3	0	1321
8	1263	3.8	0	1263
9	1485	1.0	0	1480 5
10	1262	0.2	1	1251 11
11	1413	0.1	1	1403 10
12	1486	0.0	1	1469 17
13	1426	0.0	1	1410 16
14	1366	0.0	1	1352 14
15	1476	0.0	1	1454 22
16	1452	0.0	1	1439 13
17	1470	0.0	1	1451 19
18	1512	0.0	1	1490 22
19	1580	0.0	1	1551 29
20	1476	0.0	1	1459 17
21	1490	0.0	1	1473 17
22	1561	0.0	1	1540 21
23	1509	0.0	1	1496 13
24	1757	0.0	1	1732 25
25	1588	0.0	1	1573 15
26	1551	0.0	1	1535 16
27	1626	0.0	1	1620 6
28	1660	0.0	1	1646 14
29	1910	0.0	1	1896 14
30	1435	0.0	1	1428 7
31	1472	0.0	1	1461 11
32	2020	0.0	1	2006 14
33	1297	0.0	1	1290 7
34	2442	0.0	1	2427 15
35	1009	0.0	1	1003 6
36	2165	0.0	1	2153 12
37	1250	0.0	1	1243 7
38	1715	0.0	1	1709 6
39	1692	0.0	1	1683 9
40	1767	0.0	1	1760 7
41	1764	0.0	1	1755 9
42	1766	0.0	1	1760 6
43	1707	0.0	1	1700 7
44	1876	0.0	1	1865 11
45	2005	0.0	1	1995 10
46	2829	0.0	1	2810 19
47	1074	0.0	1	1063 11
48	1790	0.0	1	1783 7
49	2280	0.0	1	2260 20
50	1351	0.0	1	1341 10
51	1689	0.0	1	1682 7
52	1620	0.0	1	1616 4
53	1602	0.0	1	1597 5
54	1708	0.0	1	1703 5
55	2249	0.0	1	2238 11
56	1299	0.0	1	1288 11
57	1491	0.0	1	1486 5
58	1522	0.0	1	1519 3
59	1522	0.0	1	1519 3
60	1461	0.0	1	1454 7
61	1688	0.0	1	1681 7
62	1637	0.0	1	1628 9
63	1386	0.0	1	1383 3
64	1201	0.0	1	1196 5
65	954	0.0	1	948 6
66	566	0.0	1	564 2
67	279	0.0	1	278 1
68	188	0.0	1	188
69	106	0.0	1	105 1
70	140	0.0	1	138 2
71	107	0.0	1	106 1
72	248	0.0	1	247 1
73	47	0.0	1	46 1
74	1	0.0	1	0 1
75	1	0.0	1	1


