TOTAL_READS	EXPECTED_DISTINCT	LOWER_0.95CI	UPPER_0.95CI
0	0	0	0
10000.0	7279.5	6903.5	7676.0
20000.0	13047.5	12410.2	13717.5
30000.0	17945.5	17113.6	18817.9
40000.0	22217.0	21230.9	23248.9
50000.0	26025.5	24913.2	27187.4
60000.0	29467.4	28248.7	30738.7
70000.0	32613.9	31303.6	33979.0
80000.0	35511.5	34121.2	36958.3
90000.0	38186.4	36725.2	39705.7
100000.0	40684.2	39159.0	42268.9
110000.0	43014.6	41429.9	44660.0
120000.0	45196.2	43551.7	46902.7
130000.0	47224.0	45512.1	49000.2
140000.0	49137.1	47342.0	51000.3
150000.0	50931.5	49035.2	52901.2
160000.0	52668.8	50657.5	54760.0
170000.0	54316.5	52176.6	56544.1
180000.0	55837.5	53555.8	58216.5
190000.0	57296.0	54860.3	59839.8
200000.0	58752.0	56152.8	61471.5
210000.0	60101.5	57331.8	63005.0
220000.0	61371.2	58426.6	64464.2
230000.0	62636.0	59513.9	65922.0
240000.0	63832.0	60531.2	67312.9
250000.0	65006.8	61526.9	68683.5
260000.0	66072.4	62413.6	69945.7
270000.0	67090.7	63253.2	71161.0
280000.0	68100.6	64084.5	72368.3
290000.0	69073.4	64878.7	73539.2
300000.0	70025.8	65652.5	74690.6
310000.0	70914.2	66361.9	75778.9
320000.0	71816.0	67084.2	76881.6
330000.0	72704.4	67792.6	77972.1
340000.0	73510.5	68418.2	78981.8
350000.0	74311.3	69037.9	79987.6
360000.0	75125.9	69670.6	81008.3
370000.0	75888.8	70251.1	81978.9
380000.0	76669.0	70848.2	82968.1
390000.0	77436.7	71432.2	83946.1
400000.0	78183.2	71994.4	84904.0
410000.0	78889.6	72516.1	85823.2
420000.0	79573.4	73015.0	86721.0
430000.0	80233.8	73490.0	87596.4
440000.0	80869.7	73940.4	88448.5
450000.0	81478.2	74363.2	89274.0
460000.0	82070.7	74769.8	90084.4
470000.0	82647.8	75161.0	90880.2
480000.0	83210.1	75537.4	91662.0
490000.0	83758.2	75899.7	92430.3
500000.0	84292.6	76248.4	93185.4
510000.0	84813.9	76584.1	93928.0
520000.0	85322.5	76907.4	94658.4
530000.0	85819.0	77218.8	95377.0
540000.0	86299.7	77514.7	96080.3
550000.0	86766.8	77797.4	96770.3
560000.0	87223.1	78069.6	97449.7
570000.0	87680.8	78343.7	98130.8
580000.0	88123.9	78603.5	98797.4
590000.0	88554.8	78851.7	99452.0
600000.0	88976.0	79090.6	100097.0
610000.0	89388.0	79320.8	100732.8
620000.0	89790.9	79542.6	101359.6
630000.0	90185.1	79756.2	101977.8
640000.0	90570.9	79961.9	102587.5
650000.0	90948.6	80160.1	103189.0
660000.0	91318.3	80351.1	103782.5
670000.0	91674.9	80529.5	104362.9
680000.0	92019.5	80696.6	104931.1
690000.0	92357.6	80857.9	105492.8
700000.0	92704.7	81028.7	106063.2
710000.0	93040.7	81189.1	106622.3
720000.0	93364.4	81338.0	107169.0
730000.0	93681.8	81481.2	107709.2
740000.0	93993.0	81619.0	108243.1
750000.0	94298.3	81751.5	108770.8
760000.0	94597.9	81878.9	109292.5
770000.0	94891.8	82001.5	109808.4
780000.0	95180.2	82119.3	110318.5
790000.0	95463.4	82232.5	110823.1
800000.0	95741.4	82341.2	111322.3
810000.0	96009.1	82440.4	111811.0
820000.0	96269.6	82533.2	112292.2
830000.0	96525.4	82621.9	112768.4
840000.0	96785.7	82715.8	113248.8
850000.0	97048.1	82812.5	113730.9
860000.0	97306.2	82905.5	114208.3
870000.0	97559.9	82994.8	114681.0
880000.0	97809.4	83080.6	115149.3
890000.0	98054.7	83163.0	115613.1
900000.0	98296.1	83242.1	116072.6
910000.0	98533.6	83318.0	116527.8
920000.0	98767.2	83390.7	116978.9
930000.0	98997.1	83460.5	117426.0
940000.0	99223.4	83527.2	117869.1
950000.0	99446.1	83591.1	118308.3
960000.0	99665.4	83652.2	118743.8
970000.0	99881.2	83710.6	119175.5
980000.0	100093.8	83766.4	119603.6
990000.0	100303.1	83819.6	120028.1
1000000.0	100509.3	83870.4	120449.2
1010000.0	100712.4	83918.6	120866.8
1020000.0	100912.4	83964.6	121281.1
1030000.0	101109.5	84008.2	121692.1
1040000.0	101303.7	84049.6	122099.9
1050000.0	101495.2	84088.9	122504.5
1060000.0	101683.8	84126.0	122906.1
1070000.0	101869.7	84161.0	123304.6
1080000.0	102053.0	84194.1	123700.2
1090000.0	102233.7	84225.1	124092.8
1100000.0	102411.9	84254.3	124482.6
1110000.0	102587.6	84281.6	124869.6
1120000.0	102757.7	84304.1	125250.8
1130000.0	102921.2	84320.6	125625.1
1140000.0	103082.5	84335.5	125996.9
1150000.0	103241.6	84348.7	126366.1
1160000.0	103398.4	84360.4	126732.8
1170000.0	103553.2	84370.6	127097.1
1180000.0	103705.8	84379.2	127459.0
1190000.0	103856.4	84386.4	127818.6
1200000.0	104005.0	84392.2	128175.8
1210000.0	104151.6	84396.6	128530.7
1220000.0	104296.3	84399.7	128883.5
1230000.0	104439.1	84401.4	129234.0
1240000.0	104580.1	84401.9	129582.4
1250000.0	104719.2	84401.1	129928.6
1260000.0	104856.6	84399.1	130272.8
1270000.0	104992.2	84395.9	130614.9
1280000.0	105126.1	84391.6	130955.0
1290000.0	105257.7	84385.5	131292.6
1300000.0	105381.6	84372.3	131622.3
1310000.0	105503.9	84358.2	131950.1
1320000.0	105624.6	84343.0	132276.1
1330000.0	105743.9	84326.9	132600.3
1340000.0	105861.6	84309.8	132922.7
1350000.0	105978.0	84291.8	133243.4
1360000.0	106092.9	84272.9	133562.4
1370000.0	106206.4	84253.2	133879.7
1380000.0	106318.5	84232.5	134195.4
1390000.0	106429.3	84211.1	134509.4
1400000.0	106538.7	84188.8	134821.9
1410000.0	106646.5	84165.5	135132.5
1420000.0	106751.9	84140.2	135440.3
1430000.0	106856.1	84114.2	135746.7
1440000.0	106959.0	84087.4	136051.6
1450000.0	107060.7	84060.0	136355.0
1460000.0	107161.3	84031.8	136657.0
1470000.0	107260.6	84003.0	136957.5
1480000.0	107358.9	83973.6	137256.7
1490000.0	107460.1	83947.4	137558.3
1500000.0	107564.1	83924.4	137862.5
1510000.0	107667.0	83900.8	138165.2
1520000.0	107768.7	83876.5	138466.5
1530000.0	107869.3	83851.6	138766.5
1540000.0	107968.9	83826.1	139065.1
1550000.0	108067.4	83799.9	139362.4
1560000.0	108164.8	83773.1	139658.4
1570000.0	108261.1	83745.7	139953.1
1580000.0	108356.5	83717.8	140246.5
1590000.0	108450.8	83689.3	140538.6
1600000.0	108544.2	83660.3	140829.5
1610000.0	108636.5	83630.7	141119.2
1620000.0	108727.9	83600.6	141407.7
1630000.0	108818.4	83570.0	141694.9
1640000.0	108907.9	83538.8	141981.0
1650000.0	108996.5	83507.2	142266.0
1660000.0	109084.2	83475.2	142549.8
1670000.0	109171.0	83442.6	142832.5
1680000.0	109257.0	83409.6	143114.0
1690000.0	109342.1	83376.2	143394.5
1700000.0	109426.3	83342.3	143673.8
1710000.0	109509.7	83308.0	143952.1
1720000.0	109592.2	83273.3	144229.4
1730000.0	109674.0	83238.2	144505.6
1740000.0	109754.9	83202.7	144780.7
1750000.0	109835.1	83166.8	145054.9
1760000.0	109914.5	83130.5	145328.0
1770000.0	109993.1	83093.9	145600.1
1780000.0	110071.0	83056.9	145871.3
1790000.0	110148.1	83019.6	146141.5
1800000.0	110224.5	82981.9	146410.7
1810000.0	110300.1	82943.8	146679.0
1820000.0	110375.1	82905.5	146946.4
1830000.0	110449.3	82866.8	147212.8
1840000.0	110522.9	82827.8	147478.3
1850000.0	110595.8	82788.6	147742.9
1860000.0	110667.9	82749.0	148006.6
1870000.0	110739.5	82709.1	148269.4
1880000.0	110810.4	82668.9	148531.4
1890000.0	110880.6	82628.5	148792.5
1900000.0	110950.2	82587.8	149052.7
1910000.0	111019.1	82546.8	149312.2
1920000.0	111087.5	82505.6	149570.7
1930000.0	111155.2	82464.2	149828.5
1940000.0	111222.3	82422.4	150085.4
1950000.0	111288.9	82380.5	150341.5
1960000.0	111354.8	82338.3	150596.9
1970000.0	111420.2	82295.9	150851.4
1980000.0	111484.9	82253.3	151105.2
1990000.0	111549.2	82210.4	151358.2
2000000.0	111612.8	82167.3	151610.4
2010000.0	111675.9	82124.1	151861.9
2020000.0	111738.5	82080.6	152112.6
2030000.0	111800.5	82037.0	152362.6
2040000.0	111862.0	81993.1	152611.8
2050000.0	111923.0	81949.1	152860.3
2060000.0	111983.5	81904.9	153108.2
2070000.0	112043.4	81860.5	153355.3
2080000.0	112102.9	81815.9	153601.7
2090000.0	112161.9	81771.2	153847.4
2100000.0	112220.3	81726.3	154092.4
2110000.0	112278.3	81681.2	154336.7
2120000.0	112335.8	81636.0	154580.4
2130000.0	112392.8	81590.7	154823.4
2140000.0	112449.4	81545.2	155065.7
2150000.0	112505.5	81499.5	155307.4
2160000.0	112561.1	81453.8	155548.5
2170000.0	112616.3	81407.9	155788.9
2180000.0	112671.1	81361.8	156028.6
2190000.0	112725.4	81315.6	156267.7
2200000.0	112779.3	81269.4	156506.2
2210000.0	112832.7	81222.9	156744.1
2220000.0	112885.7	81176.4	156981.4
2230000.0	112938.3	81129.8	157218.1
2240000.0	112990.5	81083.0	157454.1
2250000.0	113042.3	81036.2	157689.6
2260000.0	113093.7	80989.2	157924.5
2270000.0	113144.7	80942.2	158158.8
2280000.0	113195.3	80895.0	158392.5
2290000.0	113245.5	80847.8	158625.7
2300000.0	113295.3	80800.5	158858.2
2310000.0	113344.7	80753.0	159090.3
2320000.0	113393.7	80705.5	159321.7
2330000.0	113442.4	80657.9	159552.6
2340000.0	113490.7	80610.3	159783.0
2350000.0	113538.7	80562.5	160012.8
2360000.0	113586.3	80514.7	160242.0
2370000.0	113633.5	80466.8	160470.8
2380000.0	113680.4	80418.9	160699.0
2390000.0	113726.9	80370.8	160926.6
2400000.0	113773.1	80322.8	161153.8
2410000.0	113818.9	80274.6	161380.4
2420000.0	113864.4	80226.4	161606.6
2430000.0	113909.6	80178.1	161832.2
2440000.0	113954.5	80129.8	162057.3
2450000.0	113999.0	80081.4	162281.9
2460000.0	114043.2	80033.0	162506.0
2470000.0	114087.1	79984.6	162729.6
2480000.0	114130.6	79936.1	162952.8
2490000.0	114173.9	79887.5	163175.4
2500000.0	114216.8	79838.9	163397.6
2510000.0	114259.5	79790.3	163619.3
2520000.0	114301.8	79741.6	163840.5
2530000.0	114343.8	79692.9	164061.2
2540000.0	114385.6	79644.1	164281.5
2550000.0	114427.0	79595.4	164501.4
2560000.0	114468.2	79546.6	164720.7
2570000.0	114509.1	79497.7	164939.6
2580000.0	114549.7	79448.9	165158.1
2590000.0	114590.0	79400.0	165376.1
2600000.0	114630.0	79351.1	165593.7
2610000.0	114669.8	79302.2	165810.8
2620000.0	114709.2	79253.2	166027.5
2630000.0	114748.5	79204.2	166243.7
2640000.0	114787.4	79155.3	166459.5
2650000.0	114826.1	79106.3	166674.9
2660000.0	114864.5	79057.3	166889.9
2670000.0	114902.7	79008.2	167104.4
2680000.0	114940.6	78959.2	167318.6
2690000.0	114978.2	78910.2	167532.3
2700000.0	115015.7	78861.1	167745.5
2710000.0	115052.8	78812.1	167958.4
2720000.0	115089.7	78763.0	168170.9
2730000.0	115126.4	78713.9	168383.0
2740000.0	115162.8	78664.9	168594.6
2750000.0	115199.0	78615.8	168805.9
2760000.0	115235.0	78566.7	169016.8
2770000.0	115270.7	78517.7	169227.3
2780000.0	115306.2	78468.6	169437.3
2790000.0	115341.4	78419.6	169647.0
2800000.0	115376.5	78370.5	169856.3
2810000.0	115411.3	78321.5	170065.3
2820000.0	115445.9	78272.4	170273.8
2830000.0	115480.2	78223.4	170482.0
2840000.0	115514.4	78174.4	170689.8
2850000.0	115548.3	78125.4	170897.2
2860000.0	115582.0	78076.4	171104.2
2870000.0	115615.5	78027.4	171310.9
2880000.0	115648.8	77978.4	171517.2
2890000.0	115681.9	77929.5	171723.2
2900000.0	115714.7	77880.5	171928.8
2910000.0	115747.4	77831.6	172134.0
2920000.0	115779.9	77782.7	172338.9
2930000.0	115812.2	77733.8	172543.4
2940000.0	115844.2	77684.9	172747.5
2950000.0	115876.1	77636.1	172951.4
2960000.0	115907.8	77587.3	173154.8
2970000.0	115939.3	77538.5	173357.9
2980000.0	115968.8	77488.1	173559.2
2990000.0	115998.2	77437.7	173760.0
