TOTAL_READS	EXPECTED_DISTINCT	LOWER_0.95CI	UPPER_0.95CI
0	0	0	0
10000.0	7401.5	6936.7	7897.5
20000.0	13321.0	12532.9	14158.7
30000.0	18395.5	17360.9	19491.8
40000.0	22869.5	21636.4	24172.9
50000.0	26897.5	25496.7	28375.2
60000.0	30565.0	29020.0	32192.3
70000.0	33945.0	32271.2	35705.7
80000.0	37100.5	35310.8	38980.9
90000.0	40059.5	38163.4	42049.8
100000.0	42845.0	40851.2	44936.2
110000.0	45481.0	43395.8	47666.4
120000.0	47991.0	45820.0	50264.8
130000.0	50392.0	48138.7	52750.8
140000.0	52693.8	50363.0	55132.4
150000.0	54905.7	52501.0	57420.5
160000.0	57036.3	54560.9	59624.1
170000.0	59092.9	56549.4	61750.7
180000.0	61081.6	58472.7	63806.9
190000.0	63007.9	60335.6	65798.6
200000.0	64873.6	62140.1	67727.4
210000.0	66680.4	63887.9	69595.0
220000.0	68426.2	65577.6	71398.4
230000.0	70119.9	67218.7	73146.2
240000.0	71766.5	68816.2	74843.3
250000.0	73368.6	70372.0	76492.9
260000.0	74934.8	71893.2	78105.0
270000.0	76489.1	73401.9	79706.2
280000.0	78033.4	74898.3	81299.8
290000.0	79546.4	76360.4	82865.4
300000.0	81000.6	77759.5	84376.7
310000.0	82427.0	79126.7	85864.9
320000.0	83816.4	80453.3	87320.1
330000.0	85186.3	81756.9	88759.5
340000.0	86517.0	83018.0	90163.5
350000.0	87812.7	84240.1	91536.7
360000.0	89136.3	85485.7	92942.8
370000.0	90433.4	86699.7	94328.0
380000.0	91700.9	87878.4	95689.6
390000.0	92832.9	88915.8	96922.6
400000.0	94045.4	90027.1	98243.1
410000.0	95185.5	91059.4	99498.6
420000.0	96325.0	92084.1	100761.1
430000.0	97536.0	93173.3	102102.9
440000.0	98616.0	94124.6	103321.7
450000.0	99709.9	95082.8	104562.1
460000.0	100745.1	95975.6	105751.7
470000.0	101770.4	96851.7	106938.9
480000.0	102778.4	97704.2	108116.2
490000.0	103769.7	98533.7	109284.0
500000.0	104771.1	99367.3	110468.8
510000.0	105757.7	100180.4	111645.5
520000.0	106716.3	100960.1	112800.7
530000.0	107644.0	101703.8	113931.1
540000.0	108597.2	102468.1	115092.9
550000.0	109482.5	103160.1	116192.4
560000.0	110374.0	103853.8	117303.5
570000.0	111225.2	104503.3	118379.5
580000.0	112094.3	105166.7	119478.2
590000.0	112918.4	105781.7	120536.6
600000.0	113729.7	106380.4	121586.7
610000.0	114544.9	106979.9	122644.9
620000.0	115412.1	107628.1	123758.9
630000.0	116266.7	108261.0	124864.3
640000.0	117098.4	108868.4	125950.5
650000.0	117919.2	109462.5	127029.3
660000.0	118762.3	110076.3	128133.7
670000.0	119582.4	110665.0	129218.4
680000.0	120381.6	111230.8	130285.2
690000.0	121104.8	111718.8	131279.3
700000.0	121817.8	112194.9	132266.1
710000.0	122520.7	112659.2	133245.5
720000.0	123218.9	113117.1	134222.9
730000.0	123935.3	113591.6	135220.8
740000.0	124642.7	114055.8	136212.3
750000.0	125367.2	114535.6	137223.0
760000.0	126082.9	115005.5	138227.4
770000.0	126790.2	115465.7	139225.4
780000.0	127489.1	115916.4	140217.1
790000.0	128179.8	116358.0	141202.7
800000.0	128863.7	116791.8	142183.4
810000.0	129558.5	117235.4	143176.8
820000.0	130252.6	117677.6	144171.4
830000.0	130964.7	118136.9	145185.4
840000.0	131669.7	118588.3	146194.1
850000.0	132367.8	119032.1	147197.5
860000.0	133059.0	119468.4	148195.7
870000.0	133743.5	119897.4	149188.6
880000.0	134421.4	120319.3	150176.4
890000.0	135092.8	120734.2	151159.1
900000.0	135757.8	121142.2	152136.8
910000.0	136416.5	121543.5	153109.5
920000.0	137063.1	121932.4	154071.5
930000.0	137636.5	122248.2	154962.0
940000.0	138203.8	122557.5	155847.5
950000.0	138765.0	122860.6	156728.3
960000.0	139320.3	123157.5	157604.2
970000.0	139869.7	123448.4	158475.5
980000.0	140426.5	123746.3	159355.0
990000.0	141013.6	124074.2	160265.7
1000000.0	141595.1	124396.4	161171.7
1010000.0	142133.1	124675.3	162035.6
1020000.0	142665.7	124948.6	162894.9
1030000.0	143192.8	125216.5	163749.7
1040000.0	143714.5	125479.0	164600.0
1050000.0	144230.9	125736.3	165446.0
1060000.0	144742.2	125988.4	166287.6
1070000.0	145248.4	126235.5	167124.9
1080000.0	145749.5	126477.6	167958.0
1090000.0	146245.7	126714.9	168786.8
1100000.0	146737.0	126947.4	169611.6
1110000.0	147223.5	127175.2	170432.2
1120000.0	147705.3	127398.4	171248.9
1130000.0	148182.4	127617.2	172061.5
1140000.0	148647.5	127824.3	172863.0
1150000.0	149074.6	127993.9	173627.4
1160000.0	149497.3	128159.2	174388.0
1170000.0	149915.5	128320.5	175144.8
1180000.0	150359.5	128507.4	175927.6
1190000.0	150808.2	128699.1	176715.5
1200000.0	151252.6	128886.8	177499.6
1210000.0	151692.9	129070.6	178280.1
1220000.0	152129.0	129250.6	179057.0
1230000.0	152561.1	129426.9	179830.3
1240000.0	152989.1	129599.5	180600.1
1250000.0	153394.0	129749.4	181347.4
1260000.0	153794.3	129895.1	182090.6
1270000.0	154190.8	130037.4	182830.4
1280000.0	154583.5	130176.3	183566.9
1290000.0	154972.6	130311.9	184300.1
1300000.0	155358.0	130444.2	185030.1
1310000.0	155739.8	130573.3	185756.8
1320000.0	156118.1	130699.3	186480.3
1330000.0	156492.8	130822.2	187200.7
1340000.0	156864.2	130942.1	187918.0
1350000.0	157232.1	131059.0	188632.2
1360000.0	157596.7	131173.0	189343.4
1370000.0	157958.0	131284.1	190051.5
1380000.0	158316.1	131392.4	190756.7
1390000.0	158670.9	131497.9	191459.0
1400000.0	159022.6	131600.7	192158.3
1410000.0	159371.1	131700.9	192854.8
1420000.0	159716.6	131798.5	193548.4
1430000.0	160059.0	131893.4	194239.2
1440000.0	160398.4	131985.9	194927.3
1450000.0	160734.8	132075.9	195612.5
1460000.0	161068.4	132163.4	196295.1
1470000.0	161399.0	132248.5	196974.9
1480000.0	161726.8	132331.3	197652.1
1490000.0	162051.8	132411.8	198326.6
1500000.0	162374.0	132490.0	198998.5
1510000.0	162693.5	132566.0	199667.9
1520000.0	163010.2	132639.8	200334.7
1530000.0	163324.3	132711.4	200998.9
1540000.0	163635.8	132780.9	201660.6
1550000.0	163944.7	132848.3	202319.9
1560000.0	164251.0	132913.7	202976.6
1570000.0	164554.7	132977.1	203631.0
1580000.0	164856.0	133038.5	204282.9
1590000.0	165154.8	133098.0	204932.5
1600000.0	165451.1	133155.5	205579.7
1610000.0	165745.0	133211.2	206224.5
1620000.0	166036.6	133265.0	206867.1
1630000.0	166325.8	133317.0	207507.3
1640000.0	166612.6	133367.3	208145.2
1650000.0	166897.2	133415.8	208780.9
1660000.0	167179.5	133462.5	209414.4
1670000.0	167459.5	133507.6	210045.7
1680000.0	167737.3	133551.0	210674.8
1690000.0	168013.0	133592.7	211301.7
1700000.0	168286.5	133632.9	211926.4
1710000.0	168557.8	133671.4	212549.0
1720000.0	168827.0	133708.5	213169.5
1730000.0	169094.2	133743.9	213788.0
1740000.0	169359.3	133777.9	214404.3
1750000.0	169622.3	133810.4	215018.6
1760000.0	169883.3	133841.4	215630.8
1770000.0	170142.3	133871.0	216241.1
1780000.0	170399.4	133899.2	216849.3
1790000.0	170654.5	133926.0	217455.6
1800000.0	170907.7	133951.5	218059.9
1810000.0	171159.0	133975.6	218662.2
1820000.0	171408.4	133998.4	219262.6
1830000.0	171655.9	134019.8	219861.1
1840000.0	171901.6	134040.0	220457.7
1850000.0	172145.5	134059.0	221052.4
1860000.0	172387.6	134076.7	221645.3
1870000.0	172627.9	134093.2	222236.3
1880000.0	172866.4	134108.5	222825.4
1890000.0	173103.2	134122.7	223412.8
1900000.0	173338.3	134135.6	223998.3
1910000.0	173571.7	134147.5	224582.1
1920000.0	173803.3	134158.2	225164.0
1930000.0	174033.4	134167.8	225744.3
1940000.0	174261.8	134176.4	226322.7
1950000.0	174488.5	134183.8	226899.5
1960000.0	174713.6	134190.2	227474.5
1970000.0	174937.2	134195.6	228047.8
1980000.0	175159.1	134200.0	228619.4
1990000.0	175379.5	134203.4	229189.3
2000000.0	175598.4	134205.8	229757.6
2010000.0	175815.7	134207.2	230324.2
2020000.0	176031.5	134207.7	230889.2
2030000.0	176245.9	134207.2	231452.6
2040000.0	176458.7	134205.8	232014.3
2050000.0	176670.1	134203.5	232574.5
2060000.0	176880.0	134200.3	233133.0
2070000.0	177088.5	134196.2	233690.0
2080000.0	177295.5	134191.3	234245.4
2090000.0	177501.2	134185.5	234799.3
2100000.0	177705.4	134178.9	235351.6
2110000.0	177908.3	134171.5	235902.4
2120000.0	178109.9	134163.2	236451.7
2130000.0	178310.0	134154.2	236999.5
2140000.0	178508.9	134144.3	237545.7
2150000.0	178706.4	134133.7	238090.5
2160000.0	178902.6	134122.4	238633.8
2170000.0	179097.5	134110.2	239175.7
2180000.0	179291.1	134097.4	239716.0
2190000.0	179483.4	134083.8	240255.0
2200000.0	179674.5	134069.5	240792.5
2210000.0	179864.4	134054.5	241328.6
2220000.0	180053.0	134038.8	241863.3
2230000.0	180240.4	134022.5	242396.5
2240000.0	180426.5	134005.5	242928.4
2250000.0	180611.5	133987.8	243458.9
2260000.0	180795.3	133969.4	243988.1
2270000.0	180977.9	133950.5	244515.8
2280000.0	181159.4	133930.9	245042.2
2290000.0	181339.7	133910.6	245567.3
2300000.0	181518.8	133889.8	246091.0
2310000.0	181697.1	133868.6	246613.6
2320000.0	181877.5	133850.0	247138.0
2330000.0	182056.7	133830.7	247661.1
2340000.0	182234.9	133810.9	248182.8
2350000.0	182411.9	133790.4	248703.2
2360000.0	182587.9	133769.4	249222.4
2370000.0	182762.8	133747.9	249740.2
2380000.0	182930.2	133719.7	250250.8
2390000.0	183095.3	133689.8	250758.8
2400000.0	183259.3	133659.3	251265.6
2410000.0	183422.3	133628.3	251771.2
2420000.0	183584.3	133596.8	252275.5
2430000.0	183745.3	133564.9	252778.7
2440000.0	183905.3	133532.4	253280.6
2450000.0	184064.4	133499.5	253781.3
2460000.0	184222.4	133466.2	254280.9
2470000.0	184379.5	133432.4	254779.2
2480000.0	184535.7	133398.2	255276.4
2490000.0	184690.9	133363.5	255772.5
2500000.0	184845.1	133328.4	256267.3
2510000.0	184998.4	133292.9	256761.0
2520000.0	185150.8	133257.0	257253.6
2530000.0	185302.3	133220.6	257745.0
2540000.0	185452.9	133183.9	258235.3
2550000.0	185602.6	133146.8	258724.5
2560000.0	185751.4	133109.2	259212.5
2570000.0	185899.3	133071.4	259699.5
2580000.0	186046.4	133033.1	260185.3
2590000.0	186192.6	132994.4	260670.0
2600000.0	186337.9	132955.5	261153.7
2610000.0	186482.4	132916.1	261636.3
2620000.0	186626.0	132876.4	262117.7
2630000.0	186768.8	132836.4	262598.2
2640000.0	186910.8	132796.0	263077.5
2650000.0	187051.9	132755.3	263555.8
2660000.0	187192.3	132714.2	264033.0
2670000.0	187331.8	132672.9	264509.2
2680000.0	187470.5	132631.2	264984.4
2690000.0	187608.5	132589.2	265458.5
2700000.0	187745.6	132547.0	265931.6
2710000.0	187882.0	132504.4	266403.7
2720000.0	188017.6	132461.5	266874.7
2730000.0	188152.5	132418.3	267344.7
2740000.0	188286.5	132374.9	267813.8
2750000.0	188419.9	132331.2	268281.8
2760000.0	188555.4	132290.0	268751.6
2770000.0	188698.8	132256.6	269228.4
2780000.0	188841.4	132223.0	269704.1
2790000.0	188988.6	132194.1	270183.8
2800000.0	189137.7	132167.4	270664.9
2810000.0	189286.0	132140.4	271144.9
2820000.0	189433.5	132113.0	271623.9
2830000.0	189580.2	132085.3	272101.9
2840000.0	189726.2	132057.4	272578.8
2850000.0	189871.5	132029.1	273054.8
2860000.0	190016.0	132000.5	273529.7
2870000.0	190159.7	131971.7	274003.6
2880000.0	190302.7	131942.5	274476.5
2890000.0	190445.0	131913.1	274948.4
2900000.0	190586.5	131883.4	275419.3
2910000.0	190727.4	131853.4	275889.2
2920000.0	190867.5	131823.1	276358.1
2930000.0	191006.9	131792.6	276826.1
2940000.0	191145.6	131761.8	277293.0
2950000.0	191283.6	131730.8	277759.0
2960000.0	191420.9	131699.5	278224.1
2970000.0	191557.5	131667.9	278688.2
2980000.0	191693.5	131636.1	279151.3
2990000.0	191828.7	131604.1	279613.5
