809.94
820.933
826.995
837.08
843.057
857.421
866.396
874.034
879.47
885.396
890.353
897.56
907.692
912.37
922.161
926.48
930.092
935.366
940.225
946.03
952.173
962.043
967.64
972.544
978.126
986.394
996.868
1002.475
1008.184
1015.272
1022.347
1029.52
1037.331
1043.612
1051.782
1059.352
1068.434
1075.534
1081.315
1088.774
1096.98
1106.3
1114.8
1122.444
1129.198
1136.891
1153.839
1161.886
1167.607
1174.877
1183.529
1194.55
1203.974
1214.974
1222.632
1229.073
1237.425
1245.707
1251.344
1257.444
1264.859
1270.933
1277.83
1284.374
1288.242
1290.74
1296.926
1303.956
1310.418
1318.884
1332.583
1340.534
1357.042
1364.485
1372.672
1381.38
1388.425
1396.126
1401.862
1411.283
1419.877
1429.412
1438.822
1448.092
1455.524
1463.063
1472.41
1480.997
1488.598
1496.307
1509.666
1508.164
1515.571
1528.484
1536.002
1541.921
1557.545
1566.115
1573.129
1582.228
1587.887
1594.589
1600.076
1607.456
1619.329
1624.598
1630.894
1644.148
1645.948
1655.9569
1654.2683
1661.3033
1664.6456
1673.3573
1682.4724
1690.5265
1699.4144
1705.8699
1710.8188
1714.0731
1722.1462
1728.05
1726.479
1732.1964
1734.8938
1741.3888
1742.9078
1746.7395
1753.03
1757.5531
1756.47
1760.6443
1762.2184
1763.8688
1768.8376
1767.6703
1772.6743
1773.3607
1772.1783
1775.9019
1777.5361
1780.489
1784.9379
1788.6212
1786.2605
1785.3848
1783.9409
1785.1443
1787.955
1788.5631
1788.7996
1790.0421
1789.5762
1795.4489
1803.6233
1807.2024
1809.4288
1812.2084
1810.3157
1810.9319
1810.0822
1811.7365
1815.7695
1818.1312
1821.9879
1823.491
1829.5231
1834.5571
1837.0671
1841.9459
1844.1272
1849.8838
1853.7324
1855.3607
1858.1493
1857.491
1863.6229
1868.2778
1868.9227
1872.7933
1875.2167
1872.8275
1876.3651
1875.3721
1874.5487
1875.5747
1880.984
1889.9519
1897.7262
1898.8064
1897.8837
1900.5687
1904.1013
1905.334
1903.0221
1905.999
1907.646
1915.0702
1919.4293
1918.2638
1918.8636
1917.8585
1913.9227
1915.6229
1918.1304
1918.7612
1923.661
1921.4503
1924.9648
1926.332
1931.2517
1927.2026
1923.3671
1928.5466
1928.7773
1928.7112
1931.696
1934.2798
1933.8485
1936.7653
1937.5778
1942.7733
1943.4001
1939.6359
1935.3209
1937.8456
1946.2849
1950.8546
1952.9358
1950.5532
1953.0994
1953.2329
1955.1095
1954.0682
1950.4408
1950.9126
1950.7749
1954.5548
1957.0271
1957.1628
1957.3689
1959.9266
1965.2272
1966.3618
1966.793
1970.2382
1976.0251
1985.3809
1979.1769
1984.1356
1988.5272
1986.324
1987.9849
1990.9276
1990.4813
1992.004
1993.3293
1983.9396
1982.2034
1985.2356
1984.6012
1986.8054
1982.63
1978.6865
1977.2671
1980.6392
1992.9193
1992.2197
1986.7349
1982.9344
1985.504
1985.9213
1981.5217
1980.3713
1975.4531
1964.0565
1964.4066
1963.3491
1966.5833
1972.492
1969.1545
1973.0343
1972.1204
1973.6128
1977.2035
1974.6104
1977.4802
1976.2057
1970.0891
1970.5461
1966.4381
1962.0273
1958.8854
1959.3185
1958.3489
1956.9442
1959.5198
1963.5895
1962.5752
1961.934
1957.0397
1960.8425
1961.6027
1958.8384
1955.1351
1945.2023
1944.997
1938.7933
1937.3595
1934.9247
1930.2678
1926.1569
1914.3639
1914.1978
1913.0642
1911.9623
1896.4918
1894.9357
1896.7643
1893.2449
1891.8113
1891.6521
1889.0112
1887.9745
1891.1869
1895.2025
1900.7145
1897.655
1901.9047
1903.201
1901.6677
1901.6871
1898.0082
1900.6355
1903.6752
1905.4589
1902.8179
1899.3046
1903.9856
1897.7134
1901.599
1902.5258
1905.3519
1908.4907
1908.6375
1912.7814
1920.9274
1924.03
1926.46
1924.0249
1924.5941
1924.8573
1917.8354
1917.9854
1916.6617
1918.7942
1914.222
1910.088
1909.7957
1908.825
1903.1111
1904.0441
1903.8342
1898.7911
1906.5588
1901.2502
1899.0989
1895.1504
1891.5973
1889.0579
1892.1074
1892.8881
1892.4344
1891.537
1888.0063
1887.9884
1883.5576
1885.7701
1898.0573
1894.9437
1884.2505
1884.1221
1887.0117
1886.4276
1884.4393
1879.1809
1883.1161
1874.0918
1864.4413
1862.7808
1867.6377
1863.058
1863.3845
1860.3469
1864.0667
1868.5011
1865.2554
1866.9385
1863.4536
1860.9426
1853.0065
1846.8806
1845.1174
1845.3253
1847.481
1845.7292
1832.9585
1835.2831
1829.6361
1821.7279
1816.2416
1818.0273
1817.2709
1814.9912
1805.2687
1803.3004
1802.9725
1792.9363
1794.8715
1794.2941
1795.4526
1792.5188
1789.3444
1780.4459
1778.7969
1772.3013
1770.8751
1777.5708
1777.6412
1776.5576
1779.8868
1769.3651
1765.838
1763.1533
1756.6466
1748.1326
1744.1426
1747.1039
1747.0481
1740.9307
1738.2136
1733.6107
1730.2439
1725.7708
1724.0045
1721.9574
1727.4366
1727.8729
1719.7396
1719.3993
1718.1893
1718.8923
1725.4105
1723.9509
1716.9235
1714.7637
1716.8501
1712.8259
1711.0436
1710.055
1705.0724
1707.3876
1710.918
1710.4562
1710.7604
1705.6276
1697.8768
1689.6133
1691.2506
1688.6095
1693.1235
1695.7454
1695.8407
1693.3442
1692.2673
1691.2615
1692.3263
1690.3844
1697.4413
1692.9122
1694.1262
1696.086
1707.3506
1702.9832
1701.1361
1688.9156
1688.2678
1686.4353
1684.8293
1685.5564
1691.0679
1686.25
1687.9198
1688.062
1688.2036
1705.2925
1700.0968
1702.4681
1700.3746
1709.3412
1709.005
1706.8134
1716.4044
1706.888
1713.677
1704.8273
1704.2468
1703.2961
1701.0791
1700.1925
1703.388
1707.8245
1706.1492
1702.1619
1702.3164
1712.502
1712.2712
1713.9327
1717.0509
1721.5012
1720.8707
1715.2906
1713.7792
1710.2921
1707.4492
1701.3815
1703.0983
1697.298
1694.1
1691.9674
1691.4283
1690.5919
1689.944
1688.7379
1683.678
1684.6515
1688.5885
1687.772
1691.5006
1691.5927
1688.1566
1680.07
1686.7969
1682.5554
1683.3835
1679.8796
1677.8888
1676.7974
1679.1381
1678.2882
1679.8418
1674.6538
1673.7444
1670.6306
1664.8185
1664.9906
1662.9773
1655.0148
1654.8442
1647.9597
1651.2952
1657.9352
1652.6062
1651.889
1651.416
1651.8324
1653.8458
1652.6057
1651.3466
1654.7965
1658.2305
1656.4203
1658.4215
1656.0248
1663.0208
1662.0833
1667.468
1668.9902
1661.5682
1663.6862
1663.3961
1664.5447
1670.1783
1667.8245
1665.4135
1667.2476
1671.8016
1670.6385
1671.3225
1675.776
1679.7042
1685.1636
1675.0917
1675.3788
1672.4326
1685.6709
1685.3917
1684.6809
1682.3774
1684.1914
1700.1284
1705.1534
1708.8997
1704.4862
1713.6417
1710.1263
1705.9529
1706.3923
1705.9453
1702.0458
1703.3801
1713.5164
1706.3523
1700.0671
1709.5337
1710.6102
1706.6942
1711.015
1711.6406
1711.3011
1706.5948
1703.0934
1706.2462
1706.7867
1703.2091
1704.5114
1702.1687
1699.8466
1691.6774
1696.6372
1699.026
1691.3921
1699.1892
1702.1389
1700.2864
1701.8654
1713.2609
1721.3406
1717.7766
1717.8556
1723.265
1722.1816
1721.4294
1724.5436
1714.6133
1712.973
1713.809
1711.285
1726.9761
1723.6221
1724.4249
1720.7955
1715.7252
1708.8784
1711.077
1709.3467
1714.8746
1717.2601
1719.8817
1720.0503
1717.9365
1732.1489
1735.9426
1735.9885
1731.6935
1734.1694
1733.2833
1737.2509
1732.6501
1737.2169
1728.7417
1727.451
1729.676
1728.797
1742.6838
1739.9983
1741.0652
1744.609
1738.437
1723.064
1717.0135
1719.5874
1718.6752
1719.5273
1717.5222
1713.3818
1712.4031
1710.9897
1703.0928
1697.6049
1696.6862
1700.981
1691.5751
1688.1416
1677.9602
1681.1178
1677.5806
1678.3021
1680.3235
1681.232
1678.5253
1671.8953
1669.6172
1674.8594
1675.2606
1670.134
1674.0388
1687.8534
1683.56
1679.2085
1676.0745
1680.5679
1678.6697
1687.423
1684.6097
1681.8237
1671.2487
1666.5271
1668.9275
1666.7047
1664.4355
1663.9873
1661.3381
1668.3102
1671.9614
1668.3713
1663.5073
1655.6575
1652.8801
1648.6007
1645.7616
1644.5018
1643.5728
1642.7346
1643.8949
1642.0018
1639.8834
1629.6981
1632.1534
1629.964
1629.4117
1629.1616
1626.1771
1620.4114
1618.499
1621.8623
1623.2893
1624.0096
1617.5654
1624.2961
1622.0577
1623.605
1614.7052
1612.0579
1608.1857
1616.3146
1615.8889
1612.466
1623.4512
1624.0704
1622.1705
1619.8173
1624.8379
1643.1366
1647.9841
1653.751
1663.0922
1657.6353
1666.3911
1677.1093
1686.6951
1687.8452
1686.5286
1694.0945
1701.9111
1691.7443
1685.1604
1689.4071
1690.4812
1687.2092
1688.0483
1681.2983
1679.7899
1688.5591
1692.4259
1689.553
1686.5763
1682.9299
1677.1189
1677.1592
1681.6404
1687.9061
1685.7356
1685.2985
1689.7393
1688.7415
1684.9615
1673.2313
1667.3768
1672.7017
1678.0022
1675.3427
1676.0173
1673.4553
1671.2336
1667.2751
1662.6069
1670.811
1667.1211
1665.0022
1661.5277
1655.9645
1662.2472
1659.727
1656.3109
1660.1617
1657.0859
1658.907
1654.2155
1652.2676
1650.4989
1643.1451
1641.825
1642.943
1648.6934
1648.6093
1647.3525
1645.8549
1646.9215
1646.9165
1639.2065
1637.1791
1641.1163
1643.75
1647.8612
1639.6179
1649.5947
1648.9929
1648.9476
1639.1
1640.3795
1640.2386
1645.7584
1643.4172
1642.4519
1619.7488
1614.4904
1613.227
1610.8334
1611.3124
1606.3245
1601.8862
1599.1141
1598.6044
1602.7823
1599.6191
1599.9482
1597.9434
1591.0271
1592.9432
1599.5619
1608.1575
1610.6416
1611.6725
1619.6075
1620.914
1623.5115
1616.0408
1611.7194
1612.0742
1613.2256
1608.4718
1597.1461
1599.3718
1602.433
1598.7449
1598.8243
1592.3057
1599.4987
1591.7513
1584.5419
1588.5984
1590.3
1585.9973
1590.4722
1589.7587
1588.4574
1584.6995
1602.615
1598.8048
1605.585
1610.7793
1607.6022
1601.4932
1595.6613
1594.4904
1599.3168
1608.7091
1601.8365
1604.6805
1606.5543
1606.805
1594.8077
1591.585
1587.3677
1583.6351
1580.8938
1575.5894
1568.1956
1563.9302
1562.6023
1568.7098
1574.5311
1571.1299
1582.0114
1577.812
1582.5559
1585.366
1584.17
1582.8121
1588.718
1588.1195
1588.7814
1591.5454
1591.5177
1587.7278
1585.454
1582.6261
1584.6637
1582.9463
1580.8289
1576.2343
1583.1445
1585.0632
1583.3584
1591.591
1588.6637
1575.7181
1577.503
1576.0
1573.6151
1572.1302
1570.803
1574.7186
1570.6605
1573.3712
1575.5908
1579.25
1588.7858
1592.0281
1594.6218
1592.6469
1605.5994
1604.817
1599.3564
1598.6025
1598.3386
1599.9778
1599.2349
1594.2731
1586.7238
1595.4281
1608.7788
1607.4584
1612.3536
1614.2645
1623.1327
1624.4661
1628.698
1627.9838
1625.7954
1626.2046
1626.8539
1630.482
1630.6906
1635.8529
1633.768
1636.9049
1635.2491
1633.4276
1632.2509
1627.2145
1624.8911
1631.637
1632.4719
1629.2574
1639.0165
1643.0166
1641.8542
1635.2625
1622.6113
1633.0702
1633.3645
1630.9833
1610.293
1610.8451
1614.9661
1625.8848
1631.1973
1632.4387
1635.7474
1635.2286
1635.8225
1642.5
1647.7389
1646.653
1641.22
1641.5223
1639.2853
1640.0962
1637.1855
1639.8281
1642.3896
1640.6965
1638.4586
1635.8655
1634.1448
1633.369
1630.5758
1627.3759
1625.1517
1627.9135
1629.692
1626.8616
1632.0868
1630.257
1625.2327
1631.8955
1629.8292
1622.6969
1621.8745
1619.2405
1616.5052
1613.0
1620.8632
1599.035
1597.6211
1598.6492
1603.0247
1599.0809
1593.3662
1586.4824
1584.2922
1588.3816
1588.1908
1589.3887
1589.3392
1586.1166
1581.9187
1585.1525
1583.5106
1590.9857
1590.815
1589.2811
1589.3728
1585.2975
1583.8351
1581.6631
1576.9928
1579.518
1594.7338
1603.3849
1598.8525
1599.7338
1598.6044
1596.0972
1592.8813
1599.4188
1594.675
1601.0
1610.3768
1618.1418
1616.4836
1612.3381
1614.1423
1613.2227
1610.803
1609.365
1610.5767
1609.6788
1610.8358
1610.0693
1607.7335
1606.6095
1606.8248
1609.3613
1609.3248
1607.6862
1607.0547
1609.5948
1608.9124
1614.9927
1619.0479
1616.0735
1621.487
1631.2546
1627.4797
1613.2694
1614.9927
1615.4613
1615.786
1614.155
1617.1444
1620.2556
1624.7657
1621.6877
1618.1078
1617.4573
1614.7881
1615.0409
1611.342
1608.2639
1611.8694
1618.9739
1624.959
1623.2985
1620.5858
1619.0374
1622.6554
1576.7142
1581.7698
1580.8
1584.0679
1581.2113
1581.1283
1573.5924
1572.849
1574.7283
1609.8213
1610.365
1612.365
1613.7367
1610.7213
1607.168
1614.9464
1613.3065
1611.6053
1609.5057
1609.7012
1607.8774
1606.9884
1604.1116
1606.1307
1605.623
1605.695
1602.668
1592.7683
1592.8147
1598.0891
1608.4186
1617.1938
1622.6304
1618.9764
1615.3059
1628.902
1625.6
1628.0078
1635.626
1641.3043
1641.9407
1653.8063
1653.7905
1652.2529
1658.4286
1654.6469
1652.1825
1655.9681
1652.8845
1646.506
1640.636
1645.2571
1624.0522
1619.3213
1616.9116
1617.3494
1623.2701
1620.7863
1620.133
1621.3186
1618.2863
1612.3146
1608.0646
1605.0363
1599.8508
1598.0282
1605.3684
1607.1943
1602.7368
1599.5264
1601.7927
1593.7633
1590.2
1595.0902
1599.8643
1597.5762
1594.4814
1592.0535
1585.7161
1567.3622
1549.0576
1548.2716
1545.93
1542.9589
1540.4814
1531.3334
1538.157
1537.5743
1538.1901
1535.6859
1533.4958
1516.8058
1518.3843
1520.3553
1527.8016
1529.4132
1529.6116
1533.751
1547.7883
1545.4481
1542.0083
1537.5145
1534.0996
1536.9377
1536.3042
1534.2709
1527.7291
1528.2875
1527.65
1532.7084
1538.3054
1539.0293
1538.3892
1543.1799
1542.6025
1538.9707
1537.3096
1524.3138
1523.7866
1524.7573
1524.7072
1536.7257
1534.232
1541.1234
1540.9276
1540.2297
1542.0765
1528.4043
1508.4468
1504.6469
1505.5702
1504.0681
1504.451
1503.7319
1505.7915
1506.3531
1508.7319
1507.5745
1531.4808
1529.4723
1535.3633
1534.5342
1540.2404
1539.5365
1539.545
1537.3304
1536.9442
1535.6566
1534.2146
1531.5022
1528.5793
1532.5518
1530.3103
1540.1305
1546.7948
1545.7948
1542.0786
1538.2489
1539.2838
1536.0131
1535.6462
1539.8384
1544.9122
1544.8334
1546.2544
1554.0132
1551.5726
1556.8761
1555.3097
1578.7866
1578.7955
1599.7545
1606.7758
1600.4708
1602.0
1601.3018
1601.6892
1602.1396
1604.7928
1606.545
1611.6621
1604.6937
1604.491
1601.7883
1600.9369
1598.9955
1597.6982
1612.3604
1612.9414
1613.0541
1615.1082
1617.4369
1615.7657
1612.473
1607.5901
1602.8198
1599.3784
1600.919
1602.3964
1602.3694
1604.2028
1606.5496
1608.3243
1616.5747
1612.8597
1607.6154
1607.3439
1576.7466
1573.9592
1572.9681
1570.4272
1567.9272
1565.0319
1564.1864
1561.8455
1561.909
1563.9
1570.7808
1571.863
1569.4703
1569.4567
1566.6576
1573.2615
1575.4817
1583.6729
1579.8663
1575.8663
1575.318
1582.5927
1583.0695
1583.9166
1586.9349
1586.5535
1593.3785
1597.4835
1602.4952
1592.8396
1588.783
1587.3208
1595.5782
1596.9384
1601.4429
1600.1857
1604.4067
1601.9666
1598.1244
1599.8086
1599.7225
1603.8134
1605.1923
1607.9519
1611.2596
1611.0529
1609.4856
1631.7633
1629.227
1625.8551
1622.2898
1620.6812
1600.3641
1600.0874
1603.3951
1595.6244
1595.2195
1571.122
1556.2255
1557.6128
1557.5491
1559.4608
1560.652
1559.8235
1558.9265
1558.7009
1556.2108
1556.6177
1557.0785
1560.6699
1557.394
1554.7142
1550.8129
1548.0641
1542.1527
1536.0591
1530.9163
1529.8473
1529.4039
1535.5763
1535.734
1534.0344
1531.9359
1537.5149
1540.9502
1546.425
1544.25
1546.15
1545.085
1547.735
1546.95
1549.9548
1551.3417
1552.3668
1560.4395
1560.9192
1567.071
1568.6345
1602.1167
1600.5533
1603.8173
1615.0918
1614.2908
1611.7041
1607.3928
1614.3265
1612.9541
1609.7245
1607.699
1607.4387
1606.398
1619.701
1615.4587
1616.134
1612.134
1622.9379
1620.1606
1619.8809
1616.7098
1617.5854
1619.4818
1625.6198
1623.9791
1622.5416
1620.4166
1619.1979
1626.375
1624.0781
1623.25
1621.651
1628.5968
1629.1727
1625.6649
1623.6649
1600.9684
1606.2169
1603.8148
1602.09
1600.5344
1601.873
1596.4603
1596.7301
1595.4233
1592.5555
1595.984
1609.5798
1611.1702
1605.1437
1603.3883
1601.8989
1601.4734
1611.1016
1610.631
1612.3369
1613.1444
1622.4385
1621.4706
1625.2473
1631.8054
1647.8486
1643.2972
1640.0216
1636.3947
1632.6053
1619.2324
1619.0432
1621.5946
1619.5189
1618.7622
1615.1514
1615.4216
1615.919
1615.7513
1618.4565
1617.6793
1620.8098
1624.1414
1625.1359
1621.1195
1637.0217
1635.4945
1641.9071
1627.5792
1626.6613
1622.9071
1629.4231
1626.0714
1626.522
1622.2693
1622.7472
1621.0165
1617.3132
1613.6741
1613.9333
1607.3556
1582.7722
1558.9778
1552.5889
1544.7778
1539.7
1555.7821
1549.4581
1544.7095
1543.1453
1540.4749
1539.6034
1536.3632
1535.6201
1535.5084
1535.6312
1524.6592
1520.1229
1517.7151
1514.0894
1512.6034
1515.3575
1531.4972
1531.5254
1535.0227
1540.2686
1537.7029
1535.9486
1534.4742
1534.0919
1533.6552
1534.8219
1535.1093
1533.385
1531.0919
1527.1322
1527.7931
1526.7644
1522.684
1519.816
1516.431
1525.9596
1526.8787
1524.2775
1524.2023
1523.0231
1517.7745
1522.593
1519.3256
1516.5465
1517.4476
1515.2094
1522.9884
1517.8605
1522.6023
1522.117
1519.2573
1514.7778
1497.228
1495.7894
1498.0643
1492.2749
1497.4706
1494.3823
1491.5647
1486.053
1487.6213
1512.3373
1519.125
1522.25
1522.9048
1529.375
1526.4642
1536.3772
1537.1976
1533.9281
1541.747
1547.6364
1555.2561
1564.0306
1562.4355
1561.2577
1557.6135
1555.546
1552.546
1530.1227
1522.9264
1529.5247
1525.6357
1523.1543
1519.3086
1521.3518
1529.4596
1527.6957
1535.8688
1535.4125
1532.1875
1538.283
1545.2405
1546.9873
1548.0886
1548.8607
1549.6139
1550.8734
1547.6329
1550.4493
1545.1898
1543.0253
1551.0509
1549.8917
1548.1528
1548.7516
1545.4395
1556.1025
1561.742
1568.5845
1564.1884
1564.2922
1567.6013
1566.8431
1565.6274
1561.2222
1555.6732
1551.6993
1547.0
1546.8431
1543.4509
1561.8345
1557.3444
1550.8477
1549.3179
1546.053
1541.9867
1535.4106
1546.2
1542.4
1541.2866
1538.8933
1536.0266
1533.1267
1530.0867
1538.255
1544.6284
1539.8649
1537.1621
1535.4662
1531.4595
1540.3945
1538.9387
1532.5986
1567.17
1560.0135
1557.6735
1553.3741
1549.8163
1548.619
1543.7823
1544.4149
1544.2585
1540.4897
1535.8027
1530.7755
1530.3538
1529.1293
1528.7755
1532.238
1529.5238
1531.6123
1528.1156
1527.5986
1525.0817
1519.8368
1513.3469
1514.2041
1512.8096
1522.1918
1522.1849
1521.6028
1518.9795
1515.7397
1510.2808
1504.137
1499.8356
1505.2137
1501.8552
1497.0482
1495.4138
1494.2483
1487.0276
1487.669
1486.4276
1485.2621
1479.0068
1473.669
1469.6552
1466.2897
1473.4265
1493.2727
1483.7203
1483.3776
1485.4084
1478.3309
1442.4507
1437.0916
1433.2887
1429.2535
1424.5
1411.2113
1414.5745
1416.2928
1411.1
1407.6643
1405.2786
1405.8785
1411.1439
1410.4028
1411.6691
1410.2014
1404.5468
1403.9281
1404.0647
1396.9496
1396.9784
1404.884
1407.2174
1407.7754
1405.1449
1407.2681
1404.9928
1403.7537
1403.1666
1395.2681
1394.0797
1392.2246
1393.8188
1392.6086
1391.0942
1387.1232
1385.0869
1393.9417
1394.8613
1397.5328
1425.197
1425.3212
1434.4265
1443.3334
1449.0
1444.5671
1442.3657
1440.7164
1442.597
1440.2836
1440.0522
1436.9851
1447.233
1446.4436
1445.6842
1456.9318
1458.6515
1455.0227
1447.7878
1455.5802
1465.0
1467.5077
1469.5
1468.1615
1469.9308
1467.0846
1461.0923
1472.7131
1471.0388
1471.4341
1469.4496
1468.1163
1472.2969
1467.5781
1465.9688
1462.8047
1460.2578
1457.9453
1454.8984
1447.9453
1448.1797
1436.4688
1443.315
1438.8583
1435.5826
1431.7086
1426.3544
1424.1497
1419.2677
1428.6746
1424.2063
1416.4048
1416.5952
1412.0635
1409.4445
1406.4286
1403.1984
1401.3969
1399.4683
1397.1904
1395.1587
1390.4286
1395.968
1414.2357
1407.2683
1396.0082
1393.9426
1403.4016
1399.7705
1425.479
1423.084
1421.5378
1412.2858
1411.7899
1409.7311
1402.9916
1398.0
1397.4958
1390.3698
1387.5294
1382.3866
1382.8572
1375.8823
1386.6356
1384.5
1382.3306
1377.8644
1352.0598
1347.6752
1346.5043
1341.9487
1349.8103
1355.0518
1354.181
1363.4521
1360.7826
1361.6609
1370.2456
1366.614
1371.7965
1374.5178
1365.9642
1370.5586
1365.4414
1362.4414
1373.8636
1376.0
1375.0454
1372.3182
1369.409
1365.2455
1362.6727
1360.1
1357.1909
1333.3818
1343.101
1361.4352
1353.9907
1352.8334
1347.2037
1349.8796
1347.9166
1339.2686
1333.6852
1332.2593
1337.1776
1331.2336
1331.5233
1328.1215
1326.9906
1326.5046
1324.8599
1324.2336
1324.0654
1332.3679
1323.4717
1330.4381
1327.1143
1323.0857
1321.0571
1347.5049
1347.6311
1348.835
1345.767
1345.3398
1344.3204
1349.9803
1350.8922
1350.0
1348.6569
1343.2646
1340.0883
1341.304
1324.7745
1336.0
1337.1287
1348.65
1348.7
1360.202
1360.3838
1389.0515
1384.6495
1385.5876
1383.3917
1395.7291
1395.6979
1394.1979
1390.3438
1384.3125
1381.4062
1391.3263
1389.7789
1386.6947
1387.021
1385.9474
1381.5895
1379.3789
1394.9574
1390.5745
1402.172
1397.5269
1410.25
1405.6957
1405.1195
1402.5326
1399.5978
1401.5543
1400.3478
1397.4783
1396.9022
1406.9451
1404.1758
1402.8352
1403.7032
1401.8792
1398.044
1397.9121
1396.7583
1396.5165
1394.1208
1406.3445
1406.6
1404.7222
1403.711
1404.2778
1400.7667
1398.2778
1396.1686
1395.9102
1392.6293
1388.6967
1381.2921
1381.8427
1376.6517
1375.6967
1404.8276
1406.9425
1402.6207
1403.3907
1401.6552
1402.2184
1400.931
1397.977
1396.023
1393.2874
1386.4943
1387.6897
1389.6437
1384.3907
1383.4828
1377.0804
1392.1046
1389.6744
1385.4651
1402.3412
1399.4236
1400.447
1398.0588
