419.819
524.107
619.177
710.477
805.537
896.417
988.335
1074.173
1141.918
1203.007
1268.274
1329.087
1367.077
1416.472
1472.646
1513.709
1550.702
1593.67
1636.04
1664.675
1691.089
1722.198
1747.666
1796.916
1810.115
1821.552
1841.914
1873.305
1903.278
1927.65
1953.594
1969.493
1994.584
2012.043
2036.107
2053.875
2057.031
2062.988
2061.378
2079.445
2088.023
2093.402
2095.007
2106.477
2116.663
2138.922
2149.887
2146.211
2138.345
2138.937
2143.841
2166.654
2165.821
2167.843
2164.957
2153.855
2142.704
2140.401
2127.331
2121.763
2111.916
2106.89
2100.052
2096.212
2084.032
2080.266
2072.348
2088.539
2079.275
2072.08
2058.512
2028.243
2006.172
1975.113
1952.638
1934.747
1919.929
1907.982
1896.981
1878.537
1851.089
1824.42
1789.409
1748.793
1703.507
1646.738
1604.252
1569.187
1531.566
1481.903
1422.937
1353.524
1295.779
1233.703
1173.094
1108.988
1038.911
978.829
918.942
848.664
