0
0
0
0
19
20
13
28
18
12
21
9
13
20
27
14
12
15
12
7
12
8
11
16
8
12
13
8
4
7
9
4
9
6
6
11
8
6
8
7
10
7
8
9
3
3
6
7
12
4
4
5
6
3
8
7
3
6
5
2
1
5
6
2
8
5
2
10
3
6
4
7
4
7
7
7
6
3
0
5
4
3
6
6
1
6
3
1
5
2
2
4
0
2
3
3
2
1
4
1
3
2
3
2
2
6
1
1
0
5
6
1
4
1
0
3
2
2
0
0
2
4
1
4
2
3
0
1
2
3
2
0
2
3
2
2
2
2
1
0
1
0
1
5
3
2
0
2
3
2
1
1
2
2
0
1
1
1
2
1
0
0
0
0
1
2
2
2
6
1
1
1
1
1
2
2
0
1
2
2
2
0
1
0
1
1
0
1
0
0
2
4
0
0
1
1
1
2
2
0
0
3
2
2
2
2
1
2
0
0
0
0
1
1
1
0
1
1
2
2
0
0
0
0
0
0
0
2
1
1
1
1
0
0
0
0
0
0
0
0
3
0
0
0
0
0
1
1
0
1
1
0
0
1
0
0
0
0
1
0
1
0
0
0
2
1
0
0
0
0
1
0
0
0
0
1
0
0
1
0
1
0
0
0
0
0
0
0
0
1
0
0
1
0
0
0
0
0
0
2
0
0
1
0
1
0
0
0
0
0
0
0
1
1
1
0
1
0
1
0
3
2
1
0
0
2
0
0
0
1
0
0
0
0
0
0
0
0
0
0
0
0
0
0
0
0
0
1
0
0
0
0
0
0
0
0
1
0
0
0
0
0
1
1
0
0
1
0
0
0
0
0
0
0
0
0
0
0
1
0
0
0
0
0
0
0
0
0
0
1
0
0
0
0
0
0
0
0
0
0
0
0
1
0
0
0
0
0
1
0
0
0
0
0
0
0
1
1
0
0
1
0
0
0
1
0
0
0
0
0
0
0
0
0
0
0
0
0
0
0
0
0
0
0
0
0
0
0
0
0
0
0
1
1
0
0
0
0
0
0
0
0
0
0
0
0
1
0
0
0
0
0
0
0
0
0
0
0
0
0
0
0
0
0
0
1
0
0
0
0
0
0
0
0
1
0
0
0
0
15
