30.062
30.335
30.39
30.461
30.53
30.595
30.646
30.792
30.871
30.914
30.999
31.075
31.183
31.212
31.364
31.496
31.532
31.641
31.726
31.803
31.822
31.521
31.62
31.724
31.762
31.822
32.036
32.314
32.374
32.305
32.396
32.45
32.49
32.623
32.674
32.735
32.786
32.852
32.958
33.028
33.126
33.303
33.284
33.384
33.496
33.443
33.502
33.477
33.593
33.687
33.832
33.92
34.172
34.242
34.338
34.398
34.558
34.621
34.741
34.929
34.856
34.907
35.022
35.198
35.278
35.454
35.606
35.65
35.852
35.8
35.729
35.759
35.926
36.141
36.188
36.315
36.547
36.589
36.671
36.789
36.886
37.042
37.154
37.17
37.254
37.367
37.539
37.414
37.48
37.504
37.593
37.626
37.726
37.742
37.869
38.011
38.134
38.154
38.289
38.421
38.534
38.639
38.71
38.823
38.856
38.824
39.004
38.981
39.01
39.13
39.241
39.261
39.322
39.549
39.327
39.389
39.447
39.457
39.58
39.683
39.832
39.912
39.997
40.116
40.203
40.215
40.324
40.388
40.315
40.397
40.261
40.231
40.258
40.147
40.219
40.286
40.205
40.373
40.186
40.26
40.19
40.281
40.418
40.535
40.633
40.657
40.803
40.894
40.968
41.145
41.435
41.41
41.472
41.392
41.409
41.462
41.695
41.766
41.815
41.759
41.808
41.746
41.821
42.023
42.187
42.163
42.234
42.209
42.249
42.309
42.575
42.633
42.744
42.827
42.885
42.926
42.80981
42.841843
42.89189
43.06006
43.04204
43.42142
43.63964
43.667667
43.78979
43.775776
43.78979
43.884884
43.904903
43.96697
44.04204
44.187187
44.151302
44.08116
44.181362
43.56012
43.578156
43.75651
43.857716
43.855713
43.919838
43.87976
43.940884
43.956913
44.19439
44.232464
44.21343
44.285572
44.24349
44.338676
44.4333
44.39017
44.640923
44.738216
44.785355
45.082245
44.81645
44.82229
44.871487
45.13755
45.102512
45.084423
44.90553
44.843216
44.851105
44.890343
44.87827
44.94165
44.700203
44.709255
44.702213
44.86318
45.053318
45.00805
45.210262
45.12978
44.971832
44.741447
44.70322
44.56539
44.691147
44.482376
44.58711
44.75831
44.724068
44.527218
44.663307
44.549397
44.50504
44.42137
44.393147
44.379032
44.413307
44.299397
44.289608
44.264645
44.30202
44.346466
44.37475
44.454544
44.526794
44.457027
44.598583
44.61274
44.634983
44.569263
44.549038
44.552074
44.586452
44.36198
44.229527
44.25177
44.22548
44.405872
44.539474
44.544533
44.44332
44.47672
44.554203
44.64843
44.52381
44.762917
44.973656
44.979717
45.04057
45.064976
45.04065
45.002033
44.94817
44.94004
44.853657
45.064026
45.010174
44.92167
44.911495
44.777214
44.79124
44.872578
44.669724
44.67788
44.607544
44.60958
44.72579
44.699287
44.63099
44.684692
44.640816
44.637756
44.62551
44.62143
44.59755
44.65097
44.666325
44.623337
44.585464
44.513817
44.548157
44.63217
44.586067
44.46004
44.332993
44.484104
44.590347
44.429157
44.37577
44.351128
44.424026
44.52567
44.70915
44.623844
44.46146
44.632065
44.536007
44.425926
44.458847
44.32716
44.334362
44.414608
44.312756
44.26749
44.167694
44.186214
44.31514
44.33299
44.26701
44.258762
44.136223
44.120743
44.16099
44.063015
44.142563
44.061985
44.09514
43.993793
44.12733
44.082817
44.28912
44.189835
44.312176
44.30593
44.395832
44.56875
44.592476
44.257053
44.19665
44.08473
44.205235
44.158115
44.16579
44.159832
44.04842
43.991577
44.00947
43.396843
43.331577
43.257896
43.345993
43.4346
43.349155
43.412884
43.395348
43.40592
43.47034
43.305084
43.20339
43.03602
43.163307
43.19406
43.17073
43.11571
43.00637
42.99787
43.051174
43.048027
43.024624
42.96463
43.068596
43.111588
43.084763
43.131973
43.1191
43.12661
43.178112
43.05472
43.14071
43.201935
43.137634
43.053764
43.259697
43.23517
43.325783
43.4329
43.44156
43.567245
43.5141
43.53746
43.465797
43.43261
43.459194
43.59195
43.668484
43.577972
43.610264
43.597813
43.54595
43.593
43.5816
43.435925
43.460438
43.40594
43.344334
43.390537
43.463657
43.419605
43.38216
43.460773
43.712708
43.618362
43.566998
43.6796
43.926746
43.930077
43.988903
43.927856
44.04
44.064445
44.120132
44.16147
44.19822
44.296215
44.243874
44.23051
44.10268
44.05134
43.992188
44.122906
44.068233
44.1566
43.848656
43.79036
44.032585
44.082115
44.31081
44.302143
44.531002
44.616253
44.638824
44.531673
44.50794
44.555557
44.840137
44.873863
44.677273
44.799545
44.710705
44.716076
45.149372
45.12771
45.015984
45.06621
45.15693
45.18578
45.190586
45.189438
45.148106
45.119404
45.106895
45.129887
45.013794
44.985058
44.9252
44.86159
44.798153
44.79239
44.693195
44.75635
44.75173
44.824074
44.88889
44.858795
44.915413
44.800232
44.40465
44.378345
44.135513
44.103973
44.092396
43.9193
43.92164
43.898247
43.881733
43.77635
43.595547
43.555687
43.55803
43.57512
43.6792
43.62397
43.628674
43.512337
43.51412
43.428234
43.50118
43.505898
43.53546
43.698223
43.685207
43.891125
43.859005
43.71801
43.616116
43.68446
43.721233
43.66271
43.462543
43.346428
43.35995
43.28043
43.340504
43.03823
42.938995
42.973682
43.046707
43.011974
43.016785
43.08873
43.192307
43.03971
43.021687
42.986748
43.20773
43.22491
43.274273
43.43932
43.516403
43.382748
43.641556
43.60584
43.62409
43.815853
43.808304
43.87775
43.829865
43.82742
43.764996
43.677696
43.645832
43.58405
43.68466
43.757053
43.737423
43.687115
43.581596
43.573185
43.477245
43.460026
43.2642
43.385185
43.471603
43.52905
43.49444
43.562424
43.292953
43.189358
43.19307
43.25403
43.376705
43.334988
43.330025
43.31304
43.2301
43.099625
43.011208
43.011223
43.013733
42.951187
42.90363
42.890976
42.927227
42.90578
42.8706
42.98237
42.9256
42.960907
42.936947
42.83186
42.864555
42.940357
42.93528
42.837563
42.84371
42.72739
42.83908
42.88092
42.87452
43.077023
43.12098
43.122265
43.20077
43.18919
43.169884
43.34974
43.431168
43.471428
43.52474
43.46154
43.35593
43.380394
43.3578
43.2962
43.294888
43.346004
43.385826
43.427822
43.657482
43.607613
43.610527
43.781292
43.824768
43.900795
43.98677
44.00797
43.851063
43.74967
43.74366
43.868984
43.80455
43.83512
43.800266
43.627346
43.49598
43.427612
43.437584
43.341396
43.28629
43.348118
43.345894
43.33782
43.34051
43.339622
43.291496
43.41272
43.384304
43.37077
43.253044
43.19919
43.074524
43.061058
43.031208
43.12943
43.06948
43.186905
43.274967
43.266117
43.326923
43.24931
43.26621
43.20276
43.071724
43.02345
42.97652
43.176796
43.09392
43.05817
43.026352
43.240276
43.302776
43.47149
43.48957
43.472878
43.601116
43.526535
43.275524
43.44382
43.366573
43.70042
44.05226
44.132957
43.895184
43.719547
43.812767
43.77983
43.819347
43.756756
43.628735
43.89189
43.83215
43.870556
43.85755
43.822857
43.802574
43.78623
43.7231
43.743885
43.70605
43.74711
43.72688
43.807804
43.761562
43.803467
43.695087
43.52746
43.572254
43.534008
43.180233
43.263466
43.199707
43.370968
43.35389
43.210293
43.19412
43.10882
43.162003
43.15929
43.135693
43.200886
43.316566
43.41926
43.46439
43.630566
43.630016
43.616642
43.603268
43.502228
43.297176
43.221397
43.18722
43.173847
42.988113
42.79346
42.867363
42.839046
42.81222
42.937313
42.896862
43.03892
43.00599
42.93413
42.772453
42.731636
42.899097
42.724396
42.980392
42.880844
42.80694
42.865356
42.866665
42.925533
42.966515
43.04122
43.14832
42.957123
42.98928
42.950996
42.845093
42.791412
42.731594
42.74923
42.947693
42.896923
42.826153
42.825886
42.790447
42.828968
42.77932
42.825348
42.795982
42.81453
42.658916
42.652714
42.702324
42.823257
42.897514
42.945396
42.88906
42.94992
43.10692
43.025158
43.03937
43.186413
43.045815
43.096367
43.16772
43.069622
43.03962
43.125397
43.085712
43.058823
43.3752
43.481716
43.562798
43.60191
43.480892
43.53503
43.528664
43.57484
43.603504
43.63099
43.63099
43.7072
43.703526
43.908653
43.94391
44.05145
43.961414
44.00161
43.658066
43.67747
43.635334
43.657467
43.699677
43.65366
43.549595
43.492683
43.532574
43.39088
43.451878
43.549755
43.57912
43.55974
43.401638
43.535305
43.59967
44.028008
44.2562
44.274834
44.296356
44.369205
44.41791
44.581394
44.63727
44.50749
44.592346
44.53411
44.5391
44.68
44.84808
44.896496
44.91806
44.988274
45.083893
45.135906
45.15604
45.05369
44.93624
44.927853
44.81376
44.870804
44.9899
44.920876
44.88533
44.89882
44.881958
45.0152
45.08277
44.905247
44.911865
45.314625
45.309525
45.190475
45.05612
45.073128
45.12947
45.124363
45.042664
45.10239
45.001705
44.969284
45.071796
45.107876
45.154373
44.943398
44.90378
44.846817
44.958622
44.99654
45.079586
44.927082
44.68
44.700348
44.77098
44.807693
44.784966
44.718037
44.85639
44.912434
44.95965
44.982426
44.96661
45.14311
45.139576
44.950356
44.9539
45.02305
44.93085
44.95382
44.83126
44.824158
44.777977
44.637657
44.63588
44.65364
44.537365
44.460854
44.5508
44.231728
44.249554
44.247772
44.297684
44.342247
44.26738
44.25939
43.994633
43.980324
43.98211
44.49195
44.468693
44.45699
44.37276
44.411133
44.298027
44.397484
44.419064
44.473022
44.455036
44.473873
44.394596
44.421623
44.56137
44.584087
44.66908
44.663654
44.66848
44.639492
44.88727
44.996365
44.865208
44.934425
44.98725
44.98361
45.009106
44.9745
45.00182
45.051094
44.983578
45.06022
45.05119
45.058502
44.85375
44.794872
44.815018
44.862637
44.800365
44.796703
44.873627
44.822346
44.78165
44.733944
44.818016
44.88582
44.92081
45.02583
45.040592
45.073936
44.98706
44.931606
44.89649
44.981514
44.93889
45.066666
45.051853
45.005554
45.05
45.081635
45.17625
45.109463
45.204082
45.11874
45.195168
45.171005
45.23606
45.299255
45.13594
45.06704
45.055866
45.057728
45.218693
45.294006
45.38649
45.380863
45.330208
45.272045
45.33208
45.320824
45.362103
45.393997
45.354595
44.84803
44.703564
44.66229
44.69043
44.701687
44.57974
44.763603
44.24482
44.25283
44.27547
44.19245
44.357956
44.352272
44.388256
44.48106
44.479168
44.378788
44.401516
44.429924
44.501892
44.55133
44.60266
44.965714
44.954285
44.967556
44.971375
44.85687
44.879772
44.919846
44.89504
44.967556
44.91603
44.948475
44.85496
44.97519
45.136017
45.20115
45.229885
45.23992
45.22073
45.230328
45.284615
45.23077
45.20769
45.275
45.201923
45.16731
45.076923
45.076923
45.06923
45.005768
44.978848
44.93846
44.976925
44.925
45.026974
45.007706
44.95761
44.890175
44.870907
44.90366
44.913296
44.835907
44.820465
44.750965
44.637066
44.656372
44.712357
44.68147
44.870655
44.905407
44.874516
44.87645
44.775627
44.713734
44.97872
45.2824
45.323017
45.26886
45.323643
45.354652
45.34884
45.341084
45.286823
45.255814
45.302326
45.426357
45.52713
45.523254
45.51744
46.069767
46.07558
46.060078
45.978683
46.056202
45.821358
46.067963
46.116505
46.475727
46.52233
46.56505
46.504856
46.493202
46.51068
46.438835
46.44272
46.35534
46.33398
46.394176
46.460194
46.4233
46.316505
46.17476
46.16148
46.16537
46.18677
46.192608
46.0642
46.044746
46.17383
46.03125
46.04492
45.953125
45.97461
46.015625
46.068493
46.003914
46.035225
46.10176
46.091976
46.060665
46.07045
46.187866
46.2681
46.24853
46.183952
46.205883
46.129414
46.098038
46.243614
46.159134
46.275047
46.196465
46.076622
46.125736
46.037403
46.035435
46.086613
46.45866
46.519684
46.5286
46.45562
46.485207
46.526627
46.499012
46.40631
46.327415
46.226826
46.071148
46.049408
45.998024
46.015812
46.077076
46.073124
46.03162
45.998024
45.930832
46.039524
46.110672
46.338615
46.305557
46.33135
46.323414
46.214287
46.214287
46.218254
46.208332
45.857143
45.660713
45.75
45.767395
45.687874
45.699802
45.769382
45.93028
45.858566
45.90619
45.792
45.678
45.736
45.716
45.77
45.75
45.762
45.792
45.77956
45.77956
45.82966
45.897797
45.77956
45.693386
45.565132
45.51503
45.438877
45.41884
45.370743
45.276554
45.268536
45.22445
45.408817
45.086174
44.985973
44.977955
45.142857
45.171024
45.082497
45.04829
45.10664
45.034206
45.1167
45.10664
45.110664
45.09054
45.14113
45.058468
45.08485
45.02222
45.038383
44.947475
44.80202
44.836365
44.78788
44.39798
44.31313
44.395958
44.38586
44.5798
44.618183
44.61616
44.58384
44.533333
44.51919
44.531315
44.59192
44.545456
44.51919
44.545456
44.589897
44.589897
44.549496
44.341415
44.369698
44.252525
44.167675
44.10505
44.030304
44.00404
44.034344
43.933334
43.923233
43.929295
43.941414
43.82828
43.823887
43.578094
43.92089
43.890465
43.369167
43.35294
43.245438
43.275864
43.31643
43.312374
43.290062
43.24341
43.343494
43.308945
43.485714
43.446938
43.54286
43.491837
43.45102
43.402042
43.267345
43.17551
43.097958
42.736736
42.81186
42.86094
42.936474
42.864754
42.864754
42.64139
42.54918
42.42213
42.418034
42.440575
42.38115
42.329918
42.290985
42.42828
42.409836
42.27459
42.389343
42.389343
42.411884
42.55852
42.607803
42.542095
42.61237
42.65773
42.653606
42.88866
42.861855
42.872166
42.849483
42.769073
42.74433
42.73402
42.70722
43.150517
43.319588
43.424744
43.31134
43.20825
43.206184
43.2438
43.22934
43.342976
43.349174
43.390495
43.464874
43.53306
43.57438
43.605373
43.55165
43.536232
43.420288
43.387165
43.40994
43.438923
43.41822
43.482403
43.432713
43.40994
43.3147
43.229813
43.21325
43.192547
43.275932
43.329876
43.367218
43.508297
43.470955
43.580914
43.649376
43.56224
43.647305
43.61411
43.57884
43.56224
43.59751
43.778008
43.838173
43.837837
43.817047
44.00837
43.995815
43.966526
43.899582
43.799164
43.78826
43.846962
43.81132
43.821804
43.83648
43.767296
43.92647
43.964287
43.92437
44.0042
44.241596
44.31158
44.309475
44.216843
44.31158
44.423157
44.301052
44.451477
44.512657
44.43671
44.088608
44.06329
44.029537
43.947258
44.07595
44.07595
44.021095
44.113926
44.101265
44.248943
44.172997
44.19409
44.166668
44.128693
44.101265
43.651897
43.529537
43.610992
43.60888
43.942917
43.91755
44.12685
44.10148
44.04873
43.95339
43.932205
43.927967
43.957626
43.932205
43.915253
43.83051
43.771187
43.70127
43.777542
44.38771
44.383476
44.336864
44.437366
44.619957
44.658173
44.73673
44.70913
44.679405
44.692142
44.31635
44.326965
44.420383
44.43312
44.445858
44.445858
44.335457
44.218685
44.14225
44.14013
44.25053
44.63482
44.677284
44.677284
44.677284
44.67516
44.666668
44.524418
44.280254
44.360935
44.35319
44.248936
44.26383
44.068085
43.908512
44.010662
43.929638
44.089554
44.036247
44.061966
44.074787
44.057693
44.10684
44.18376
44.145298
44.19872
44.188034
44.220085
44.220085
44.282654
44.265526
44.1606
44.24197
44.173447
44.22484
44.229122
44.30835
44.286938
44.20771
44.2227
44.197002
44.124195
43.991436
44.008564
43.991436
43.91649
43.890793
43.813705
43.8394
43.80942
43.743042
43.75589
43.772533
43.79399
43.74678
43.80472
43.75751
43.65236
43.727467
43.896774
43.866665
43.858063
43.92258
44.101074
44.08602
44.228447
44.25862
44.224136
44.267242
44.314655
44.331898
44.286636
44.213364
44.29957
44.25431
44.27802
44.234913
44.206898
44.234913
44.135777
44.282326
44.338364
44.280174
44.338364
44.353447
44.344826
44.329742
44.265087
44.161636
44.094826
44.140087
44.316017
44.300865
44.33117
44.320347
44.0671
44.03037
44.234783
44.25435
44.332607
44.354347
44.345654
44.57174
44.53913
44.45
44.42826
44.38478
44.4
44.352173
44.467392
44.484783
44.534782
44.6
44.676086
44.743477
44.81046
44.76035
44.75109
44.824944
44.66302
44.643326
44.60307
44.574562
44.468132
44.42857
44.4022
44.342857
44.303295
44.303295
44.385464
44.40749
44.44273
44.80176
44.663715
44.74115
44.63938
44.718403
44.738358
44.773834
44.789356
44.915367
44.603565
44.52561
44.66518
44.60491
44.54241
44.475445
44.450893
44.47991
44.453125
44.54018
44.566963
44.5625
44.589287
44.59152
44.767338
44.612976
44.581654
44.689037
44.552574
44.51454
44.36913
44.774048
44.713646
44.841164
44.861298
44.791946
44.878925
44.764572
44.710762
44.67937
44.737667
44.80493
44.852016
44.878925
44.887894
45.02027
45.251133
45.3552
45.248867
45.357468
45.35601
45.256237
45.276646
45.199547
45.229027
45.088436
45.07483
45.088436
44.9932
45.07483
44.975056
44.6644
44.587303
44.618183
44.572727
44.322727
44.420456
44.477272
44.41591
44.28018
44.291573
44.28018
44.410023
44.410023
44.460136
44.49886
44.485195
44.5877
44.615036
44.528473
44.517086
44.44647
44.3918
44.389523
44.284737
44.51025
44.539864
44.45558
44.453304
44.56492
44.82916
44.92255
44.98856
45.045765
45.13501
44.699543
44.60321
44.504585
44.444954
44.380733
44.44266
44.54587
44.73165
44.738533
44.87156
44.901375
44.887615
44.894497
44.837154
44.74312
44.821102
44.580276
44.633026
44.614677
44.57798
44.536697
44.54358
44.465595
44.405964
44.526436
44.49655
44.4046
44.335632
44.255173
44.227585
44.089657
44.004597
43.609196
43.626728
43.626728
43.557602
43.65358
43.709976
43.812065
43.967518
44.01392
44.030163
44.83023
44.99767
45.11655
45.202797
45.37995
45.28337
45.274006
45.27635
45.372364
45.358315
45.580795
45.519905
45.605633
45.457745
45.413147
45.375587
45.330986
45.30986
45.267605
45.197647
45.04941
44.941036
44.99528
45.068558
45.13239
45.29078
45.16785
45.1844
45.177303
45.210403
45.1844
45.130024
45.061466
45.068558
45.108746
45.258293
45.22749
44.91943
44.84597
44.931118
45.03088
45.2
45.22196
45.195705
45.155502
44.894737
44.80383
44.636364
44.576553
44.82775
44.894737
44.882774
44.842106
44.741627
44.291866
44.34689
44.351673
44.36842
44.24641
44.35646
44.45694
44.706024
44.698795
44.60964
44.428917
44.32289
44.238556
43.903614
43.85783
43.8747
44.002415
44.024155
44.009663
44.149757
44.09662
44.125603
44.009686
44.065376
44.101696
44.198547
44.227604
44.230022
44.18402
44.355232
44.321167
44.345497
44.36983
44.42336
44.270073
44.36983
44.326035
44.53301
44.57213
44.64706
44.72059
44.563725
44.622547
44.612743
44.69853
44.57108
44.30392
44.27206
44.27027
44.12285
44.24138
44.08621
44.091133
44.0
43.91872
43.837437
43.864532
43.75862
43.80542
43.859608
43.930862
44.396038
44.423267
44.410892
44.440594
44.366337
44.431763
44.472637
44.20398
44.055
43.91
43.9198
43.85965
43.96985
43.85427
43.896984
43.919598
43.82161
43.75377
43.781406
43.99495
44.51139
44.50886
44.513924
44.51139
44.531647
44.422787
44.20253
44.17975
44.268356
44.30886
43.92405
44.065823
44.162025
44.24557
44.27848
44.20253
44.131645
44.167088
44.09367
44.02532
43.898735
43.777214
43.86076
43.76962
43.683544
43.63038
43.622784
43.63291
43.258884
43.32741
43.32741
43.431473
43.426395
43.40863
43.47462
43.517765
43.454315
43.741116
43.718273
43.60406
43.727734
43.020355
42.905853
42.923664
43.091835
42.97704
42.966835
43.234695
43.186226
43.19643
43.247448
44.211735
44.239796
44.737244
44.747448
44.757652
44.709183
44.80051
44.889744
44.833332
44.787178
44.85128
44.72564
44.715385
44.72564
44.71795
44.899742
44.879177
44.868896
45.0
44.878864
44.945736
44.97416
44.925064
45.00775
44.984497
44.997417
45.118862
45.031006
45.098446
45.134716
45.15285
45.293507
45.27013
45.532467
45.576622
45.553246
45.431168
45.293507
45.381817
45.532467
45.45974
45.47273
45.54948
45.554688
45.536457
45.507812
45.24543
45.117493
45.099216
44.97128
44.840313
45.1911
45.2231
45.36842
45.326317
45.344738
45.37105
45.439472
45.428947
45.305264
45.35
45.25
45.210526
45.186844
45.06842
45.17105
45.186844
45.126316
45.168423
45.126316
45.123684
45.242104
45.260525
45.907894
45.952633
46.01583
45.98153
46.100266
46.10554
46.07652
46.042217
45.94723
45.989445
46.05291
