16.303
20.662
25.038
29.074
32.068
33.993
35.447
36.771
38.212
39.695
41.553
42.479
43.52
44.183
45.308
45.889
46.309
47.261
47.603
47.192
46.994
47.73
47.88
48.15
48.371
48.535
49.067
49.335
49.786
49.881
50.465
50.903
50.954
51.245
50.96
51.045
51.186
51.083
51.586
51.626
52.07
52.297
52.307
51.894
51.465
51.78
50.982
50.658
49.929
49.975
49.613
49.768
50.112
50.909
51.321
51.282
50.898
51.019
51.292
51.423
51.127
51.085
50.69
50.315
49.971
50.287
50.497
50.685
50.332
49.797
49.857
49.715
49.425
49.207
48.681
48.569
47.955
47.866
47.32
47.236
47.487
47.026
46.577
46.413
46.2
45.572
45.717
45.619
44.843
44.482
43.713
43.193
42.82
41.626
40.395
39.107
37.61
35.291
32.997
30.641
