#Position (bp)	Coverage
8286.0	0.0
3929738.0	0.0
1.17643565E7	0.0
1.96072605E7	0.0
2.74501645E7	0.0
3.52930685E7	0.0
4.31359725E7	0.0
5.09788765E7	0.0
5.88217805E7	0.0
6.66646845E7	0.0
7.45075885E7	0.0
8.23504925E7	0.0
9.01933965E7	0.0
9.80363005E7	0.0
1.058792045E8	0.0
1.137221085E8	0.0
1.215650125E8	0.0
1.294079165E8	0.0
1.372508205E8	0.0
1.450937245E8	0.0
1.529366285E8	0.0
1.607795325E8	0.0
1.686224365E8	0.0
1.764653405E8	0.0
1.843082445E8	0.0
1.921511485E8	0.0
1.999940525E8	0.0
2.078369565E8	0.0
2.156798605E8	0.0
2.235227645E8	0.0
2.313656685E8	0.0
2.392085725E8	0.0
2.461986085E8	0.0
2.501200605E8	0.0
2.548943805E8	0.0
2.627372845E8	0.0
2.705801885E8	0.0
2.784230925E8	0.0
2.862659965E8	0.0
2.941089005E8	0.0
3.019518045E8	0.0
3.097947085E8	0.0
3.176376125E8	0.0
3.254805165E8	0.0
3.333234205E8	0.0
3.411663245E8	0.0
3.490092285E8	0.0
3.568521325E8	0.0
3.646950365E8	0.0
3.725379405E8	0.0
3.803808445E8	0.0
3.882237485E8	0.0
3.960666525E8	0.0
4.039095565E8	0.0
4.117524605E8	0.0
4.195953645E8	0.0
4.274382685E8	0.0
4.352811725E8	0.0
4.431240765E8	0.0
4.509669805E8	0.0
4.588098845E8	0.0
4.666527885E8	0.0
4.744956925E8	0.0
4.823385965E8	0.0
4.89363307E8	0.0
4.93284759E8	0.0
4.980244045E8	0.0
5.058673085E8	0.0
5.137102125E8	0.0
5.215531165E8	0.0
5.293960205E8	0.0
5.372389245E8	0.0
5.450818285E8	0.0
5.529247325E8	0.0
5.607676365E8	0.0
5.686105405E8	0.0
5.764534445E8	0.0
5.842963485E8	0.0
5.921392525E8	0.0
5.999821565E8	0.0
6.078250605E8	0.0
6.156679645E8	0.0
6.235108685E8	0.0
6.313537725E8	0.0
6.391966765E8	0.0
6.470395805E8	0.0
6.548824845E8	0.0
6.627253885E8	0.0
6.705682925E8	0.0
6.784111965E8	0.0
6.862541005E8	0.0
6.90332274E8	0.0
6.94253726E8	0.0
7.019399085E8	0.0
7.097828125E8	0.0
7.176257165E8	0.0
7.254686205E8	0.0
7.333115245E8	0.0
7.411544285E8	0.0
7.489973325E8	0.0
7.568402365E8	0.0
7.646831405E8	0.0
7.725260445E8	0.0
7.803689485E8	0.0
7.882118525E8	0.0
7.960547565E8	0.0
8.038976605E8	0.0
8.117405645E8	0.0
8.195834685E8	0.0
8.274263725E8	0.0
8.352692765E8	0.0
8.431121805E8	0.0
8.509550845E8	0.0
8.587979885E8	0.0
8.666408925E8	0.0
8.744837965E8	0.0
8.8002426E8	0.0
8.83945712E8	0.0
8.901696045E8	0.0
8.980125085E8	0.0
9.058554125E8	0.0
9.136983165E8	0.0
9.215412205E8	0.0
9.293841245E8	0.0
9.372270285E8	0.0
9.450699325E8	0.0
9.529128365E8	0.0
9.607557405E8	0.0
9.685986445E8	0.0
9.764415485E8	0.0
9.842844525E8	0.0
9.921273565E8	0.0
9.999702605E8	0.0
1.0078131645E9	0.0
1.0156560685E9	0.0
1.0234989725E9	0.0
1.0313418765E9	0.0
1.0391847805E9	0.0
1.0470276845E9	0.0
1.0548705885E9	0.0
1.060675286E9	0.0
1.064596738E9	0.0
1.0705563965E9	0.0
1.0783993005E9	0.0
1.0862422045E9	0.0
1.0940851085E9	0.0
1.1019280125E9	0.0
1.1097709165E9	0.0
1.1176138205E9	0.0
1.1254567245E9	0.0
1.1332996285E9	0.0
1.1411425325E9	0.0
1.1489854365E9	0.0
1.1568283405E9	0.0
1.1646712445E9	0.0
1.1725141485E9	0.0
1.1803570525E9	0.0
1.1881999565E9	0.0
1.1960428605E9	0.0
1.2038857645E9	0.0
1.2117286685E9	0.0
1.2195715725E9	0.0
1.2274144765E9	0.0
1.2325047635E9	0.0
1.2364262155E9	0.0
1.2431002845E9	0.0
1.2509431885E9	0.0
1.2587860925E9	0.0
1.2666289965E9	0.0
1.2744719005E9	0.0
1.2823148045E9	0.0
1.2901577085E9	0.0
1.2980006125E9	0.0
1.3058435165E9	0.0
1.3136864205E9	0.0
1.3215293245E9	0.0
1.3293722285E9	0.0
1.3372151325E9	0.0
1.3450580365E9	0.0
1.3529009405E9	0.0
1.3607438445E9	0.0
1.3685867485E9	0.0
1.3764296525E9	0.0
1.3842725565E9	0.0
1.390503135E9	0.0
1.394424587E9	0.0
1.3999583645E9	0.0
1.4078012685E9	0.0
1.4156441725E9	0.0
1.4234870765E9	0.0
1.4313299805E9	0.0
1.4391728845E9	0.0
1.4470157885E9	0.0
1.4548586925E9	0.0
1.4627015965E9	0.0
1.4705445005E9	0.0
1.4783874045E9	0.0
1.4862303085E9	0.0
1.4940732125E9	0.0
1.5019161165E9	0.0
1.5097590205E9	0.0
1.5176019245E9	0.0
1.5254448285E9	0.0
1.5332877325E9	0.0
1.538192734E9	0.0
1.542114186E9	0.0
1.5489735405E9	0.0
1.5568164445E9	0.0
1.5646593485E9	0.0
1.5725022525E9	0.0
1.5803451565E9	0.0
1.5881880605E9	0.0
1.5960309645E9	0.0
1.6038738685E9	0.0
1.6117167725E9	0.0
1.6195596765E9	0.0
1.6274025805E9	0.0
1.6352454845E9	0.0
1.6430883885E9	0.0
1.6509312925E9	0.0
1.6587741965E9	0.0
1.6666171005E9	0.0
1.6744600045E9	0.0
1.6793855855E9	0.0
1.6833070375E9	0.0
1.6901458125E9	0.0
1.6979887165E9	0.0
1.7058316205E9	0.0
1.7136745245E9	0.0
1.7215174285E9	0.0
1.7293603325E9	0.0
1.7372032365E9	0.0
1.7450461405E9	0.0
1.7528890445E9	0.0
1.7607319485E9	0.0
1.7685748525E9	0.0
1.7764177565E9	0.0
1.7842606605E9	0.0
1.7921035645E9	0.0
1.7999464685E9	0.0
1.8077893725E9	0.0
1.813817643E9	0.0
1.817739095E9	0.0
1.8234751805E9	0.0
1.8313180845E9	0.0
1.8391609885E9	0.0
1.8470038925E9	0.0
1.8548467965E9	0.0
1.8626897005E9	0.0
1.8705326045E9	0.0
1.8783755085E9	0.0
1.8862184125E9	0.0
1.8940613165E9	0.0
1.9019042205E9	0.0
1.9097471245E9	0.0
1.9175900285E9	0.0
1.9254329325E9	0.0
1.9332758365E9	0.0
1.9411187405E9	0.0
1.947985585E9	0.0
1.951907037E9	0.0
1.9568045485E9	0.0
1.9646474525E9	0.0
1.9724903565E9	0.0
1.9803332605E9	0.0
1.9881761645E9	0.0
1.9960190685E9	0.0
2.0038619725E9	0.0
2.0117048765E9	0.0
2.0195477805E9	0.0
2.0273906845E9	0.0
2.0352335885E9	0.0
2.0430764925E9	0.0
2.0509193965E9	0.0
2.0587623005E9	0.0
2.0666052045E9	0.0
2.0744481085E9	0.0
2.0815762165E9	0.0
2.0854976685E9	0.0
2.0901339165E9	0.0
2.0979768205E9	0.0
2.1058197245E9	0.0
2.1136626285E9	0.0
2.1215055325E9	0.0
2.1293484365E9	0.0
2.1371913405E9	0.0
2.1450342445E9	0.0
2.1528771485E9	0.0
2.1607200525E9	0.0
2.1685629565E9	0.0
2.1764058605E9	0.0
2.1842487645E9	0.0
2.1920916685E9	0.0
2.1979829355E9	0.0
2.2019043875E9	0.0
2.2077774765E9	0.0
2.2156203805E9	0.0
2.2234632845E9	0.0
2.2313061885E9	0.0
2.2391490925E9	0.0
2.2469919965E9	0.0
2.2548349005E9	0.0
2.2626778045E9	0.0
2.2705207085E9	0.0
2.2783636125E9	0.0
2.2862065165E9	0.0
2.2940494205E9	0.0
2.3018923245E9	0.0
2.3065580335E9	0.0
2.3104794855E9	0.0
2.3175781325E9	0.0
2.3254210365E9	0.0
2.3332639405E9	0.0
2.3411068445E9	0.0
2.3489497485E9	0.0
2.3567926525E9	0.0
2.3646355565E9	0.0
2.3724784605E9	0.0
2.3803213645E9	0.0
2.3881642685E9	0.0
2.3960071725E9	0.0
2.4038500765E9	0.0
2.4088026055E9	0.0
2.4127240575E9	0.0
2.4195358845E9	0.0
2.4273787885E9	0.0
2.4352216925E9	0.0
2.4430645965E9	0.0
2.4509075005E9	0.0
2.4587504045E9	0.0
2.4665933085E9	0.0
2.4744362125E9	0.0
2.4822791165E9	0.0
2.4901220205E9	0.0
2.497115954E9	0.0
2.501037406E9	0.0
2.5058078285E9	0.0
2.5136507325E9	0.0
2.5214936365E9	0.0
2.5293365405E9	0.0
2.5371794445E9	0.0
2.5450223485E9	0.0
2.5528652525E9	0.0
2.5607081565E9	0.0
2.5685510605E9	0.0
2.5763939645E9	0.0
2.580849531E9	0.0
2.584770983E9	0.0
2.5920797725E9	0.0
2.5999226765E9	0.0
2.6077655805E9	0.0
2.6156084845E9	0.0
2.6234513885E9	0.0
2.6312942925E9	0.0
2.6391371965E9	0.0
2.6469801005E9	0.0
2.6548230045E9	0.0
2.659102675E9	0.0
2.663024127E9	0.0
2.6705088125E9	0.0
2.6783517165E9	0.0
2.6861946205E9	0.0
2.6940375245E9	0.0
2.7018804285E9	0.0
2.7097233325E9	0.0
2.7161173305E9	0.0
2.7200387825E9	0.0
2.7254091405E9	0.0
2.7332520445E9	0.0
2.7410949485E9	0.0
2.7489378525E9	0.0
2.7567807565E9	0.0
2.7646236605E9	0.0
2.7724665645E9	0.0
2.7790017065E9	0.0
2.7829231585E9	0.0
2.7881523725E9	100.37395791980944
2.7959952765E9	38.32792489617136
2.8038381805E9	28.668042132696275
2.8116810845E9	39.72705259620814
2.8195239885E9	40.59021507697648
2.826595366E9	56.94986435978673
2.830516818E9	0.0
2.8352097965E9	0.0
2.8430527005E9	0.0
2.8508956045E9	0.0
2.8587385085E9	0.0
2.8665814125E9	0.0
2.8744243165E9	0.0
2.879697813E9	0.0
2.883619265E9	0.0
2.8901101245E9	0.0
2.8979530285E9	0.0
2.9057959325E9	0.0
2.9136388365E9	0.0
2.9214817405E9	0.0
2.9293246445E9	0.0
2.9371675485E9	0.0
2.9450104525E9	0.0
2.9528533565E9	0.0
2.9606962605E9	0.0
2.9685391645E9	0.0
2.9763820685E9	0.0
2.9842249725E9	0.0
2.9920678765E9	0.0
2.9999107805E9	0.0
3.0077536845E9	0.0
3.0155965885E9	0.0
3.0234394925E9	0.0
3.0312823965E9	0.0
3.035762133E9	0.0
3.039683585E9	0.0
3.0469682045E9	0.0
3.0548111085E9	0.0
3.0626540125E9	0.0
3.0704969165E9	0.0
3.0783398205E9	0.0
3.0861827245E9	0.0
3.09289908E9	0.0
3.0957472E9	0.0
3.0960741645E9	0.0
3.0966431255E9	0.0
3.097033233E9	0.0
3.097223862E9	0.0
3.0976333385E9	0.0
3.0999444835E9	0.0
3.1038659355E9	0.0
3.106263621E9	0.0
3.1090424555E9	0.0
3.112490271E9	0.0
3.1148319025E9	0.0
3.1184476155E9	0.0
3.1211700535E9	0.0
3.1234760455E9	0.0
3.1273974975E9	0.0
3.129861781E9	0.0
3.1304963135E9	0.0
3.1306072185E9	0.0
3.130645263E9	0.0
3.130708893E9	0.0
3.1308388725E9	0.0
3.131017327E9	0.0
3.1311289185E9	0.0
3.131167044E9	0.0
3.1320275095E9	0.0
3.1328866725E9	0.0
3.1329460765E9	0.0
3.1330740255E9	0.0
3.13318182E9	0.0
3.1332044515E9	0.0
3.133252927E9	0.0
3.133378856E9	0.0
3.1334722815E9	0.0
3.1335694055E9	0.0
3.1337461175E9	0.0
3.133921666E9	0.0
3.1340726445E9	0.0
3.134227776E9	0.0
3.1344001955E9	0.0
3.134572417E9	0.0
3.134739065E9	0.0
3.1349092375E9	0.0
3.1350797375E9	0.0
3.135238337E9	0.0
3.135409466E9	0.0
3.135593124E9	0.0
3.135773198E9	0.0
3.135968631E9	0.0
3.1360817215E9	0.0
3.1361534125E9	0.0
3.1362821595E9	0.0
3.136356676E9	0.0
3.136388478E9	0.0
3.1364240165E9	0.0
3.1364580355E9	0.0
3.136501332E9	0.0
3.136544568E9	0.0
3.1365820705E9	0.0
3.1366202745E9	0.0
3.136664175E9	0.0
3.136707078E9	0.0
3.1367439595E9	0.0
3.136781838E9	0.0
3.1368238805E9	0.0
3.136866718E9	0.0
3.13691015E9	0.0
3.136951785E9	0.0
3.136990075E9	0.0
3.1370274775E9	0.0
3.1370647655E9	0.0
3.1371028695E9	0.0
3.1371420135E9	0.0
