#Insert size (bp)	insert size
1.0	5.0
3.0	2.0
4.0	1.0
5.0	1.0
6.0	3.0
7.0	1.0
9.0	3.0
10.0	1.0
12.0	2.0
15.0	2.0
16.0	3.0
17.0	4.0
19.0	2.0
20.0	3.0
21.0	2.0
22.0	2.0
23.0	2.0
25.0	2.0
26.0	2.0
27.0	3.0
31.0	3.0
32.0	4.0
34.0	2.0
35.0	1.0
36.0	3.0
37.0	3.0
38.0	2.0
39.0	2.0
40.0	2.0
41.0	3.0
42.0	3.0
43.0	1.0
44.0	5.0
45.0	5.0
46.0	4.0
47.0	4.0
48.0	3.0
49.0	2.0
50.0	2.0
51.0	1.0
52.0	1.0
53.0	5.0
54.0	4.0
55.0	1.0
56.0	5.0
57.0	6.0
58.0	2.0
59.0	5.0
60.0	3.0
61.0	1.0
62.0	4.0
63.0	8.0
64.0	3.0
65.0	3.0
66.0	8.0
67.0	7.0
68.0	2.0
69.0	8.0
70.0	9.0
71.0	9.0
72.0	8.0
73.0	13.0
74.0	6.0
75.0	29.0
76.0	20.0
77.0	29.0
78.0	28.0
79.0	34.0
80.0	29.0
81.0	37.0
82.0	52.0
83.0	39.0
84.0	60.0
85.0	76.0
86.0	62.0
87.0	58.0
88.0	84.0
89.0	77.0
90.0	90.0
91.0	90.0
92.0	101.0
93.0	92.0
94.0	107.0
95.0	120.0
96.0	118.0
97.0	102.0
98.0	130.0
99.0	138.0
100.0	125.0
101.0	120.0
102.0	141.0
103.0	161.0
104.0	137.0
105.0	164.0
106.0	155.0
107.0	157.0
108.0	158.0
109.0	145.0
110.0	179.0
111.0	204.0
112.0	168.0
113.0	174.0
114.0	189.0
115.0	172.0
116.0	165.0
117.0	206.0
118.0	170.0
119.0	190.0
120.0	210.0
121.0	187.0
122.0	216.0
123.0	175.0
124.0	214.0
125.0	218.0
126.0	184.0
127.0	193.0
128.0	196.0
129.0	195.0
130.0	194.0
131.0	185.0
132.0	210.0
133.0	196.0
134.0	198.0
135.0	192.0
136.0	205.0
137.0	227.0
138.0	204.0
139.0	213.0
140.0	233.0
141.0	222.0
142.0	196.0
143.0	225.0
144.0	202.0
145.0	200.0
146.0	194.0
147.0	186.0
148.0	220.0
149.0	202.0
150.0	190.0
151.0	200.0
152.0	211.0
153.0	221.0
154.0	209.0
155.0	213.0
156.0	216.0
157.0	191.0
158.0	203.0
159.0	230.0
160.0	241.0
161.0	229.0
162.0	258.0
163.0	194.0
164.0	230.0
165.0	225.0
166.0	209.0
167.0	208.0
168.0	241.0
169.0	237.0
170.0	227.0
171.0	226.0
172.0	231.0
173.0	234.0
174.0	227.0
175.0	216.0
176.0	236.0
177.0	227.0
178.0	210.0
179.0	241.0
180.0	230.0
181.0	225.0
182.0	227.0
183.0	237.0
184.0	218.0
185.0	212.0
186.0	225.0
187.0	215.0
188.0	217.0
189.0	220.0
190.0	212.0
191.0	204.0
192.0	249.0
193.0	216.0
194.0	249.0
195.0	245.0
196.0	257.0
197.0	233.0
198.0	231.0
199.0	242.0
200.0	212.0
201.0	198.0
202.0	251.0
203.0	223.0
204.0	218.0
205.0	246.0
206.0	253.0
207.0	214.0
208.0	224.0
209.0	237.0
210.0	220.0
211.0	216.0
212.0	255.0
213.0	247.0
214.0	225.0
215.0	205.0
216.0	205.0
217.0	205.0
218.0	245.0
219.0	213.0
220.0	216.0
221.0	224.0
222.0	253.0
223.0	235.0
224.0	228.0
225.0	233.0
226.0	222.0
227.0	218.0
228.0	247.0
229.0	239.0
230.0	238.0
231.0	233.0
232.0	240.0
233.0	222.0
234.0	249.0
235.0	208.0
236.0	240.0
237.0	234.0
238.0	233.0
239.0	230.0
240.0	224.0
241.0	232.0
242.0	257.0
243.0	244.0
244.0	239.0
245.0	230.0
246.0	250.0
247.0	271.0
248.0	213.0
249.0	238.0
250.0	229.0
251.0	248.0
252.0	246.0
253.0	252.0
254.0	240.0
255.0	219.0
256.0	253.0
257.0	265.0
258.0	249.0
259.0	252.0
260.0	221.0
261.0	249.0
262.0	242.0
263.0	231.0
264.0	223.0
265.0	249.0
266.0	245.0
267.0	279.0
268.0	262.0
269.0	261.0
270.0	283.0
271.0	257.0
272.0	242.0
273.0	250.0
274.0	283.0
275.0	283.0
276.0	238.0
277.0	262.0
278.0	285.0
279.0	270.0
280.0	301.0
281.0	276.0
282.0	295.0
283.0	271.0
284.0	326.0
285.0	334.0
286.0	295.0
287.0	274.0
288.0	324.0
289.0	317.0
290.0	319.0
291.0	336.0
292.0	335.0
293.0	348.0
294.0	364.0
295.0	369.0
296.0	381.0
297.0	366.0
298.0	412.0
299.0	418.0
300.0	386.0
301.0	425.0
302.0	460.0
303.0	475.0
304.0	456.0
305.0	513.0
306.0	499.0
307.0	572.0
308.0	576.0
309.0	603.0
310.0	715.0
311.0	735.0
312.0	816.0
313.0	877.0
314.0	955.0
315.0	1115.0
316.0	1209.0
317.0	1379.0
318.0	1503.0
319.0	1747.0
320.0	1939.0
321.0	2144.0
322.0	2406.0
323.0	2681.0
324.0	2999.0
325.0	3596.0
326.0	3921.0
327.0	4333.0
328.0	4969.0
329.0	5372.0
330.0	5689.0
331.0	6233.0
332.0	6732.0
333.0	7274.0
334.0	7778.0
335.0	8171.0
336.0	8362.0
337.0	8831.0
338.0	8888.0
339.0	9001.0
340.0	9313.0
341.0	9478.0
342.0	9628.0
343.0	9380.0
344.0	9567.0
345.0	9659.0
346.0	9372.0
347.0	9540.0
348.0	9480.0
349.0	9505.0
350.0	9295.0
351.0	9029.0
352.0	9092.0
353.0	9050.0
354.0	8828.0
355.0	8590.0
356.0	8396.0
357.0	8059.0
358.0	7883.0
359.0	7455.0
360.0	7184.0
361.0	6837.0
362.0	6406.0
363.0	5894.0
364.0	5154.0
365.0	4731.0
366.0	4202.0
367.0	3669.0
368.0	3203.0
369.0	2664.0
370.0	2261.0
371.0	1914.0
372.0	1551.0
373.0	1225.0
374.0	968.0
375.0	769.0
376.0	593.0
377.0	454.0
378.0	360.0
379.0	307.0
380.0	228.0
381.0	210.0
382.0	181.0
383.0	168.0
384.0	176.0
385.0	163.0
386.0	143.0
387.0	145.0
388.0	136.0
389.0	121.0
390.0	113.0
391.0	121.0
392.0	116.0
393.0	133.0
394.0	113.0
395.0	121.0
396.0	110.0
397.0	114.0
398.0	123.0
399.0	136.0
400.0	103.0
401.0	124.0
402.0	104.0
403.0	112.0
404.0	120.0
405.0	101.0
406.0	116.0
407.0	110.0
408.0	104.0
409.0	112.0
410.0	119.0
411.0	113.0
412.0	108.0
413.0	110.0
414.0	88.0
415.0	115.0
416.0	121.0
417.0	96.0
418.0	115.0
419.0	110.0
420.0	110.0
421.0	87.0
422.0	93.0
423.0	99.0
424.0	111.0
425.0	80.0
426.0	79.0
427.0	104.0
428.0	81.0
429.0	86.0
430.0	89.0
431.0	96.0
432.0	100.0
433.0	100.0
434.0	83.0
435.0	82.0
436.0	87.0
437.0	100.0
438.0	102.0
439.0	84.0
440.0	77.0
441.0	80.0
442.0	81.0
443.0	79.0
444.0	88.0
445.0	77.0
446.0	74.0
447.0	68.0
448.0	80.0
449.0	65.0
450.0	68.0
451.0	63.0
452.0	97.0
453.0	73.0
454.0	73.0
455.0	75.0
456.0	69.0
457.0	74.0
458.0	67.0
459.0	74.0
460.0	68.0
461.0	71.0
462.0	69.0
463.0	65.0
464.0	60.0
465.0	61.0
466.0	69.0
467.0	56.0
468.0	74.0
469.0	74.0
470.0	57.0
471.0	79.0
472.0	70.0
473.0	62.0
474.0	64.0
475.0	74.0
476.0	62.0
477.0	68.0
478.0	68.0
479.0	53.0
480.0	73.0
481.0	56.0
482.0	68.0
483.0	81.0
484.0	65.0
485.0	57.0
486.0	51.0
487.0	50.0
488.0	57.0
489.0	54.0
490.0	56.0
491.0	64.0
492.0	68.0
493.0	57.0
494.0	61.0
495.0	49.0
496.0	58.0
497.0	53.0
498.0	49.0
499.0	59.0
500.0	54.0
501.0	42.0
502.0	55.0
503.0	46.0
504.0	58.0
505.0	53.0
506.0	51.0
507.0	52.0
508.0	54.0
509.0	49.0
510.0	44.0
511.0	45.0
512.0	62.0
513.0	44.0
514.0	33.0
515.0	49.0
516.0	49.0
517.0	38.0
518.0	46.0
519.0	45.0
520.0	49.0
521.0	47.0
522.0	46.0
523.0	56.0
524.0	42.0
525.0	36.0
526.0	53.0
527.0	41.0
528.0	39.0
529.0	34.0
530.0	32.0
531.0	35.0
532.0	40.0
533.0	29.0
534.0	37.0
535.0	36.0
536.0	33.0
537.0	42.0
538.0	36.0
539.0	31.0
540.0	26.0
541.0	35.0
542.0	35.0
543.0	33.0
544.0	35.0
545.0	37.0
546.0	42.0
547.0	26.0
548.0	31.0
549.0	25.0
550.0	34.0
551.0	32.0
552.0	32.0
553.0	30.0
554.0	24.0
555.0	26.0
556.0	31.0
557.0	13.0
558.0	28.0
559.0	22.0
560.0	21.0
561.0	22.0
562.0	30.0
563.0	23.0
564.0	19.0
565.0	24.0
566.0	17.0
567.0	31.0
568.0	21.0
569.0	29.0
570.0	22.0
571.0	28.0
572.0	22.0
573.0	29.0
574.0	12.0
575.0	22.0
576.0	26.0
577.0	21.0
578.0	23.0
579.0	18.0
580.0	21.0
581.0	20.0
582.0	18.0
583.0	17.0
584.0	18.0
585.0	14.0
586.0	26.0
587.0	15.0
588.0	23.0
589.0	23.0
590.0	16.0
591.0	15.0
592.0	20.0
593.0	19.0
594.0	12.0
595.0	15.0
596.0	17.0
597.0	15.0
598.0	17.0
599.0	27.0
600.0	13.0
601.0	13.0
602.0	17.0
603.0	18.0
604.0	15.0
605.0	11.0
606.0	15.0
607.0	7.0
608.0	9.0
609.0	12.0
610.0	8.0
611.0	7.0
612.0	13.0
613.0	14.0
614.0	15.0
615.0	9.0
616.0	12.0
617.0	12.0
618.0	11.0
619.0	13.0
620.0	14.0
621.0	5.0
622.0	12.0
623.0	10.0
624.0	9.0
625.0	4.0
626.0	14.0
627.0	15.0
628.0	7.0
629.0	10.0
630.0	8.0
631.0	7.0
632.0	9.0
633.0	2.0
634.0	9.0
635.0	9.0
636.0	6.0
637.0	8.0
638.0	6.0
639.0	11.0
640.0	9.0
641.0	10.0
642.0	5.0
643.0	4.0
644.0	9.0
645.0	6.0
646.0	8.0
647.0	6.0
648.0	6.0
649.0	6.0
650.0	7.0
651.0	9.0
652.0	5.0
653.0	6.0
654.0	9.0
655.0	7.0
656.0	7.0
657.0	2.0
658.0	13.0
659.0	8.0
660.0	7.0
661.0	8.0
662.0	7.0
663.0	8.0
664.0	4.0
665.0	4.0
666.0	1.0
667.0	9.0
668.0	3.0
669.0	3.0
670.0	6.0
671.0	5.0
672.0	6.0
673.0	3.0
674.0	2.0
675.0	2.0
676.0	2.0
677.0	7.0
678.0	5.0
679.0	2.0
680.0	4.0
681.0	1.0
682.0	5.0
683.0	1.0
684.0	3.0
685.0	3.0
686.0	1.0
687.0	3.0
688.0	2.0
689.0	4.0
690.0	4.0
691.0	4.0
692.0	1.0
693.0	2.0
694.0	4.0
695.0	5.0
696.0	1.0
697.0	2.0
698.0	3.0
699.0	1.0
700.0	5.0
701.0	2.0
702.0	4.0
703.0	1.0
704.0	3.0
705.0	3.0
706.0	2.0
707.0	2.0
708.0	3.0
709.0	4.0
710.0	4.0
