# Position (bp)	A	C	G	T	N
0.0	25.162529670878143	25.75275525660594	23.395218998647763	25.632272629666815	0.057223444201338305
1.0	25.578286394647026	24.744031462400503	25.040993261206857	24.61150689255414	0.02518198919147247
2.0	24.845462892545118	25.149436107658918	25.113381313646567	24.884068186455455	0.007651499693940012
3.0	24.424225093169426	25.24147640113042	25.28060813963316	25.029956619341963	0.02373374672503239
4.0	24.792816162709105	24.556876861880138	25.32133869254254	25.32018269400834	0.008785588859873326
5.0	24.73105499828646	25.27361829252954	25.407124403001525	24.5838174901082	0.004384816074274168
6.0	24.774946698660923	24.687081646466545	25.430014102225567	25.10000126839314	0.00795628425382161
7.0	24.79552228660177	25.07272943038886	25.138632375628355	24.985396506452613	0.007719400928401981
8.0	24.612189832443907	25.136867405528108	24.92644384177253	25.316671347861924	0.007827572393533504
9.0	24.75338725962589	25.160479402747526	25.13172995761182	24.946008542035138	0.008394837979626993
10.0	24.64727811636577	25.165863437666943	25.092567594736025	25.087857360315702	0.006433490915566177
11.0	24.772292801662523	25.17770518907189	25.090790100635502	24.95576745334198	0.003444455288099981
12.0	24.785735350310798	25.088442618153945	25.10898264883777	25.009954456211293	0.006884926486197444
13.0	24.727977002030784	25.143880643567023	25.09205035793858	25.032078589390615	0.004013407072999288
14.0	24.766358888790844	25.112107623318387	25.022948685478667	25.08895838752967	0.00962641488243741
15.0	24.704896085170418	25.12841186164846	25.09038935278131	25.07252335463892	0.0037793457608911014
16.0	24.685462056839476	25.168759007444052	25.145979260127543	24.994991889723128	0.004807785865796381
17.0	24.640997506919184	25.243959227430985	25.091788622444135	25.016733045849115	0.006521597356579205
18.0	24.649896784597175	25.195308702688173	25.22424332530864	24.92071570303699	0.00983548436901365
19.0	24.598343649800245	25.24922412167144	25.115024319427537	25.03603619050885	0.0013717185919308655
20.0	24.54808350386247	25.325033677362303	25.18678224943071	24.93758690701849	0.002513662326028859
21.0	24.564605586571762	25.232431172960773	25.19405433064391	24.99954313282956	0.009365776993996766
22.0	24.542626011200998	25.288217260494513	25.168785645370313	24.991122554420738	0.009248528513441765
23.0	24.564897798921603	25.264690976993915	25.26160919330317	24.904578845723627	0.004223185057686425
24.0	24.556300791207487	25.285663101250368	25.200540403613946	24.95293148421579	0.004564219712408515
25.0	24.540836754504937	25.277391521578192	25.24796127070241	24.928220986962852	0.005589466251601268
26.0	24.469394155381327	25.364504632929435	25.31432644333571	24.849607982893797	0.002166785459729152
27.0	24.64240391226368	25.23166069390459	25.300414919781034	24.817082973694383	0.00843750035631336
28.0	24.452474863774196	25.35270513668179	25.3835981851759	24.8067759513007	0.004445863067417523
29.0	24.549374224262614	25.254305093168266	25.352208992342067	24.835563619868452	0.00854807035859725
30.0	24.43877684748656	25.248916527920702	25.302591558091542	24.77062756480605	0.2390875016951509
31.0	24.420246339042652	25.30256811129812	25.316698022154334	24.788763530244275	0.17172399726062051
32.0	24.311067358504754	25.14886140678302	25.210388509471755	24.509777112373555	0.8199056128669123
33.0	24.56189116742063	25.30123364247494	25.38781303862922	24.745758463990374	0.003303687484834366
34.0	24.548746330912145	25.392878580955713	25.327840190080675	24.72222000744923	0.008314890602237276
35.0	24.480370830153866	25.37339270867738	25.339225311208047	24.801886040340307	0.005125109620400214
36.0	24.555158116022735	25.283987058731082	25.33136094000713	24.825849740525506	0.003644144713541756
37.0	24.55965346196417	25.30984818463809	25.392747662189187	24.73638421630387	0.0013664749046883753
38.0	24.54746378173048	25.398278557577452	25.29295151426128	24.757890134215117	0.003416012215659683
39.0	24.504381210890177	25.346580196198094	25.31663584941751	24.828190040715203	0.004212702779017552
40.0	24.51024035139052	25.3015065936956	25.40499738711363	24.781206345158306	0.0020493226419412095
41.0	24.556410066659456	25.27708360610011	25.475069591106003	24.689045876050983	0.002390860083452402
42.0	24.56707812745493	25.298462771565262	25.43554046638295	24.69220137214317	0.006717262453690738
43.0	24.490046848405843	25.33411508882982	25.428836531510253	24.735616742470384	0.011384788783706091
44.0	24.526160364932508	25.31508670790031	25.422781415035594	24.730962455985765	0.005009056145827286
45.0	24.429078191811513	25.400385244147337	25.385357990173084	24.782901717205295	0.002276856662765652
46.0	24.53583483700571	25.349696324588315	25.40251933902926	24.705460465275127	0.006489034101581845
47.0	24.513250559554088	25.388272474948142	25.335903221619848	24.756198356516215	0.006375387361705325
48.0	24.493606324456263	25.408257131407336	25.362490436810088	24.72631061240847	0.009335494917847645
49.0	24.55003648891272	25.383645908403153	25.354955718057397	24.705441686618872	0.0059201980078533705
50.0	24.2740752885027	25.330742046251515	25.362165386962506	24.55096501534734	0.48205226293594194
51.0	24.465019475055875	25.30948886659843	25.411617630817613	24.808978222777334	0.004895804750752303
52.0	24.449753029347264	25.380020541035385	25.38776328164675	24.77187381154625	0.01058933642435684
53.0	24.424269063116324	25.420524990093234	25.402875010817727	24.74697900677304	0.00535192919967023
54.0	24.465765124555162	25.35572953736655	25.388982206405693	24.781893238434165	0.007629893238434164
55.0	24.488652411191794	25.346896382073453	25.393020162355707	24.768925555079765	0.0025054892992829743
56.0	24.465646116331804	25.43771632405985	25.38247859110752	24.70937549471939	0.0047834737814385275
57.0	24.555730456354404	25.411352251474444	25.311803070306325	24.709040751379906	0.012073470484920691
58.0	24.53115388996469	25.413828454265865	25.344230550176555	24.70406652238296	0.006720583209932794
59.0	24.48187517158809	25.507815303436093	25.28487894567165	24.723607900855406	0.001822678448763939
60.0	24.533164410437063	25.403261639843322	25.34925796212451	24.712720942261637	0.0015950453334670136
61.0	24.579613370784596	25.326891412227877	25.375547667747284	24.713047738965457	0.0048998102747881975
62.0	24.531946609775442	25.370727460043945	25.345085382420248	24.748935568866642	0.003304978893720996
63.0	24.557186234817813	25.33909162198636	25.289396177554075	24.81284422073896	0.0014817449027975343
64.0	24.579517239964158	25.27992284594497	25.322558213236118	24.813555766832422	0.004445934022339109
65.0	24.508871664716974	25.37608515703565	25.423174188369806	24.685826087551394	0.006042902326175345
66.0	24.521506682313284	25.32926886289483	25.340216931416055	24.799427963419767	0.009579559956070875
67.0	24.495543444289062	25.299936351213546	25.379212169465465	24.820973529861316	0.004334505170608405
68.0	24.299649739301078	25.172791475088136	25.152369108603633	24.56502641216671	0.8101632648404432
69.0	24.491200202664075	25.24480017162543	25.32057097407703	24.77933465475787	0.16409399687559553
70.0	24.483276534648716	25.187915005124434	25.369838186520337	24.72797120272451	0.23099907098199715
71.0	24.604167570393678	25.299485617612742	25.334759509681486	24.753139833014078	0.0084474692980153
72.0	24.564111815738332	25.341231653874523	25.255367105200055	24.833580346152882	0.005709079034206518
73.0	24.540149153161796	25.258619705119862	25.34473110174621	24.847820376651704	0.008679663320428044
74.0	24.59564522559221	25.274986377764858	25.356776904913943	24.77007837497301	0.002513116755977505
75.0	24.688237700328845	25.287995923152334	25.194758599886196	24.82386601248192	0.00514176415070625
76.0	24.710487816028895	25.15647144881818	25.365862021670555	24.763292643898872	0.0038860695835047773
77.0	24.621060550282504	25.258094978952254	25.330235812493285	24.78637853015624	0.004230128115718013
78.0	24.70787905958615	25.217153620675653	25.250891773723357	24.815269316236286	0.008806229778551913
79.0	24.62878239251879	25.185022474982354	25.28146640536425	24.895690683836662	0.009038043297947678
80.0	24.701290972349387	25.23793719099066	25.212644204358174	24.845266434718916	0.002861197582860282
81.0	24.789125553735055	25.141317651854216	25.226274263299086	24.841565079397792	0.0017174517138450651
82.0	24.83276136191816	25.140434637183795	25.143985594567724	24.873654645339542	0.009163760990785839
83.0	24.70483472807663	25.12795652343329	25.30639656551626	24.85508193114071	0.005730251833107561
84.0	24.761733315599017	25.17325359005288	25.18139455953915	24.878458765416244	0.005159769392706608
85.0	24.854430408787863	25.078233617972167	25.10920587142156	24.95285334752704	0.005276754291377784
86.0	24.803147798698824	25.055669572962724	25.18491480833597	24.946511296905918	0.009756523096559735
87.0	24.918449296137023	25.069490388502956	25.035951225787485	24.972203844598816	0.0039052449737199987
88.0	24.861304422282778	25.07887287359307	25.099101107840628	24.95405547363376	0.006666122649760766
89.0	24.77088065323021	25.203070642017195	25.122221902763002	24.9007216583767	0.003105143612892096
90.0	24.775349619167404	25.068209252523253	25.13794321630072	25.010557906231984	0.007940005776641884
91.0	24.790595065980842	25.08447045406109	25.067881643444252	25.048412830984212	0.008640005529603539
92.0	25.047707888203842	24.931825283624114	25.09325378751627	24.918103860793284	0.009109179862485977
93.0	24.791798427639566	25.119681280785905	25.00034623321346	25.079402816953422	0.008771241407645753
94.0	24.849558666922313	25.417135412215025	24.68543034883909	25.03967493121857	0.008200640805002622
95.0	24.381679759872494	25.388144108866435	25.24239863986306	24.982923161740487	0.0048543296575270425
96.0	25.13489229458161	25.255542741752464	24.617206930569257	24.983558192420094	0.008799840676568804
97.0	24.884389175951092	25.259747488334554	25.136947224876387	24.694216907706153	0.024699203131812574
98.0	24.747427839013255	25.09839342975696	25.03964761800826	25.106288123825955	0.008242989395568289
99.0	24.39981033797494	24.926610558317584	24.79284769628044	25.85574529505693	0.02498611237010127
100.0	25.261472251413704	23.331808781650448	25.863146465193086	25.483172324382704	0.06040017736005837
