1	267	0.00
1	266	0.00
1	265	0.00
1	264	0.00
1	263	0.00
1	262	0.00
1	261	0.00
1	260	0.00
1	259	0.00
1	258	0.00
1	257	0.00
1	256	0.00
1	255	0.00
1	254	0.00
1	253	0.00
1	252	0.00
1	251	0.00
1	250	0.00
1	249	0.00
1	248	0.00
1	247	0.00
1	246	0.00
1	245	0.00
1	244	0.00
1	243	0.00
1	242	0.00
1	241	0.00
1	240	0.00
1	239	0.00
1	238	0.00
1	237	0.00
1	236	0.00
1	235	0.00
1	234	0.00
1	233	0.00
1	232	0.00
1	231	0.00
1	230	0.00
1	229	0.00
1	228	0.00
1	227	0.00
1	226	0.00
1	225	0.00
1	224	0.00
1	223	0.00
1	222	0.00
1	221	0.00
1	220	0.00
1	219	0.00
1	218	0.00
1	217	0.00
1	216	0.00
1	215	0.00
1	214	0.00
1	213	0.00
1	212	0.00
1	211	0.00
1	210	0.00
1	209	0.00
1	208	0.00
1	207	0.00
1	206	0.00
1	205	0.00
1	204	0.00
1	203	0.00
1	202	0.00
1	201	0.00
1	200	0.00
1	199	0.00
1	198	0.00
1	197	0.00
1	196	0.00
1	195	0.00
1	194	0.00
1	193	0.00
1	192	0.00
1	191	0.00
1	190	0.00
1	189	0.00
1	188	0.00
1	187	0.00
1	186	0.00
1	185	0.00
1	184	0.00
1	183	0.00
1	182	0.00
1	181	0.00
1	180	0.00
1	179	0.00
1	178	0.00
1	177	0.00
1	176	0.00
1	175	0.00
1	174	0.00
1	173	0.00
1	172	0.00
1	171	0.00
1	170	0.00
1	169	0.00
1	168	0.00
1	167	0.00
1	166	0.00
1	165	0.00
1	164	0.00
1	163	0.00
1	162	0.00
1	161	0.00
1	160	0.00
1	159	0.00
1	158	0.00
1	157	0.00
1	156	0.00
1	155	0.00
1	154	0.01
1	153	0.01
1	152	0.01
1	151	0.01
1	150	0.01
1	149	0.01
1	148	0.01
1	147	0.01
1	146	0.02
1	145	0.02
1	144	0.03
1	143	0.03
1	142	0.04
1	141	0.04
1	140	0.05
1	139	0.06
1	138	0.06
1	137	0.07
1	136	0.08
1	135	0.10
1	134	0.11
1	133	0.12
1	132	0.14
1	131	0.15
1	130	0.17
1	129	0.19
1	128	0.22
1	127	0.24
1	126	0.27
1	125	0.29
1	124	0.32
1	123	0.35
1	122	0.38
1	121	0.41
1	120	0.43
1	119	0.46
1	118	0.50
1	117	0.53
1	116	0.56
1	115	0.59
1	114	0.62
1	113	0.64
1	112	0.67
1	111	0.70
1	110	0.72
1	109	0.75
1	108	0.77
1	107	0.79
1	106	0.81
1	105	0.83
1	104	0.85
1	103	0.86
1	102	0.88
1	101	0.89
1	100	0.90
1	99	0.91
1	98	0.92
1	97	0.93
1	96	0.94
1	95	0.95
1	94	0.95
1	93	0.96
1	92	0.97
1	91	0.97
1	90	0.97
1	89	0.98
1	88	0.98
1	87	0.98
1	86	0.98
1	85	0.99
1	84	0.99
1	83	0.99
1	82	0.99
1	81	0.99
1	80	0.99
1	79	0.99
1	78	0.99
1	77	0.99
1	76	0.99
1	75	1.00
1	74	1.00
1	73	1.00
1	72	1.00
1	71	1.00
1	70	1.00
1	69	1.00
1	68	1.00
1	67	1.00
1	66	1.00
1	65	1.00
1	64	1.00
1	63	1.00
1	62	1.00
1	61	1.00
1	60	1.00
1	59	1.00
1	58	1.00
1	57	1.00
1	56	1.00
1	55	1.00
1	54	1.00
1	53	1.00
1	52	1.00
1	51	1.00
1	50	1.00
1	49	1.00
1	48	1.00
1	47	1.00
1	46	1.00
1	45	1.00
1	44	1.00
1	43	1.00
1	42	1.00
1	41	1.00
1	40	1.00
1	39	1.00
1	38	1.00
1	37	1.00
1	36	1.00
1	35	1.00
1	34	1.00
1	33	1.00
1	32	1.00
1	31	1.00
1	30	1.00
1	29	1.00
1	28	1.00
1	27	1.00
1	26	1.00
1	25	1.00
1	24	1.00
1	23	1.00
1	22	1.00
1	21	1.00
1	20	1.00
1	19	1.00
1	18	1.00
1	17	1.00
1	16	1.00
1	15	1.00
1	14	1.00
1	13	1.00
1	12	1.00
1	11	1.00
1	10	1.00
1	9	1.00
1	8	1.00
1	7	1.00
1	6	1.00
1	5	1.00
1	4	1.00
1	3	1.00
1	2	1.00
1	1	1.00
1	0	1.00
2	170	0.00
2	169	0.00
2	168	0.00
2	167	0.00
2	166	0.00
2	165	0.00
2	164	0.00
2	163	0.00
2	162	0.00
2	161	0.00
2	160	0.00
2	159	0.00
2	158	0.00
2	157	0.00
2	156	0.00
2	155	0.00
2	154	0.00
2	153	0.00
2	152	0.00
2	151	0.00
2	150	0.00
2	149	0.01
2	148	0.01
2	147	0.01
2	146	0.01
2	145	0.02
2	144	0.02
2	143	0.02
2	142	0.03
2	141	0.03
2	140	0.04
2	139	0.05
2	138	0.06
2	137	0.06
2	136	0.07
2	135	0.09
2	134	0.10
2	133	0.11
2	132	0.12
2	131	0.14
2	130	0.15
2	129	0.17
2	128	0.19
2	127	0.21
2	126	0.23
2	125	0.25
2	124	0.28
2	123	0.30
2	122	0.33
2	121	0.36
2	120	0.39
2	119	0.41
2	118	0.44
2	117	0.47
2	116	0.50
2	115	0.53
2	114	0.56
2	113	0.59
2	112	0.62
2	111	0.65
2	110	0.67
2	109	0.70
2	108	0.73
2	107	0.75
2	106	0.77
2	105	0.80
2	104	0.82
2	103	0.83
2	102	0.85
2	101	0.86
2	100	0.87
2	99	0.89
2	98	0.90
2	97	0.91
2	96	0.91
2	95	0.92
2	94	0.93
2	93	0.94
2	92	0.94
2	91	0.95
2	90	0.96
2	89	0.96
2	88	0.96
2	87	0.97
2	86	0.97
2	85	0.98
2	84	0.98
2	83	0.98
2	82	0.98
2	81	0.98
2	80	0.98
2	79	0.99
2	78	0.99
2	77	0.99
2	76	0.99
2	75	0.99
2	74	0.99
2	73	0.99
2	72	0.99
2	71	0.99
2	70	0.99
2	69	0.99
2	68	0.99
2	67	0.99
2	66	1.00
2	65	1.00
2	64	1.00
2	63	1.00
2	62	1.00
2	61	1.00
2	60	1.00
2	59	1.00
2	58	1.00
2	57	1.00
2	56	1.00
2	55	1.00
2	54	1.00
2	53	1.00
2	52	1.00
2	51	1.00
2	50	1.00
2	49	1.00
2	48	1.00
2	47	1.00
2	46	1.00
2	45	1.00
2	44	1.00
2	43	1.00
2	42	1.00
2	41	1.00
2	40	1.00
2	39	1.00
2	38	1.00
2	37	1.00
2	36	1.00
2	35	1.00
2	34	1.00
2	33	1.00
2	32	1.00
2	31	1.00
2	30	1.00
2	29	1.00
2	28	1.00
2	27	1.00
2	26	1.00
2	25	1.00
2	24	1.00
2	23	1.00
2	22	1.00
2	21	1.00
2	20	1.00
2	19	1.00
2	18	1.00
2	17	1.00
2	16	1.00
2	15	1.00
2	14	1.00
2	13	1.00
2	12	1.00
2	11	1.00
2	10	1.00
2	9	1.00
2	8	1.00
2	7	1.00
2	6	1.00
2	5	1.00
2	4	1.00
2	3	1.00
2	2	1.00
2	1	1.00
2	0	1.00
3	236	0.00
3	235	0.00
3	234	0.00
3	233	0.00
3	232	0.00
3	231	0.00
3	230	0.00
3	229	0.00
3	228	0.00
3	227	0.00
3	226	0.00
3	225	0.00
3	224	0.00
3	223	0.00
3	222	0.00
3	221	0.00
3	220	0.00
3	219	0.00
3	218	0.00
3	217	0.00
3	216	0.00
3	215	0.00
3	214	0.00
3	213	0.00
3	212	0.00
3	211	0.00
3	210	0.00
3	209	0.00
3	208	0.00
3	207	0.00
3	206	0.00
3	205	0.00
3	204	0.00
3	203	0.00
3	202	0.00
3	201	0.00
3	200	0.00
3	199	0.00
3	198	0.00
3	197	0.00
3	196	0.00
3	195	0.00
3	194	0.00
3	193	0.00
3	192	0.00
3	191	0.00
3	190	0.00
3	189	0.00
3	188	0.00
3	187	0.00
3	186	0.00
3	185	0.00
3	184	0.00
3	183	0.00
3	182	0.00
3	181	0.00
3	180	0.00
3	179	0.00
3	178	0.00
3	177	0.00
3	176	0.00
3	175	0.00
3	174	0.00
3	173	0.00
3	172	0.00
3	171	0.00
3	170	0.00
3	169	0.00
3	168	0.00
3	167	0.00
3	166	0.00
3	165	0.00
3	164	0.00
3	163	0.00
3	162	0.01
3	161	0.01
3	160	0.01
3	159	0.01
3	158	0.01
3	157	0.01
3	156	0.01
3	155	0.01
3	154	0.01
3	153	0.01
3	152	0.01
3	151	0.01
3	150	0.01
3	149	0.01
3	148	0.02
3	147	0.02
3	146	0.02
3	145	0.03
3	144	0.03
3	143	0.04
3	142	0.04
3	141	0.05
3	140	0.06
3	139	0.07
3	138	0.08
3	137	0.09
3	136	0.10
3	135	0.11
3	134	0.12
3	133	0.14
3	132	0.16
3	131	0.17
3	130	0.19
3	129	0.21
3	128	0.24
3	127	0.26
3	126	0.29
3	125	0.31
3	124	0.34
3	123	0.37
3	122	0.39
3	121	0.42
3	120	0.45
3	119	0.48
3	118	0.51
3	117	0.54
3	116	0.56
3	115	0.59
3	114	0.62
3	113	0.65
3	112	0.67
3	111	0.70
3	110	0.72
3	109	0.75
3	108	0.77
3	107	0.79
3	106	0.81
3	105	0.83
3	104	0.84
3	103	0.86
3	102	0.87
3	101	0.88
3	100	0.89
3	99	0.90
3	98	0.91
3	97	0.92
3	96	0.92
3	95	0.93
3	94	0.93
3	93	0.94
3	92	0.94
3	91	0.95
3	90	0.95
3	89	0.96
3	88	0.96
3	87	0.96
3	86	0.97
3	85	0.97
3	84	0.97
3	83	0.97
3	82	0.97
3	81	0.97
3	80	0.98
3	79	0.98
3	78	0.98
3	77	0.98
3	76	0.98
3	75	0.98
3	74	0.98
3	73	0.98
3	72	0.99
3	71	0.99
3	70	0.99
3	69	0.99
3	68	0.99
3	67	0.99
3	66	0.99
3	65	0.99
3	64	0.99
3	63	0.99
3	62	0.99
3	61	0.99
3	60	0.99
3	59	0.99
3	58	0.99
3	57	0.99
3	56	0.99
3	55	0.99
3	54	0.99
3	53	1.00
3	52	1.00
3	51	1.00
3	50	1.00
3	49	1.00
3	48	1.00
3	47	1.00
3	46	1.00
3	45	1.00
3	44	1.00
3	43	1.00
3	42	1.00
3	41	1.00
3	40	1.00
3	39	1.00
3	38	1.00
3	37	1.00
3	36	1.00
3	35	1.00
3	34	1.00
3	33	1.00
3	32	1.00
3	31	1.00
3	30	1.00
3	29	1.00
3	28	1.00
3	27	1.00
3	26	1.00
3	25	1.00
3	24	1.00
3	23	1.00
3	22	1.00
3	21	1.00
3	20	1.00
3	19	1.00
3	18	1.00
3	17	1.00
3	16	1.00
3	15	1.00
3	14	1.00
3	13	1.00
3	12	1.00
3	11	1.00
3	10	1.00
3	9	1.00
3	8	1.00
3	7	1.00
3	6	1.00
3	5	1.00
3	4	1.00
3	3	1.00
3	2	1.00
3	1	1.00
3	0	1.00
4	180	0.00
4	179	0.00
4	178	0.00
4	177	0.00
4	176	0.00
4	175	0.00
4	174	0.00
4	173	0.00
4	172	0.00
4	171	0.00
4	170	0.00
4	169	0.00
4	168	0.00
4	167	0.00
4	166	0.00
4	165	0.00
4	164	0.00
4	163	0.00
4	162	0.00
4	161	0.00
4	160	0.00
4	159	0.00
4	158	0.00
4	157	0.00
4	156	0.00
4	155	0.00
4	154	0.00
4	153	0.00
4	152	0.00
4	151	0.00
4	150	0.00
4	149	0.01
4	148	0.01
4	147	0.01
4	146	0.01
4	145	0.01
4	144	0.01
4	143	0.02
4	142	0.02
4	141	0.03
4	140	0.03
4	139	0.04
4	138	0.04
4	137	0.05
4	136	0.06
4	135	0.07
4	134	0.08
4	133	0.09
4	132	0.10
4	131	0.12
4	130	0.13
4	129	0.15
4	128	0.16
4	127	0.18
4	126	0.20
4	125	0.22
4	124	0.24
4	123	0.26
4	122	0.29
4	121	0.31
4	120	0.34
4	119	0.36
4	118	0.39
4	117	0.42
4	116	0.44
4	115	0.47
4	114	0.50
4	113	0.53
4	112	0.56
4	111	0.59
4	110	0.61
4	109	0.64
4	108	0.67
4	107	0.69
4	106	0.72
4	105	0.74
4	104	0.76
4	103	0.78
4	102	0.80
4	101	0.82
4	100	0.83
4	99	0.85
4	98	0.87
4	97	0.88
4	96	0.89
4	95	0.90
4	94	0.91
4	93	0.92
4	92	0.93
4	91	0.93
4	90	0.94
4	89	0.95
4	88	0.95
4	87	0.95
4	86	0.96
4	85	0.96
4	84	0.96
4	83	0.97
4	82	0.97
4	81	0.97
4	80	0.97
4	79	0.97
4	78	0.97
4	77	0.97
4	76	0.98
4	75	0.98
4	74	0.98
4	73	0.98
4	72	0.98
4	71	0.98
4	70	0.98
4	69	0.98
4	68	0.98
4	67	0.98
4	66	0.98
4	65	0.98
4	64	0.98
4	63	0.98
4	62	0.98
4	61	0.98
4	60	0.98
4	59	0.98
4	58	0.99
4	57	0.99
4	56	0.99
4	55	0.99
4	54	0.99
4	53	0.99
4	52	0.99
4	51	0.99
4	50	0.99
4	49	0.99
4	48	0.99
4	47	0.99
4	46	0.99
4	45	0.99
4	44	0.99
4	43	0.99
4	42	0.99
4	41	0.99
4	40	0.99
4	39	0.99
4	38	0.99
4	37	0.99
4	36	0.99
4	35	0.99
4	34	0.99
4	33	0.99
4	32	0.99
4	31	0.99
4	30	1.00
4	29	1.00
4	28	1.00
4	27	1.00
4	26	1.00
4	25	1.00
4	24	1.00
4	23	1.00
4	22	1.00
4	21	1.00
4	20	1.00
4	19	1.00
4	18	1.00
4	17	1.00
4	16	1.00
4	15	1.00
4	14	1.00
4	13	1.00
4	12	1.00
4	11	1.00
4	10	1.00
4	9	1.00
4	8	1.00
4	7	1.00
4	6	1.00
4	5	1.00
4	4	1.00
4	3	1.00
4	2	1.00
4	1	1.00
4	0	1.00
5	184	0.00
5	183	0.00
5	182	0.00
5	181	0.00
5	180	0.00
5	179	0.00
5	178	0.00
5	177	0.00
5	176	0.00
5	175	0.00
5	174	0.00
5	173	0.00
5	172	0.00
5	171	0.00
5	170	0.00
5	169	0.00
5	168	0.00
5	167	0.00
5	166	0.00
5	165	0.00
5	164	0.00
5	163	0.00
5	162	0.00
5	161	0.00
5	160	0.00
5	159	0.00
5	158	0.00
5	157	0.00
5	156	0.00
5	155	0.00
5	154	0.01
5	153	0.01
5	152	0.01
5	151	0.01
5	150	0.01
5	149	0.01
5	148	0.02
5	147	0.02
5	146	0.02
5	145	0.03
5	144	0.03
5	143	0.04
5	142	0.05
5	141	0.05
5	140	0.06
5	139	0.07
5	138	0.08
5	137	0.09
5	136	0.10
5	135	0.11
5	134	0.13
5	133	0.14
5	132	0.16
5	131	0.18
5	130	0.20
5	129	0.22
5	128	0.25
5	127	0.27
5	126	0.30
5	125	0.32
5	124	0.35
5	123	0.38
5	122	0.41
5	121	0.44
5	120	0.47
5	119	0.50
5	118	0.54
5	117	0.57
5	116	0.60
5	115	0.63
5	114	0.66
5	113	0.68
5	112	0.71
5	111	0.74
5	110	0.76
5	109	0.79
5	108	0.81
5	107	0.83
5	106	0.85
5	105	0.87
5	104	0.88
5	103	0.90
5	102	0.91
5	101	0.92
5	100	0.93
5	99	0.94
5	98	0.94
5	97	0.95
5	96	0.96
5	95	0.96
5	94	0.97
5	93	0.97
5	92	0.97
5	91	0.97
5	90	0.97
5	89	0.98
5	88	0.98
5	87	0.98
5	86	0.98
5	85	0.98
5	84	0.99
5	83	0.99
5	82	0.99
5	81	0.99
5	80	0.99
5	79	0.99
5	78	0.99
5	77	0.99
5	76	0.99
5	75	0.99
5	74	0.99
5	73	0.99
5	72	0.99
5	71	0.99
5	70	0.99
5	69	0.99
5	68	0.99
5	67	0.99
5	66	0.99
5	65	1.00
5	64	1.00
5	63	1.00
5	62	1.00
5	61	1.00
5	60	1.00
5	59	1.00
5	58	1.00
5	57	1.00
5	56	1.00
5	55	1.00
5	54	1.00
5	53	1.00
5	52	1.00
5	51	1.00
5	50	1.00
5	49	1.00
5	48	1.00
5	47	1.00
5	46	1.00
5	45	1.00
5	44	1.00
5	43	1.00
5	42	1.00
5	41	1.00
5	40	1.00
5	39	1.00
5	38	1.00
5	37	1.00
5	36	1.00
5	35	1.00
5	34	1.00
5	33	1.00
5	32	1.00
5	31	1.00
5	30	1.00
5	29	1.00
5	28	1.00
5	27	1.00
5	26	1.00
5	25	1.00
5	24	1.00
5	23	1.00
5	22	1.00
5	21	1.00
5	20	1.00
5	19	1.00
5	18	1.00
5	17	1.00
5	16	1.00
5	15	1.00
5	14	1.00
5	13	1.00
5	12	1.00
5	11	1.00
5	10	1.00
5	9	1.00
5	8	1.00
5	7	1.00
5	6	1.00
5	5	1.00
5	4	1.00
5	3	1.00
5	2	1.00
5	1	1.00
5	0	1.00
6	163	0.00
6	162	0.00
6	161	0.00
6	160	0.00
6	159	0.00
6	158	0.00
6	157	0.00
6	156	0.00
6	155	0.00
6	154	0.00
6	153	0.01
6	152	0.01
6	151	0.01
6	150	0.01
6	149	0.01
6	148	0.01
6	147	0.02
6	146	0.02
6	145	0.02
6	144	0.03
6	143	0.03
6	142	0.04
6	141	0.04
6	140	0.05
6	139	0.05
6	138	0.06
6	137	0.07
6	136	0.08
6	135	0.09
6	134	0.10
6	133	0.12
6	132	0.13
6	131	0.15
6	130	0.17
6	129	0.19
6	128	0.21
6	127	0.23
6	126	0.25
6	125	0.27
6	124	0.30
6	123	0.32
6	122	0.35
6	121	0.37
6	120	0.40
6	119	0.43
6	118	0.45
6	117	0.48
6	116	0.51
6	115	0.54
6	114	0.57
6	113	0.60
6	112	0.63
6	111	0.66
6	110	0.68
6	109	0.71
6	108	0.74
6	107	0.76
6	106	0.78
6	105	0.80
6	104	0.82
6	103	0.84
6	102	0.85
6	101	0.87
6	100	0.88
6	99	0.89
6	98	0.90
6	97	0.91
6	96	0.91
6	95	0.92
6	94	0.93
6	93	0.93
6	92	0.94
6	91	0.94
6	90	0.95
6	89	0.95
6	88	0.95
6	87	0.96
6	86	0.96
6	85	0.96
6	84	0.96
6	83	0.96
6	82	0.97
6	81	0.97
6	80	0.97
6	79	0.97
6	78	0.97
6	77	0.97
6	76	0.97
6	75	0.98
6	74	0.98
6	73	0.98
6	72	0.98
6	71	0.98
6	70	0.98
6	69	0.98
6	68	0.98
6	67	0.98
6	66	0.98
6	65	0.99
6	64	0.99
6	63	0.99
6	62	0.99
6	61	0.99
6	60	0.99
6	59	0.99
6	58	0.99
6	57	0.99
6	56	0.99
6	55	0.99
6	54	0.99
6	53	0.99
6	52	0.99
6	51	0.99
6	50	1.00
6	49	1.00
6	48	1.00
6	47	1.00
6	46	1.00
6	45	1.00
6	44	1.00
6	43	1.00
6	42	1.00
6	41	1.00
6	40	1.00
6	39	1.00
6	38	1.00
6	37	1.00
6	36	1.00
6	35	1.00
6	34	1.00
6	33	1.00
6	32	1.00
6	31	1.00
6	30	1.00
6	29	1.00
6	28	1.00
6	27	1.00
6	26	1.00
6	25	1.00
6	24	1.00
6	23	1.00
6	22	1.00
6	21	1.00
6	20	1.00
6	19	1.00
6	18	1.00
6	17	1.00
6	16	1.00
6	15	1.00
6	14	1.00
6	13	1.00
6	12	1.00
6	11	1.00
6	10	1.00
6	9	1.00
6	8	1.00
6	7	1.00
6	6	1.00
6	5	1.00
6	4	1.00
6	3	1.00
6	2	1.00
6	1	1.00
6	0	1.00
7	514	0.00
7	513	0.00
7	512	0.00
7	511	0.00
7	510	0.00
7	509	0.00
7	508	0.00
7	507	0.00
7	506	0.00
7	502	0.00
7	501	0.00
7	500	0.00
7	499	0.00
7	498	0.00
7	497	0.00
7	495	0.00
7	494	0.00
7	493	0.00
7	491	0.00
7	490	0.00
7	488	0.00
7	487	0.00
7	486	0.00
7	485	0.00
7	484	0.00
7	483	0.00
7	482	0.00
7	481	0.00
7	479	0.00
7	478	0.00
7	477	0.00
7	476	0.00
7	474	0.00
7	473	0.00
7	472	0.00
7	470	0.00
7	469	0.00
7	468	0.00
7	467	0.00
7	466	0.00
7	465	0.00
7	464	0.00
7	463	0.00
7	462	0.00
7	461	0.00
7	460	0.00
7	459	0.00
7	458	0.00
7	457	0.00
7	456	0.00
7	455	0.00
7	454	0.00
7	453	0.00
7	452	0.00
7	451	0.00
7	450	0.00
7	449	0.00
7	448	0.00
7	447	0.00
7	446	0.00
7	445	0.00
7	444	0.00
7	443	0.00
7	442	0.00
7	441	0.00
7	440	0.00
7	439	0.00
7	438	0.00
7	437	0.00
7	436	0.00
7	435	0.00
7	434	0.00
7	433	0.00
7	432	0.00
7	431	0.00
7	430	0.00
7	429	0.00
7	428	0.00
7	427	0.00
7	425	0.00
7	424	0.00
7	423	0.00
7	422	0.00
7	421	0.00
7	420	0.00
7	419	0.00
7	418	0.00
7	417	0.00
7	416	0.00
7	415	0.00
7	414	0.00
7	413	0.00
7	412	0.00
7	411	0.00
7	410	0.00
7	409	0.00
7	408	0.00
7	407	0.00
7	406	0.00
7	405	0.00
7	404	0.00
7	403	0.00
7	402	0.00
7	401	0.00
7	398	0.00
7	397	0.00
7	396	0.00
7	395	0.00
7	394	0.00
7	393	0.00
7	392	0.00
7	390	0.00
7	389	0.00
7	387	0.00
7	386	0.00
7	385	0.00
7	383	0.00
7	382	0.00
7	381	0.00
7	380	0.00
7	379	0.00
7	377	0.00
7	376	0.00
7	375	0.00
7	374	0.00
7	373	0.00
7	371	0.00
7	368	0.00
7	367	0.00
7	366	0.00
7	363	0.00
7	362	0.00
7	361	0.00
7	358	0.00
7	357	0.00
7	356	0.00
7	355	0.00
7	354	0.00
7	352	0.00
7	349	0.00
7	348	0.00
7	347	0.00
7	345	0.00
7	344	0.00
7	343	0.00
7	341	0.00
7	340	0.00
7	339	0.00
7	338	0.00
7	337	0.00
7	336	0.00
7	335	0.00
7	333	0.00
7	332	0.00
7	331	0.00
7	330	0.00
7	329	0.00
7	328	0.00
7	327	0.00
7	326	0.00
7	325	0.00
7	323	0.00
7	320	0.00
7	319	0.00
7	318	0.00
7	317	0.00
7	316	0.00
7	315	0.00
7	313	0.00
7	312	0.00
7	311	0.00
7	310	0.00
7	308	0.00
7	307	0.00
7	306	0.00
7	305	0.00
7	304	0.00
7	303	0.00
7	302	0.00
7	301	0.00
7	300	0.00
7	299	0.00
7	298	0.00
7	297	0.00
7	296	0.00
7	295	0.00
7	294	0.00
7	293	0.00
7	292	0.00
7	291	0.00
7	290	0.00
7	289	0.00
7	288	0.00
7	287	0.00
7	286	0.00
7	285	0.00
7	284	0.00
7	283	0.00
7	282	0.00
7	281	0.00
7	280	0.00
7	279	0.00
7	278	0.00
7	277	0.00
7	276	0.00
7	275	0.00
7	274	0.00
7	273	0.00
7	272	0.00
7	271	0.00
7	270	0.00
7	269	0.00
7	268	0.00
7	267	0.00
7	266	0.00
7	265	0.00
7	264	0.00
7	263	0.00
7	262	0.00
7	261	0.00
7	260	0.00
7	259	0.00
7	258	0.00
7	257	0.00
7	256	0.00
7	255	0.00
7	254	0.00
7	253	0.00
7	252	0.00
7	251	0.00
7	250	0.00
7	249	0.00
7	248	0.00
7	247	0.00
7	246	0.00
7	245	0.00
7	244	0.00
7	243	0.00
7	242	0.01
7	241	0.01
7	240	0.01
7	239	0.01
7	238	0.01
7	237	0.01
7	236	0.01
7	235	0.01
7	234	0.01
7	233	0.01
7	232	0.01
7	231	0.01
7	230	0.01
7	229	0.01
7	228	0.01
7	227	0.01
7	226	0.01
7	225	0.01
7	224	0.01
7	223	0.01
7	222	0.01
7	221	0.01
7	220	0.01
7	219	0.01
7	218	0.01
7	217	0.01
7	216	0.01
7	215	0.01
7	214	0.01
7	213	0.01
7	212	0.01
7	211	0.01
7	210	0.01
7	209	0.01
7	208	0.01
7	207	0.01
7	206	0.01
7	205	0.01
7	204	0.01
7	203	0.01
7	202	0.01
7	201	0.01
7	200	0.01
7	199	0.01
7	198	0.01
7	197	0.01
7	196	0.01
7	195	0.01
7	194	0.01
7	193	0.01
7	192	0.01
7	191	0.01
7	190	0.01
7	189	0.01
7	188	0.01
7	187	0.01
7	186	0.01
7	185	0.01
7	184	0.01
7	183	0.01
7	182	0.01
7	181	0.01
7	180	0.01
7	179	0.01
7	178	0.01
7	177	0.01
7	176	0.01
7	175	0.01
7	174	0.01
7	173	0.01
7	172	0.01
7	171	0.01
7	170	0.01
7	169	0.01
7	168	0.01
7	167	0.01
7	166	0.01
7	165	0.01
7	164	0.01
7	163	0.01
7	162	0.01
7	161	0.01
7	160	0.01
7	159	0.01
7	158	0.01
7	157	0.01
7	156	0.01
7	155	0.01
7	154	0.02
7	153	0.02
7	152	0.02
7	151	0.02
7	150	0.02
7	149	0.02
7	148	0.02
7	147	0.03
7	146	0.03
7	145	0.03
7	144	0.03
7	143	0.04
7	142	0.04
7	141	0.05
7	140	0.05
7	139	0.06
7	138	0.07
7	137	0.08
7	136	0.09
7	135	0.10
7	134	0.11
7	133	0.13
7	132	0.14
7	131	0.16
7	130	0.18
7	129	0.19
7	128	0.21
7	127	0.23
7	126	0.26
7	125	0.28
7	124	0.30
7	123	0.33
7	122	0.36
7	121	0.38
7	120	0.41
7	119	0.44
7	118	0.47
7	117	0.49
7	116	0.52
7	115	0.55
7	114	0.58
7	113	0.61
7	112	0.64
7	111	0.66
7	110	0.69
7	109	0.71
7	108	0.74
7	107	0.76
7	106	0.78
7	105	0.79
7	104	0.81
7	103	0.83
7	102	0.84
7	101	0.86
7	100	0.87
7	99	0.88
7	98	0.89
7	97	0.90
7	96	0.91
7	95	0.92
7	94	0.92
7	93	0.93
7	92	0.93
7	91	0.94
7	90	0.94
7	89	0.95
7	88	0.95
7	87	0.96
7	86	0.96
7	85	0.96
7	84	0.96
7	83	0.97
7	82	0.97
7	81	0.97
7	80	0.97
7	79	0.97
7	78	0.98
7	77	0.98
7	76	0.98
7	75	0.98
7	74	0.98
7	73	0.98
7	72	0.98
7	71	0.98
7	70	0.99
7	69	0.99
7	68	0.99
7	67	0.99
7	66	0.99
7	65	0.99
7	64	0.99
7	63	0.99
7	62	0.99
7	61	0.99
7	60	0.99
7	59	0.99
7	58	0.99
7	57	0.99
7	56	0.99
7	55	0.99
7	54	0.99
7	53	0.99
7	52	0.99
7	51	0.99
7	50	0.99
7	49	0.99
7	48	0.99
7	47	0.99
7	46	0.99
7	45	0.99
7	44	0.99
7	43	0.99
7	42	0.99
7	41	0.99
7	40	0.99
7	39	0.99
7	38	0.99
7	37	0.99
7	36	0.99
7	35	1.00
7	34	1.00
7	33	1.00
7	32	1.00
7	31	1.00
7	30	1.00
7	29	1.00
7	28	1.00
7	27	1.00
7	26	1.00
7	25	1.00
7	24	1.00
7	23	1.00
7	22	1.00
7	21	1.00
7	20	1.00
7	19	1.00
7	18	1.00
7	17	1.00
7	16	1.00
7	15	1.00
7	14	1.00
7	13	1.00
7	12	1.00
7	11	1.00
7	10	1.00
7	9	1.00
7	8	1.00
7	7	1.00
7	6	1.00
7	5	1.00
7	4	1.00
7	3	1.00
7	2	1.00
7	1	1.00
7	0	1.00
8	161	0.00
8	160	0.00
8	159	0.00
8	158	0.00
8	157	0.00
8	156	0.00
8	155	0.00
8	154	0.00
8	153	0.00
8	152	0.00
8	151	0.00
8	150	0.00
8	149	0.00
8	148	0.01
8	147	0.01
8	146	0.01
8	145	0.01
8	144	0.02
8	143	0.02
8	142	0.02
8	141	0.03
8	140	0.03
8	139	0.04
8	138	0.05
8	137	0.05
8	136	0.06
8	135	0.07
8	134	0.09
8	133	0.10
8	132	0.11
8	131	0.13
8	130	0.15
8	129	0.17
8	128	0.19
8	127	0.21
8	126	0.23
8	125	0.25
8	124	0.27
8	123	0.30
8	122	0.32
8	121	0.35
8	120	0.38
8	119	0.40
8	118	0.43
8	117	0.46
8	116	0.49
8	115	0.52
8	114	0.55
8	113	0.58
8	112	0.61
8	111	0.63
8	110	0.66
8	109	0.69
8	108	0.71
8	107	0.74
8	106	0.76
8	105	0.78
8	104	0.80
8	103	0.82
8	102	0.84
8	101	0.86
8	100	0.88
8	99	0.89
8	98	0.91
8	97	0.92
8	96	0.93
8	95	0.94
8	94	0.95
8	93	0.96
8	92	0.96
8	91	0.97
8	90	0.97
8	89	0.98
8	88	0.98
8	87	0.98
8	86	0.98
8	85	0.99
8	84	0.99
8	83	0.99
8	82	0.99
8	81	0.99
8	80	0.99
8	79	0.99
8	78	1.00
8	77	1.00
8	76	1.00
8	75	1.00
8	74	1.00
8	73	1.00
8	72	1.00
8	71	1.00
8	70	1.00
8	69	1.00
8	68	1.00
8	67	1.00
8	66	1.00
8	65	1.00
8	64	1.00
8	63	1.00
8	62	1.00
8	61	1.00
8	60	1.00
8	59	1.00
8	58	1.00
8	57	1.00
8	56	1.00
8	55	1.00
8	54	1.00
8	53	1.00
8	52	1.00
8	51	1.00
8	50	1.00
8	49	1.00
8	48	1.00
8	47	1.00
8	46	1.00
8	45	1.00
8	44	1.00
8	43	1.00
8	42	1.00
8	41	1.00
8	40	1.00
8	39	1.00
8	38	1.00
8	37	1.00
8	36	1.00
8	35	1.00
8	34	1.00
8	33	1.00
8	32	1.00
8	31	1.00
8	30	1.00
8	29	1.00
8	28	1.00
8	27	1.00
8	26	1.00
8	25	1.00
8	24	1.00
8	23	1.00
8	22	1.00
8	21	1.00
8	20	1.00
8	19	1.00
8	18	1.00
8	17	1.00
8	16	1.00
8	15	1.00
8	14	1.00
8	13	1.00
8	12	1.00
8	11	1.00
8	10	1.00
8	9	1.00
8	8	1.00
8	7	1.00
8	6	1.00
8	5	1.00
8	4	1.00
8	3	1.00
8	2	1.00
8	1	1.00
8	0	1.00
9	181	0.00
9	180	0.00
9	179	0.00
9	178	0.00
9	177	0.00
9	176	0.00
9	175	0.00
9	174	0.00
9	173	0.00
9	172	0.00
9	171	0.00
9	170	0.00
9	169	0.00
9	168	0.00
9	167	0.00
9	166	0.00
9	165	0.00
9	164	0.00
9	163	0.00
9	162	0.00
9	161	0.00
9	160	0.00
9	159	0.00
9	158	0.00
9	157	0.00
9	156	0.00
9	155	0.01
9	154	0.01
9	153	0.01
9	152	0.01
9	151	0.01
9	150	0.01
9	149	0.01
9	148	0.02
9	147	0.02
9	146	0.03
9	145	0.03
9	144	0.03
9	143	0.04
9	142	0.05
9	141	0.05
9	140	0.06
9	139	0.07
9	138	0.08
9	137	0.09
9	136	0.10
9	135	0.12
9	134	0.13
9	133	0.14
9	132	0.16
9	131	0.18
9	130	0.19
9	129	0.21
9	128	0.23
9	127	0.25
9	126	0.28
9	125	0.30
9	124	0.32
9	123	0.35
9	122	0.37
9	121	0.40
9	120	0.43
9	119	0.46
9	118	0.49
9	117	0.52
9	116	0.56
9	115	0.58
9	114	0.61
9	113	0.64
9	112	0.67
9	111	0.69
9	110	0.72
9	109	0.74
9	108	0.77
9	107	0.79
9	106	0.80
9	105	0.82
9	104	0.84
9	103	0.85
9	102	0.87
9	101	0.88
9	100	0.89
9	99	0.90
9	98	0.91
9	97	0.92
9	96	0.93
9	95	0.93
9	94	0.94
9	93	0.95
9	92	0.95
9	91	0.95
9	90	0.96
9	89	0.96
9	88	0.96
9	87	0.97
9	86	0.97
9	85	0.97
9	84	0.97
9	83	0.98
9	82	0.98
9	81	0.98
9	80	0.98
9	79	0.98
9	78	0.98
9	77	0.99
9	76	0.99
9	75	0.99
9	74	0.99
9	73	0.99
9	72	0.99
9	71	0.99
9	70	0.99
9	69	0.99
9	68	0.99
9	67	0.99
9	66	0.99
9	65	0.99
9	64	0.99
9	63	0.99
9	62	0.99
9	61	1.00
9	60	1.00
9	59	1.00
9	58	1.00
9	57	1.00
9	56	1.00
9	55	1.00
9	54	1.00
9	53	1.00
9	52	1.00
9	51	1.00
9	50	1.00
9	49	1.00
9	48	1.00
9	47	1.00
9	46	1.00
9	45	1.00
9	44	1.00
9	43	1.00
9	42	1.00
9	41	1.00
9	40	1.00
9	39	1.00
9	38	1.00
9	37	1.00
9	36	1.00
9	35	1.00
9	34	1.00
9	33	1.00
9	32	1.00
9	31	1.00
9	30	1.00
9	29	1.00
9	28	1.00
9	27	1.00
9	26	1.00
9	25	1.00
9	24	1.00
9	23	1.00
9	22	1.00
9	21	1.00
9	20	1.00
9	19	1.00
9	18	1.00
9	17	1.00
9	16	1.00
9	15	1.00
9	14	1.00
9	13	1.00
9	12	1.00
9	11	1.00
9	10	1.00
9	9	1.00
9	8	1.00
9	7	1.00
9	6	1.00
9	5	1.00
9	4	1.00
9	3	1.00
9	2	1.00
9	1	1.00
9	0	1.00
10	161	0.00
10	160	0.00
10	159	0.00
10	158	0.00
10	157	0.00
10	156	0.00
10	155	0.00
10	154	0.00
10	153	0.00
10	152	0.00
10	151	0.00
10	150	0.00
10	149	0.01
10	148	0.01
10	147	0.01
10	146	0.01
10	145	0.01
10	144	0.01
10	143	0.01
10	142	0.02
10	141	0.02
10	140	0.02
10	139	0.03
10	138	0.03
10	137	0.04
10	136	0.05
10	135	0.06
10	134	0.07
10	133	0.08
10	132	0.09
10	131	0.11
10	130	0.12
10	129	0.14
10	128	0.15
10	127	0.17
10	126	0.19
10	125	0.21
10	124	0.24
10	123	0.26
10	122	0.29
10	121	0.31
10	120	0.34
10	119	0.37
10	118	0.40
10	117	0.42
10	116	0.45
10	115	0.48
10	114	0.51
10	113	0.54
10	112	0.57
10	111	0.60
10	110	0.62
10	109	0.65
10	108	0.67
10	107	0.69
10	106	0.72
10	105	0.74
10	104	0.76
10	103	0.78
10	102	0.80
10	101	0.82
10	100	0.84
10	99	0.85
10	98	0.87
10	97	0.88
10	96	0.89
10	95	0.90
10	94	0.91
10	93	0.92
10	92	0.92
10	91	0.93
10	90	0.94
10	89	0.95
10	88	0.95
10	87	0.96
10	86	0.96
10	85	0.97
10	84	0.97
10	83	0.98
10	82	0.98
10	81	0.98
10	80	0.98
10	79	0.99
10	78	0.99
10	77	0.99
10	76	0.99
10	75	1.00
10	74	1.00
10	73	1.00
10	72	1.00
10	71	1.00
10	70	1.00
10	69	1.00
10	68	1.00
10	67	1.00
10	66	1.00
10	65	1.00
10	64	1.00
10	63	1.00
10	62	1.00
10	61	1.00
10	60	1.00
10	59	1.00
10	58	1.00
10	57	1.00
10	56	1.00
10	55	1.00
10	54	1.00
10	53	1.00
10	52	1.00
10	51	1.00
10	50	1.00
10	49	1.00
10	48	1.00
10	47	1.00
10	46	1.00
10	45	1.00
10	44	1.00
10	43	1.00
10	42	1.00
10	41	1.00
10	40	1.00
10	39	1.00
10	38	1.00
10	37	1.00
10	36	1.00
10	35	1.00
10	34	1.00
10	33	1.00
10	32	1.00
10	31	1.00
10	30	1.00
10	29	1.00
10	28	1.00
10	27	1.00
10	26	1.00
10	25	1.00
10	24	1.00
10	23	1.00
10	22	1.00
10	21	1.00
10	20	1.00
10	19	1.00
10	18	1.00
10	17	1.00
10	16	1.00
10	15	1.00
10	14	1.00
10	13	1.00
10	12	1.00
10	11	1.00
10	10	1.00
10	9	1.00
10	8	1.00
10	7	1.00
10	6	1.00
10	5	1.00
10	4	1.00
10	3	1.00
10	2	1.00
10	1	1.00
10	0	1.00
11	195	0.00
11	194	0.00
11	193	0.00
11	192	0.00
11	191	0.00
11	190	0.00
11	189	0.00
11	188	0.00
11	187	0.00
11	186	0.00
11	185	0.00
11	184	0.00
11	183	0.00
11	182	0.00
11	181	0.00
11	180	0.00
11	179	0.00
11	178	0.00
11	177	0.00
11	176	0.00
11	175	0.00
11	174	0.00
11	173	0.00
11	172	0.00
11	171	0.00
11	170	0.00
11	169	0.00
11	168	0.00
11	167	0.00
11	166	0.00
11	165	0.00
11	164	0.00
11	163	0.00
11	162	0.00
11	161	0.00
11	160	0.00
11	159	0.00
11	158	0.00
11	157	0.00
11	156	0.00
11	155	0.00
11	154	0.00
11	153	0.01
11	152	0.01
11	151	0.01
11	150	0.01
11	149	0.01
11	148	0.01
11	147	0.02
11	146	0.02
11	145	0.02
11	144	0.03
11	143	0.03
11	142	0.04
11	141	0.04
11	140	0.05
11	139	0.06
11	138	0.07
11	137	0.08
11	136	0.09
11	135	0.11
11	134	0.12
11	133	0.14
11	132	0.15
11	131	0.17
11	130	0.19
11	129	0.21
11	128	0.23
11	127	0.25
11	126	0.28
11	125	0.30
11	124	0.33
11	123	0.35
11	122	0.38
11	121	0.41
11	120	0.43
11	119	0.46
11	118	0.49
11	117	0.52
11	116	0.55
11	115	0.58
11	114	0.61
11	113	0.63
11	112	0.66
11	111	0.68
11	110	0.71
11	109	0.73
11	108	0.75
11	107	0.77
11	106	0.79
11	105	0.80
11	104	0.82
11	103	0.83
11	102	0.85
11	101	0.86
11	100	0.87
11	99	0.89
11	98	0.90
11	97	0.91
11	96	0.91
11	95	0.92
11	94	0.93
11	93	0.94
11	92	0.94
11	91	0.95
11	90	0.95
11	89	0.96
11	88	0.96
11	87	0.96
11	86	0.97
11	85	0.97
11	84	0.97
11	83	0.97
11	82	0.98
11	81	0.98
11	80	0.98
11	79	0.98
11	78	0.98
11	77	0.98
11	76	0.98
11	75	0.99
11	74	0.99
11	73	0.99
11	72	0.99
11	71	0.99
11	70	0.99
11	69	0.99
11	68	0.99
11	67	0.99
11	66	1.00
11	65	1.00
11	64	1.00
11	63	1.00
11	62	1.00
11	61	1.00
11	60	1.00
11	59	1.00
11	58	1.00
11	57	1.00
11	56	1.00
11	55	1.00
11	54	1.00
11	53	1.00
11	52	1.00
11	51	1.00
11	50	1.00
11	49	1.00
11	48	1.00
11	47	1.00
11	46	1.00
11	45	1.00
11	44	1.00
11	43	1.00
11	42	1.00
11	41	1.00
11	40	1.00
11	39	1.00
11	38	1.00
11	37	1.00
11	36	1.00
11	35	1.00
11	34	1.00
11	33	1.00
11	32	1.00
11	31	1.00
11	30	1.00
11	29	1.00
11	28	1.00
11	27	1.00
11	26	1.00
11	25	1.00
11	24	1.00
11	23	1.00
11	22	1.00
11	21	1.00
11	20	1.00
11	19	1.00
11	18	1.00
11	17	1.00
11	16	1.00
11	15	1.00
11	14	1.00
11	13	1.00
11	12	1.00
11	11	1.00
11	10	1.00
11	9	1.00
11	8	1.00
11	7	1.00
11	6	1.00
11	5	1.00
11	4	1.00
11	3	1.00
11	2	1.00
11	1	1.00
11	0	1.00
12	173	0.00
12	172	0.00
12	171	0.00
12	170	0.00
12	169	0.00
12	168	0.00
12	167	0.00
12	166	0.00
12	165	0.00
12	164	0.00
12	163	0.00
12	162	0.00
12	161	0.00
12	160	0.00
12	159	0.00
12	158	0.00
12	157	0.00
12	156	0.00
12	155	0.00
12	154	0.00
12	153	0.00
12	152	0.01
12	151	0.01
12	150	0.01
12	149	0.01
12	148	0.01
12	147	0.01
12	146	0.02
12	145	0.02
12	144	0.03
12	143	0.03
12	142	0.03
12	141	0.04
12	140	0.05
12	139	0.06
12	138	0.06
12	137	0.07
12	136	0.09
12	135	0.10
12	134	0.11
12	133	0.13
12	132	0.15
12	131	0.17
12	130	0.19
12	129	0.21
12	128	0.23
12	127	0.25
12	126	0.28
12	125	0.30
12	124	0.33
12	123	0.35
12	122	0.38
12	121	0.41
12	120	0.44
12	119	0.46
12	118	0.49
12	117	0.52
12	116	0.55
12	115	0.58
12	114	0.61
12	113	0.64
12	112	0.67
12	111	0.70
12	110	0.72
12	109	0.75
12	108	0.77
12	107	0.79
12	106	0.81
12	105	0.83
12	104	0.85
12	103	0.87
12	102	0.88
12	101	0.89
12	100	0.90
12	99	0.91
12	98	0.92
12	97	0.93
12	96	0.94
12	95	0.95
12	94	0.95
12	93	0.96
12	92	0.96
12	91	0.97
12	90	0.97
12	89	0.97
12	88	0.98
12	87	0.98
12	86	0.98
12	85	0.98
12	84	0.98
12	83	0.98
12	82	0.99
12	81	0.99
12	80	0.99
12	79	0.99
12	78	0.99
12	77	0.99
12	76	0.99
12	75	0.99
12	74	0.99
12	73	0.99
12	72	0.99
12	71	0.99
12	70	0.99
12	69	0.99
12	68	0.99
12	67	0.99
12	66	0.99
12	65	0.99
12	64	0.99
12	63	1.00
12	62	1.00
12	61	1.00
12	60	1.00
12	59	1.00
12	58	1.00
12	57	1.00
12	56	1.00
12	55	1.00
12	54	1.00
12	53	1.00
12	52	1.00
12	51	1.00
12	50	1.00
12	49	1.00
12	48	1.00
12	47	1.00
12	46	1.00
12	45	1.00
12	44	1.00
12	43	1.00
12	42	1.00
12	41	1.00
12	40	1.00
12	39	1.00
12	38	1.00
12	37	1.00
12	36	1.00
12	35	1.00
12	34	1.00
12	33	1.00
12	32	1.00
12	31	1.00
12	30	1.00
12	29	1.00
12	28	1.00
12	27	1.00
12	26	1.00
12	25	1.00
12	24	1.00
12	23	1.00
12	22	1.00
12	21	1.00
12	20	1.00
12	19	1.00
12	18	1.00
12	17	1.00
12	16	1.00
12	15	1.00
12	14	1.00
12	13	1.00
12	12	1.00
12	11	1.00
12	10	1.00
12	9	1.00
12	8	1.00
12	7	1.00
12	6	1.00
12	5	1.00
12	4	1.00
12	3	1.00
12	2	1.00
12	1	1.00
12	0	1.00
13	160	0.00
13	159	0.00
13	158	0.00
13	157	0.00
13	156	0.00
13	155	0.00
13	154	0.00
13	153	0.00
13	152	0.01
13	151	0.01
13	150	0.01
13	149	0.01
13	148	0.01
13	147	0.01
13	146	0.01
13	145	0.02
13	144	0.02
13	143	0.02
13	142	0.03
13	141	0.04
13	140	0.04
13	139	0.05
13	138	0.06
13	137	0.08
13	136	0.09
13	135	0.10
13	134	0.12
13	133	0.14
13	132	0.16
13	131	0.18
13	130	0.20
13	129	0.22
13	128	0.25
13	127	0.27
13	126	0.30
13	125	0.33
13	124	0.35
13	123	0.38
13	122	0.40
13	121	0.43
13	120	0.45
13	119	0.48
13	118	0.50
13	117	0.53
13	116	0.55
13	115	0.58
13	114	0.60
13	113	0.62
13	112	0.65
13	111	0.67
13	110	0.69
13	109	0.71
13	108	0.72
13	107	0.74
13	106	0.76
13	105	0.77
13	104	0.79
13	103	0.80
13	102	0.82
13	101	0.83
13	100	0.84
13	99	0.85
13	98	0.86
13	97	0.87
13	96	0.87
13	95	0.88
13	94	0.88
13	93	0.89
13	92	0.89
13	91	0.90
13	90	0.90
13	89	0.91
13	88	0.91
13	87	0.92
13	86	0.92
13	85	0.93
13	84	0.93
13	83	0.94
13	82	0.94
13	81	0.94
13	80	0.95
13	79	0.95
13	78	0.95
13	77	0.96
13	76	0.96
13	75	0.96
13	74	0.97
13	73	0.97
13	72	0.97
13	71	0.97
13	70	0.97
13	69	0.97
13	68	0.98
13	67	0.98
13	66	0.98
13	65	0.98
13	64	0.98
13	63	0.98
13	62	0.98
13	61	0.98
13	60	0.99
13	59	0.99
13	58	0.99
13	57	0.99
13	56	0.99
13	55	0.99
13	54	0.99
13	53	0.99
13	52	0.99
13	51	0.99
13	50	1.00
13	49	1.00
13	48	1.00
13	47	1.00
13	46	1.00
13	45	1.00
13	44	1.00
13	43	1.00
13	42	1.00
13	41	1.00
13	40	1.00
13	39	1.00
13	38	1.00
13	37	1.00
13	36	1.00
13	35	1.00
13	34	1.00
13	33	1.00
13	32	1.00
13	31	1.00
13	30	1.00
13	29	1.00
13	28	1.00
13	27	1.00
13	26	1.00
13	25	1.00
13	24	1.00
13	23	1.00
13	22	1.00
13	21	1.00
13	20	1.00
13	19	1.00
13	18	1.00
13	17	1.00
13	16	1.00
13	15	1.00
13	14	1.00
13	13	1.00
13	12	1.00
13	11	1.00
13	10	1.00
13	9	1.00
13	8	1.00
13	7	1.00
13	6	1.00
13	5	1.00
13	4	1.00
13	3	1.00
13	2	1.00
13	1	1.00
13	0	1.00
14	163	0.00
14	162	0.00
14	161	0.00
14	160	0.00
14	159	0.00
14	158	0.00
14	157	0.00
14	156	0.00
14	155	0.01
14	154	0.01
14	153	0.01
14	152	0.01
14	151	0.01
14	150	0.01
14	149	0.02
14	148	0.02
14	147	0.02
14	146	0.03
14	145	0.04
14	144	0.04
14	143	0.05
14	142	0.06
14	141	0.06
14	140	0.07
14	139	0.09
14	138	0.10
14	137	0.11
14	136	0.12
14	135	0.13
14	134	0.15
14	133	0.16
14	132	0.18
14	131	0.19
14	130	0.21
14	129	0.23
14	128	0.24
14	127	0.26
14	126	0.28
14	125	0.31
14	124	0.33
14	123	0.36
14	122	0.39
14	121	0.42
14	120	0.45
14	119	0.48
14	118	0.51
14	117	0.54
14	116	0.57
14	115	0.60
14	114	0.63
14	113	0.66
14	112	0.69
14	111	0.72
14	110	0.74
14	109	0.77
14	108	0.79
14	107	0.81
14	106	0.83
14	105	0.85
14	104	0.87
14	103	0.88
14	102	0.89
14	101	0.91
14	100	0.92
14	99	0.92
14	98	0.93
14	97	0.94
14	96	0.95
14	95	0.95
14	94	0.96
14	93	0.96
14	92	0.96
14	91	0.97
14	90	0.97
14	89	0.97
14	88	0.97
14	87	0.98
14	86	0.98
14	85	0.98
14	84	0.98
14	83	0.98
14	82	0.98
14	81	0.98
14	80	0.98
14	79	0.99
14	78	0.99
14	77	0.99
14	76	0.99
14	75	0.99
14	74	0.99
14	73	0.99
14	72	0.99
14	71	0.99
14	70	0.99
14	69	0.99
14	68	0.99
14	67	0.99
14	66	0.99
14	65	1.00
14	64	1.00
14	63	1.00
14	62	1.00
14	61	1.00
14	60	1.00
14	59	1.00
14	58	1.00
14	57	1.00
14	56	1.00
14	55	1.00
14	54	1.00
14	53	1.00
14	52	1.00
14	51	1.00
14	50	1.00
14	49	1.00
14	48	1.00
14	47	1.00
14	46	1.00
14	45	1.00
14	44	1.00
14	43	1.00
14	42	1.00
14	41	1.00
14	40	1.00
14	39	1.00
14	38	1.00
14	37	1.00
14	36	1.00
14	35	1.00
14	34	1.00
14	33	1.00
14	32	1.00
14	31	1.00
14	30	1.00
14	29	1.00
14	28	1.00
14	27	1.00
14	26	1.00
14	25	1.00
14	24	1.00
14	23	1.00
14	22	1.00
14	21	1.00
14	20	1.00
14	19	1.00
14	18	1.00
14	17	1.00
14	16	1.00
14	15	1.00
14	14	1.00
14	13	1.00
14	12	1.00
14	11	1.00
14	10	1.00
14	9	1.00
14	8	1.00
14	7	1.00
14	6	1.00
14	5	1.00
14	4	1.00
14	3	1.00
14	2	1.00
14	1	1.00
14	0	1.00
15	168	0.00
15	167	0.00
15	166	0.00
15	165	0.00
15	164	0.00
15	163	0.00
15	162	0.00
15	161	0.00
15	160	0.00
15	159	0.00
15	158	0.00
15	157	0.00
15	156	0.00
15	155	0.00
15	154	0.00
15	153	0.00
15	152	0.00
15	151	0.00
15	150	0.00
15	149	0.01
15	148	0.01
15	147	0.01
15	146	0.01
15	145	0.01
15	144	0.02
15	143	0.02
15	142	0.02
15	141	0.03
15	140	0.03
15	139	0.04
15	138	0.05
15	137	0.05
15	136	0.06
15	135	0.07
15	134	0.09
15	133	0.10
15	132	0.11
15	131	0.13
15	130	0.15
15	129	0.17
15	128	0.19
15	127	0.21
15	126	0.23
15	125	0.26
15	124	0.28
15	123	0.31
15	122	0.34
15	121	0.36
15	120	0.39
15	119	0.42
15	118	0.45
15	117	0.48
15	116	0.51
15	115	0.55
15	114	0.57
15	113	0.60
15	112	0.63
15	111	0.66
15	110	0.68
15	109	0.71
15	108	0.73
15	107	0.76
15	106	0.78
15	105	0.80
15	104	0.82
15	103	0.84
15	102	0.86
15	101	0.87
15	100	0.89
15	99	0.90
15	98	0.91
15	97	0.92
15	96	0.93
15	95	0.94
15	94	0.95
15	93	0.95
15	92	0.96
15	91	0.96
15	90	0.97
15	89	0.97
15	88	0.97
15	87	0.98
15	86	0.98
15	85	0.98
15	84	0.98
15	83	0.98
15	82	0.98
15	81	0.99
15	80	0.99
15	79	0.99
15	78	0.99
15	77	0.99
15	76	0.99
15	75	0.99
15	74	0.99
15	73	0.99
15	72	0.99
15	71	0.99
15	70	0.99
15	69	0.99
15	68	0.99
15	67	0.99
15	66	0.99
15	65	0.99
15	64	1.00
15	63	1.00
15	62	1.00
15	61	1.00
15	60	1.00
15	59	1.00
15	58	1.00
15	57	1.00
15	56	1.00
15	55	1.00
15	54	1.00
15	53	1.00
15	52	1.00
15	51	1.00
15	50	1.00
15	49	1.00
15	48	1.00
15	47	1.00
15	46	1.00
15	45	1.00
15	44	1.00
15	43	1.00
15	42	1.00
15	41	1.00
15	40	1.00
15	39	1.00
15	38	1.00
15	37	1.00
15	36	1.00
15	35	1.00
15	34	1.00
15	33	1.00
15	32	1.00
15	31	1.00
15	30	1.00
15	29	1.00
15	28	1.00
15	27	1.00
15	26	1.00
15	25	1.00
15	24	1.00
15	23	1.00
15	22	1.00
15	21	1.00
15	20	1.00
15	19	1.00
15	18	1.00
15	17	1.00
15	16	1.00
15	15	1.00
15	14	1.00
15	13	1.00
15	12	1.00
15	11	1.00
15	10	1.00
15	9	1.00
15	8	1.00
15	7	1.00
15	6	1.00
15	5	1.00
15	4	1.00
15	3	1.00
15	2	1.00
15	1	1.00
15	0	1.00
16	165	0.00
16	164	0.00
16	163	0.00
16	162	0.00
16	161	0.00
16	160	0.00
16	159	0.00
16	158	0.00
16	157	0.00
16	156	0.00
16	155	0.00
16	154	0.00
16	153	0.00
16	152	0.01
16	151	0.01
16	150	0.01
16	149	0.01
16	148	0.01
16	147	0.01
16	146	0.02
16	145	0.02
16	144	0.02
16	143	0.03
16	142	0.03
16	141	0.04
16	140	0.04
16	139	0.05
16	138	0.06
16	137	0.07
16	136	0.08
16	135	0.09
16	134	0.10
16	133	0.12
16	132	0.13
16	131	0.15
16	130	0.17
16	129	0.19
16	128	0.21
16	127	0.23
16	126	0.26
16	125	0.28
16	124	0.31
16	123	0.33
16	122	0.36
16	121	0.38
16	120	0.41
16	119	0.45
16	118	0.48
16	117	0.51
16	116	0.54
16	115	0.57
16	114	0.60
16	113	0.63
16	112	0.65
16	111	0.68
16	110	0.71
16	109	0.73
16	108	0.75
16	107	0.77
16	106	0.79
16	105	0.81
16	104	0.83
16	103	0.85
16	102	0.87
16	101	0.88
16	100	0.89
16	99	0.90
16	98	0.92
16	97	0.92
16	96	0.93
16	95	0.94
16	94	0.94
16	93	0.95
16	92	0.95
16	91	0.96
16	90	0.96
16	89	0.96
16	88	0.97
16	87	0.97
16	86	0.97
16	85	0.97
16	84	0.98
16	83	0.98
16	82	0.98
16	81	0.98
16	80	0.98
16	79	0.98
16	78	0.99
16	77	0.99
16	76	0.99
16	75	0.99
16	74	0.99
16	73	0.99
16	72	0.99
16	71	0.99
16	70	0.99
16	69	0.99
16	68	0.99
16	67	0.99
16	66	0.99
16	65	0.99
16	64	0.99
16	63	1.00
16	62	1.00
16	61	1.00
16	60	1.00
16	59	1.00
16	58	1.00
16	57	1.00
16	56	1.00
16	55	1.00
16	54	1.00
16	53	1.00
16	52	1.00
16	51	1.00
16	50	1.00
16	49	1.00
16	48	1.00
16	47	1.00
16	46	1.00
16	45	1.00
16	44	1.00
16	43	1.00
16	42	1.00
16	41	1.00
16	40	1.00
16	39	1.00
16	38	1.00
16	37	1.00
16	36	1.00
16	35	1.00
16	34	1.00
16	33	1.00
16	32	1.00
16	31	1.00
16	30	1.00
16	29	1.00
16	28	1.00
16	27	1.00
16	26	1.00
16	25	1.00
16	24	1.00
16	23	1.00
16	22	1.00
16	21	1.00
16	20	1.00
16	19	1.00
16	18	1.00
16	17	1.00
16	16	1.00
16	15	1.00
16	14	1.00
16	13	1.00
16	12	1.00
16	11	1.00
16	10	1.00
16	9	1.00
16	8	1.00
16	7	1.00
16	6	1.00
16	5	1.00
16	4	1.00
16	3	1.00
16	2	1.00
16	1	1.00
16	0	1.00
17	169	0.00
17	168	0.00
17	167	0.00
17	166	0.00
17	165	0.00
17	164	0.00
17	163	0.00
17	162	0.00
17	161	0.00
17	160	0.00
17	159	0.00
17	158	0.00
17	157	0.00
17	156	0.00
17	155	0.00
17	154	0.01
17	153	0.01
17	152	0.01
17	151	0.01
17	150	0.01
17	149	0.02
17	148	0.02
17	147	0.02
17	146	0.02
17	145	0.03
17	144	0.03
17	143	0.04
17	142	0.05
17	141	0.06
17	140	0.07
17	139	0.08
17	138	0.09
17	137	0.10
17	136	0.11
17	135	0.13
17	134	0.14
17	133	0.16
17	132	0.18
17	131	0.20
17	130	0.22
17	129	0.24
17	128	0.27
17	127	0.29
17	126	0.32
17	125	0.34
17	124	0.37
17	123	0.40
17	122	0.43
17	121	0.46
17	120	0.49
17	119	0.52
17	118	0.54
17	117	0.57
17	116	0.60
17	115	0.63
17	114	0.66
17	113	0.68
17	112	0.71
17	111	0.73
17	110	0.76
17	109	0.78
17	108	0.80
17	107	0.82
17	106	0.84
17	105	0.85
17	104	0.87
17	103	0.88
17	102	0.89
17	101	0.90
17	100	0.91
17	99	0.92
17	98	0.93
17	97	0.93
17	96	0.94
17	95	0.95
17	94	0.95
17	93	0.96
17	92	0.96
17	91	0.96
17	90	0.97
17	89	0.97
17	88	0.97
17	87	0.98
17	86	0.98
17	85	0.98
17	84	0.98
17	83	0.98
17	82	0.99
17	81	0.99
17	80	0.99
17	79	0.99
17	78	0.99
17	77	0.99
17	76	0.99
17	75	0.99
17	74	0.99
17	73	0.99
17	72	0.99
17	71	1.00
17	70	1.00
17	69	1.00
17	68	1.00
17	67	1.00
17	66	1.00
17	65	1.00
17	64	1.00
17	63	1.00
17	62	1.00
17	61	1.00
17	60	1.00
17	59	1.00
17	58	1.00
17	57	1.00
17	56	1.00
17	55	1.00
17	54	1.00
17	53	1.00
17	52	1.00
17	51	1.00
17	50	1.00
17	49	1.00
17	48	1.00
17	47	1.00
17	46	1.00
17	45	1.00
17	44	1.00
17	43	1.00
17	42	1.00
17	41	1.00
17	40	1.00
17	39	1.00
17	38	1.00
17	37	1.00
17	36	1.00
17	35	1.00
17	34	1.00
17	33	1.00
17	32	1.00
17	31	1.00
17	30	1.00
17	29	1.00
17	28	1.00
17	27	1.00
17	26	1.00
17	25	1.00
17	24	1.00
17	23	1.00
17	22	1.00
17	21	1.00
17	20	1.00
17	19	1.00
17	18	1.00
17	17	1.00
17	16	1.00
17	15	1.00
17	14	1.00
17	13	1.00
17	12	1.00
17	11	1.00
17	10	1.00
17	9	1.00
17	8	1.00
17	7	1.00
17	6	1.00
17	5	1.00
17	4	1.00
17	3	1.00
17	2	1.00
17	1	1.00
17	0	1.00
18	166	0.00
18	165	0.00
18	164	0.00
18	163	0.00
18	162	0.00
18	161	0.00
18	160	0.00
18	159	0.00
18	158	0.00
18	157	0.00
18	156	0.00
18	155	0.00
18	154	0.00
18	153	0.00
18	152	0.00
18	151	0.01
18	150	0.01
18	149	0.01
18	148	0.01
18	147	0.01
18	146	0.02
18	145	0.02
18	144	0.03
18	143	0.04
18	142	0.04
18	141	0.05
18	140	0.06
18	139	0.07
18	138	0.08
18	137	0.09
18	136	0.11
18	135	0.12
18	134	0.14
18	133	0.15
18	132	0.17
18	131	0.19
18	130	0.21
18	129	0.23
18	128	0.25
18	127	0.27
18	126	0.30
18	125	0.33
18	124	0.36
18	123	0.39
18	122	0.41
18	121	0.44
18	120	0.46
18	119	0.49
18	118	0.51
18	117	0.53
18	116	0.55
18	115	0.57
18	114	0.59
18	113	0.62
18	112	0.64
18	111	0.66
18	110	0.68
18	109	0.70
18	108	0.72
18	107	0.74
18	106	0.76
18	105	0.78
18	104	0.80
18	103	0.81
18	102	0.83
18	101	0.84
18	100	0.85
18	99	0.86
18	98	0.87
18	97	0.88
18	96	0.89
18	95	0.89
18	94	0.90
18	93	0.90
18	92	0.91
18	91	0.91
18	90	0.91
18	89	0.92
18	88	0.92
18	87	0.93
18	86	0.93
18	85	0.93
18	84	0.94
18	83	0.94
18	82	0.94
18	81	0.94
18	80	0.94
18	79	0.94
18	78	0.95
18	77	0.95
18	76	0.95
18	75	0.95
18	74	0.95
18	73	0.95
18	72	0.96
18	71	0.96
18	70	0.96
18	69	0.96
18	68	0.96
18	67	0.97
18	66	0.97
18	65	0.97
18	64	0.97
18	63	0.97
18	62	0.97
18	61	0.97
18	60	0.97
18	59	0.97
18	58	0.98
18	57	0.98
18	56	0.98
18	55	0.98
18	54	0.98
18	53	0.98
18	52	0.98
18	51	0.98
18	50	0.98
18	49	0.98
18	48	0.98
18	47	0.99
18	46	0.99
18	45	0.99
18	44	0.99
18	43	0.99
18	42	1.00
18	41	1.00
18	40	1.00
18	39	1.00
18	38	1.00
18	37	1.00
18	36	1.00
18	35	1.00
18	34	1.00
18	33	1.00
18	32	1.00
18	31	1.00
18	30	1.00
18	29	1.00
18	28	1.00
18	27	1.00
18	26	1.00
18	25	1.00
18	24	1.00
18	23	1.00
18	22	1.00
18	21	1.00
18	20	1.00
18	19	1.00
18	18	1.00
18	17	1.00
18	16	1.00
18	15	1.00
18	14	1.00
18	13	1.00
18	12	1.00
18	11	1.00
18	10	1.00
18	9	1.00
18	8	1.00
18	7	1.00
18	6	1.00
18	5	1.00
18	4	1.00
18	3	1.00
18	2	1.00
18	1	1.00
18	0	1.00
19	164	0.00
19	163	0.00
19	162	0.00
19	161	0.00
19	160	0.00
19	159	0.00
19	158	0.00
19	157	0.00
19	156	0.00
19	155	0.00
19	154	0.00
19	153	0.00
19	152	0.00
19	151	0.01
19	150	0.01
19	149	0.01
19	148	0.01
19	147	0.01
19	146	0.01
19	145	0.02
19	144	0.02
19	143	0.02
19	142	0.03
19	141	0.03
19	140	0.04
19	139	0.05
19	138	0.05
19	137	0.06
19	136	0.08
19	135	0.09
19	134	0.10
19	133	0.12
19	132	0.13
19	131	0.15
19	130	0.17
19	129	0.19
19	128	0.21
19	127	0.23
19	126	0.25
19	125	0.27
19	124	0.30
19	123	0.33
19	122	0.35
19	121	0.38
19	120	0.41
19	119	0.44
19	118	0.47
19	117	0.50
19	116	0.52
19	115	0.55
19	114	0.58
19	113	0.60
19	112	0.62
19	111	0.65
19	110	0.67
19	109	0.69
19	108	0.72
19	107	0.74
19	106	0.76
19	105	0.78
19	104	0.79
19	103	0.81
19	102	0.82
19	101	0.84
19	100	0.85
19	99	0.86
19	98	0.87
19	97	0.88
19	96	0.89
19	95	0.90
19	94	0.91
19	93	0.91
19	92	0.92
19	91	0.93
19	90	0.93
19	89	0.94
19	88	0.94
19	87	0.95
19	86	0.95
19	85	0.95
19	84	0.96
19	83	0.96
19	82	0.96
19	81	0.97
19	80	0.97
19	79	0.97
19	78	0.97
19	77	0.98
19	76	0.98
19	75	0.98
19	74	0.98
19	73	0.98
19	72	0.98
19	71	0.98
19	70	0.98
19	69	0.99
19	68	0.99
19	67	0.99
19	66	0.99
19	65	0.99
19	64	0.99
19	63	0.99
19	62	0.99
19	61	0.99
19	60	0.99
19	59	0.99
19	58	0.99
19	57	0.99
19	56	0.99
19	55	0.99
19	54	0.99
19	53	0.99
19	52	0.99
19	51	0.99
19	50	0.99
19	49	0.99
19	48	1.00
19	47	1.00
19	46	1.00
19	45	1.00
19	44	1.00
19	43	1.00
19	42	1.00
19	41	1.00
19	40	1.00
19	39	1.00
19	38	1.00
19	37	1.00
19	36	1.00
19	35	1.00
19	34	1.00
19	33	1.00
19	32	1.00
19	31	1.00
19	30	1.00
19	29	1.00
19	28	1.00
19	27	1.00
19	26	1.00
19	25	1.00
19	24	1.00
19	23	1.00
19	22	1.00
19	21	1.00
19	20	1.00
19	19	1.00
19	18	1.00
19	17	1.00
19	16	1.00
19	15	1.00
19	14	1.00
19	13	1.00
19	12	1.00
19	11	1.00
19	10	1.00
19	9	1.00
19	8	1.00
19	7	1.00
19	6	1.00
19	5	1.00
19	4	1.00
19	3	1.00
19	2	1.00
19	1	1.00
19	0	1.00
20	173	0.00
20	172	0.00
20	171	0.00
20	170	0.00
20	169	0.00
20	168	0.00
20	167	0.00
20	166	0.00
20	165	0.00
20	164	0.00
20	163	0.00
20	162	0.00
20	161	0.00
20	160	0.00
20	159	0.00
20	158	0.00
20	157	0.00
20	156	0.00
20	155	0.00
20	154	0.00
20	153	0.00
20	152	0.00
20	151	0.01
20	150	0.01
20	149	0.01
20	148	0.01
20	147	0.01
20	146	0.01
20	145	0.02
20	144	0.02
20	143	0.02
20	142	0.03
20	141	0.04
20	140	0.04
20	139	0.05
20	138	0.06
20	137	0.08
20	136	0.09
20	135	0.10
20	134	0.12
20	133	0.13
20	132	0.15
20	131	0.16
20	130	0.18
20	129	0.20
20	128	0.22
20	127	0.24
20	126	0.27
20	125	0.29
20	124	0.32
20	123	0.35
20	122	0.37
20	121	0.40
20	120	0.43
20	119	0.46
20	118	0.49
20	117	0.52
20	116	0.55
20	115	0.58
20	114	0.61
20	113	0.64
20	112	0.67
20	111	0.70
20	110	0.72
20	109	0.75
20	108	0.77
20	107	0.79
20	106	0.81
20	105	0.83
20	104	0.84
20	103	0.86
20	102	0.87
20	101	0.88
20	100	0.89
20	99	0.90
20	98	0.91
20	97	0.92
20	96	0.92
20	95	0.93
20	94	0.94
20	93	0.94
20	92	0.95
20	91	0.95
20	90	0.96
20	89	0.96
20	88	0.97
20	87	0.97
20	86	0.97
20	85	0.98
20	84	0.98
20	83	0.98
20	82	0.98
20	81	0.98
20	80	0.98
20	79	0.98
20	78	0.98
20	77	0.98
20	76	0.99
20	75	0.99
20	74	0.99
20	73	0.99
20	72	0.99
20	71	0.99
20	70	0.99
20	69	0.99
20	68	0.99
20	67	0.99
20	66	0.99
20	65	0.99
20	64	0.99
20	63	0.99
20	62	0.99
20	61	0.99
20	60	0.99
20	59	0.99
20	58	0.99
20	57	0.99
20	56	0.99
20	55	0.99
20	54	0.99
20	53	0.99
20	52	0.99
20	51	0.99
20	50	0.99
20	49	0.99
20	48	0.99
20	47	0.99
20	46	0.99
20	45	0.99
20	44	0.99
20	43	0.99
20	42	0.99
20	41	0.99
20	40	0.99
20	39	0.99
20	38	0.99
20	37	0.99
20	36	0.99
20	35	0.99
20	34	0.99
20	33	0.99
20	32	0.99
20	31	0.99
20	30	0.99
20	29	0.99
20	28	0.99
20	27	0.99
20	26	0.99
20	25	0.99
20	24	0.99
20	23	0.99
20	22	0.99
20	21	0.99
20	20	0.99
20	19	0.99
20	18	0.99
20	17	0.99
20	16	0.99
20	15	0.99
20	14	0.99
20	13	0.99
20	12	0.99
20	11	0.99
20	10	0.99
20	9	0.99
20	8	0.99
20	7	0.99
20	6	0.99
20	5	0.99
20	4	0.99
20	3	0.99
20	2	1.00
20	1	1.00
20	0	1.00
21	210	0.00
21	209	0.00
21	208	0.00
21	207	0.00
21	206	0.00
21	205	0.00
21	204	0.00
21	203	0.00
21	202	0.00
21	201	0.00
21	200	0.00
21	199	0.00
21	198	0.00
21	197	0.00
21	196	0.00
21	195	0.00
21	194	0.00
21	193	0.00
21	192	0.00
21	191	0.00
21	190	0.00
21	189	0.00
21	188	0.00
21	187	0.00
21	186	0.00
21	185	0.00
21	184	0.00
21	183	0.00
21	182	0.00
21	181	0.00
21	180	0.00
21	179	0.00
21	178	0.00
21	177	0.00
21	176	0.00
21	175	0.00
21	174	0.00
21	173	0.00
21	172	0.00
21	171	0.00
21	170	0.00
21	169	0.00
21	168	0.00
21	167	0.00
21	166	0.00
21	165	0.00
21	164	0.00
21	163	0.00
21	162	0.00
21	161	0.00
21	160	0.00
21	159	0.00
21	158	0.00
21	157	0.00
21	156	0.00
21	155	0.00
21	154	0.00
21	153	0.00
21	152	0.00
21	151	0.01
21	150	0.01
21	149	0.01
21	148	0.01
21	147	0.01
21	146	0.01
21	145	0.01
21	144	0.02
21	143	0.02
21	142	0.02
21	141	0.03
21	140	0.03
21	139	0.04
21	138	0.04
21	137	0.05
21	136	0.06
21	135	0.07
21	134	0.08
21	133	0.09
21	132	0.10
21	131	0.12
21	130	0.14
21	129	0.15
21	128	0.17
21	127	0.19
21	126	0.22
21	125	0.24
21	124	0.27
21	123	0.29
21	122	0.32
21	121	0.35
21	120	0.38
21	119	0.41
21	118	0.44
21	117	0.47
21	116	0.50
21	115	0.53
21	114	0.55
21	113	0.58
21	112	0.61
21	111	0.64
21	110	0.66
21	109	0.69
21	108	0.71
21	107	0.73
21	106	0.75
21	105	0.77
21	104	0.79
21	103	0.81
21	102	0.83
21	101	0.84
21	100	0.86
21	99	0.87
21	98	0.88
21	97	0.89
21	96	0.90
21	95	0.91
21	94	0.92
21	93	0.93
21	92	0.94
21	91	0.94
21	90	0.95
21	89	0.95
21	88	0.96
21	87	0.96
21	86	0.97
21	85	0.97
21	84	0.97
21	83	0.97
21	82	0.98
21	81	0.98
21	80	0.98
21	79	0.98
21	78	0.98
21	77	0.98
21	76	0.98
21	75	0.99
21	74	0.99
21	73	0.99
21	72	0.99
21	71	0.99
21	70	0.99
21	69	0.99
21	68	0.99
21	67	0.99
21	66	0.99
21	65	1.00
21	64	1.00
21	63	1.00
21	62	1.00
21	61	1.00
21	60	1.00
21	59	1.00
21	58	1.00
21	57	1.00
21	56	1.00
21	55	1.00
21	54	1.00
21	53	1.00
21	52	1.00
21	51	1.00
21	50	1.00
21	49	1.00
21	48	1.00
21	47	1.00
21	46	1.00
21	45	1.00
21	44	1.00
21	43	1.00
21	42	1.00
21	41	1.00
21	40	1.00
21	39	1.00
21	38	1.00
21	37	1.00
21	36	1.00
21	35	1.00
21	34	1.00
21	33	1.00
21	32	1.00
21	31	1.00
21	30	1.00
21	29	1.00
21	28	1.00
21	27	1.00
21	26	1.00
21	25	1.00
21	24	1.00
21	23	1.00
21	22	1.00
21	21	1.00
21	20	1.00
21	19	1.00
21	18	1.00
21	17	1.00
21	16	1.00
21	15	1.00
21	14	1.00
21	13	1.00
21	12	1.00
21	11	1.00
21	10	1.00
21	9	1.00
21	8	1.00
21	7	1.00
21	6	1.00
21	5	1.00
21	4	1.00
21	3	1.00
21	2	1.00
21	1	1.00
21	0	1.00
22	235	0.00
22	234	0.00
22	233	0.00
22	232	0.00
22	231	0.00
22	230	0.00
22	229	0.00
22	228	0.00
22	227	0.00
22	226	0.00
22	225	0.00
22	224	0.00
22	223	0.00
22	222	0.00
22	221	0.00
22	220	0.00
22	219	0.00
22	218	0.00
22	217	0.00
22	216	0.00
22	215	0.00
22	214	0.00
22	213	0.00
22	212	0.00
22	211	0.00
22	210	0.00
22	209	0.00
22	208	0.00
22	207	0.00
22	206	0.00
22	205	0.00
22	204	0.00
22	203	0.00
22	202	0.00
22	201	0.00
22	200	0.00
22	199	0.00
22	198	0.00
22	197	0.00
22	196	0.00
22	195	0.00
22	194	0.00
22	193	0.00
22	192	0.00
22	191	0.00
22	190	0.00
22	189	0.00
22	188	0.00
22	187	0.00
22	186	0.00
22	185	0.00
22	184	0.00
22	183	0.00
22	182	0.00
22	181	0.00
22	180	0.00
22	179	0.00
22	178	0.00
22	177	0.00
22	176	0.00
22	175	0.00
22	174	0.00
22	173	0.00
22	172	0.00
22	171	0.00
22	170	0.00
22	169	0.00
22	168	0.00
22	167	0.00
22	166	0.00
22	165	0.00
22	164	0.00
22	163	0.00
22	162	0.00
22	161	0.00
22	160	0.00
22	159	0.01
22	158	0.01
22	157	0.01
22	156	0.01
22	155	0.01
22	154	0.01
22	153	0.01
22	152	0.01
22	151	0.01
22	150	0.01
22	149	0.02
22	148	0.02
22	147	0.02
22	146	0.03
22	145	0.03
22	144	0.04
22	143	0.04
22	142	0.05
22	141	0.06
22	140	0.07
22	139	0.08
22	138	0.09
22	137	0.11
22	136	0.12
22	135	0.13
22	134	0.15
22	133	0.17
22	132	0.18
22	131	0.20
22	130	0.22
22	129	0.23
22	128	0.25
22	127	0.27
22	126	0.29
22	125	0.32
22	124	0.34
22	123	0.36
22	122	0.38
22	121	0.41
22	120	0.43
22	119	0.45
22	118	0.48
22	117	0.51
22	116	0.54
22	115	0.56
22	114	0.59
22	113	0.62
22	112	0.65
22	111	0.67
22	110	0.70
22	109	0.72
22	108	0.74
22	107	0.76
22	106	0.78
22	105	0.80
22	104	0.81
22	103	0.83
22	102	0.84
22	101	0.85
22	100	0.86
22	99	0.87
22	98	0.88
22	97	0.89
22	96	0.89
22	95	0.90
22	94	0.91
22	93	0.91
22	92	0.92
22	91	0.92
22	90	0.93
22	89	0.93
22	88	0.94
22	87	0.94
22	86	0.94
22	85	0.95
22	84	0.95
22	83	0.95
22	82	0.95
22	81	0.96
22	80	0.96
22	79	0.96
22	78	0.97
22	77	0.97
22	76	0.97
22	75	0.98
22	74	0.98
22	73	0.98
22	72	0.98
22	71	0.98
22	70	0.99
22	69	0.99
22	68	0.99
22	67	0.99
22	66	0.99
22	65	0.99
22	64	0.99
22	63	0.99
22	62	0.99
22	61	0.99
22	60	0.99
22	59	0.99
22	58	0.99
22	57	0.99
22	56	0.99
22	55	0.99
22	54	0.99
22	53	0.99
22	52	0.99
22	51	1.00
22	50	1.00
22	49	1.00
22	48	1.00
22	47	1.00
22	46	1.00
22	45	1.00
22	44	1.00
22	43	1.00
22	42	1.00
22	41	1.00
22	40	1.00
22	39	1.00
22	38	1.00
22	37	1.00
22	36	1.00
22	35	1.00
22	34	1.00
22	33	1.00
22	32	1.00
22	31	1.00
22	30	1.00
22	29	1.00
22	28	1.00
22	27	1.00
22	26	1.00
22	25	1.00
22	24	1.00
22	23	1.00
22	22	1.00
22	21	1.00
22	20	1.00
22	19	1.00
22	18	1.00
22	17	1.00
22	16	1.00
22	15	1.00
22	14	1.00
22	13	1.00
22	12	1.00
22	11	1.00
22	10	1.00
22	9	1.00
22	8	1.00
22	7	1.00
22	6	1.00
22	5	1.00
22	4	1.00
22	3	1.00
22	2	1.00
22	1	1.00
22	0	1.00
X	131	0.00
X	130	0.00
X	129	0.00
X	128	0.00
X	127	0.00
X	126	0.00
X	125	0.00
X	124	0.00
X	123	0.00
X	122	0.00
X	121	0.00
X	120	0.00
X	119	0.00
X	118	0.00
X	117	0.00
X	116	0.00
X	115	0.00
X	114	0.00
X	113	0.00
X	112	0.00
X	111	0.00
X	110	0.01
X	109	0.01
X	108	0.01
X	107	0.01
X	106	0.01
X	105	0.01
X	104	0.01
X	103	0.01
X	102	0.01
X	101	0.02
X	100	0.02
X	99	0.02
X	98	0.02
X	97	0.03
X	96	0.03
X	95	0.04
X	94	0.05
X	93	0.06
X	92	0.07
X	91	0.08
X	90	0.09
X	89	0.11
X	88	0.13
X	87	0.15
X	86	0.18
X	85	0.21
X	84	0.23
X	83	0.26
X	82	0.30
X	81	0.33
X	80	0.37
X	79	0.41
X	78	0.45
X	77	0.49
X	76	0.52
X	75	0.57
X	74	0.61
X	73	0.64
X	72	0.68
X	71	0.71
X	70	0.74
X	69	0.77
X	68	0.80
X	67	0.82
X	66	0.85
X	65	0.87
X	64	0.88
X	63	0.90
X	62	0.92
X	61	0.93
X	60	0.94
X	59	0.95
X	58	0.96
X	57	0.97
X	56	0.97
X	55	0.98
X	54	0.98
X	53	0.98
X	52	0.98
X	51	0.99
X	50	0.99
X	49	0.99
X	48	0.99
X	47	0.99
X	46	0.99
X	45	0.99
X	44	0.99
X	43	1.00
X	42	1.00
X	41	1.00
X	40	1.00
X	39	1.00
X	38	1.00
X	37	1.00
X	36	1.00
X	35	1.00
X	34	1.00
X	33	1.00
X	32	1.00
X	31	1.00
X	30	1.00
X	29	1.00
X	28	1.00
X	27	1.00
X	26	1.00
X	25	1.00
X	24	1.00
X	23	1.00
X	22	1.00
X	21	1.00
X	20	1.00
X	19	1.00
X	18	1.00
X	17	1.00
X	16	1.00
X	15	1.00
X	14	1.00
X	13	1.00
X	12	1.00
X	11	1.00
X	10	1.00
X	9	1.00
X	8	1.00
X	7	1.00
X	6	1.00
X	5	1.00
X	4	1.00
X	3	1.00
X	2	1.00
X	1	1.00
X	0	1.00
Y	43	0.00
Y	42	0.01
Y	41	0.03
Y	40	0.04
Y	39	0.05
Y	38	0.06
Y	37	0.08
Y	36	0.10
Y	35	0.13
Y	34	0.16
Y	33	0.19
Y	32	0.22
Y	31	0.24
Y	30	0.27
Y	29	0.27
Y	28	0.28
Y	27	0.28
Y	26	0.28
Y	25	0.28
Y	24	0.28
Y	23	0.28
Y	22	0.28
Y	21	0.28
Y	20	0.28
Y	19	0.28
Y	18	0.28
Y	17	0.28
Y	16	0.28
Y	15	0.28
Y	14	0.28
Y	13	0.28
Y	12	0.28
Y	11	0.28
Y	10	0.28
Y	9	0.28
Y	8	0.28
Y	7	0.28
Y	6	0.28
Y	5	0.28
Y	4	0.28
Y	3	0.28
Y	2	0.28
Y	1	0.28
Y	0	1.00
total	444	0.00
total	443	0.00
total	442	0.00
total	441	0.00
total	440	0.00
total	439	0.00
total	438	0.00
total	437	0.00
total	436	0.00
total	435	0.00
total	434	0.00
total	433	0.00
total	432	0.00
total	431	0.00
total	430	0.00
total	429	0.00
total	428	0.00
total	427	0.00
total	425	0.00
total	424	0.00
total	423	0.00
total	422	0.00
total	421	0.00
total	420	0.00
total	419	0.00
total	418	0.00
total	417	0.00
total	416	0.00
total	415	0.00
total	414	0.00
total	413	0.00
total	412	0.00
total	411	0.00
total	410	0.00
total	409	0.00
total	408	0.00
total	407	0.00
total	406	0.00
total	405	0.00
total	404	0.00
total	403	0.00
total	402	0.00
total	401	0.00
total	398	0.00
total	397	0.00
total	396	0.00
total	395	0.00
total	394	0.00
total	393	0.00
total	392	0.00
total	390	0.00
total	389	0.00
total	387	0.00
total	386	0.00
total	385	0.00
total	383	0.00
total	382	0.00
total	381	0.00
total	380	0.00
total	379	0.00
total	377	0.00
total	376	0.00
total	375	0.00
total	374	0.00
total	373	0.00
total	371	0.00
total	368	0.00
total	367	0.00
total	366	0.00
total	363	0.00
total	362	0.00
total	361	0.00
total	358	0.00
total	357	0.00
total	356	0.00
total	355	0.00
total	354	0.00
total	352	0.00
total	349	0.00
total	348	0.00
total	347	0.00
total	345	0.00
total	344	0.00
total	343	0.00
total	341	0.00
total	340	0.00
total	339	0.00
total	338	0.00
total	337	0.00
total	336	0.00
total	335	0.00
total	333	0.00
total	332	0.00
total	331	0.00
total	330	0.00
total	329	0.00
total	328	0.00
total	327	0.00
total	326	0.00
total	325	0.00
total	323	0.00
total	320	0.00
total	319	0.00
total	318	0.00
total	317	0.00
total	316	0.00
total	315	0.00
total	313	0.00
total	312	0.00
total	311	0.00
total	310	0.00
total	308	0.00
total	307	0.00
total	306	0.00
total	305	0.00
total	304	0.00
total	303	0.00
total	302	0.00
total	301	0.00
total	300	0.00
total	299	0.00
total	298	0.00
total	297	0.00
total	296	0.00
total	295	0.00
total	294	0.00
total	293	0.00
total	292	0.00
total	291	0.00
total	290	0.00
total	289	0.00
total	288	0.00
total	287	0.00
total	286	0.00
total	285	0.00
total	284	0.00
total	283	0.00
total	282	0.00
total	281	0.00
total	280	0.00
total	279	0.00
total	278	0.00
total	277	0.00
total	276	0.00
total	275	0.00
total	274	0.00
total	273	0.00
total	272	0.00
total	271	0.00
total	270	0.00
total	269	0.00
total	268	0.00
total	267	0.00
total	266	0.00
total	265	0.00
total	264	0.00
total	263	0.00
total	262	0.00
total	261	0.00
total	260	0.00
total	259	0.00
total	258	0.00
total	257	0.00
total	256	0.00
total	255	0.00
total	254	0.00
total	253	0.00
total	252	0.00
total	251	0.00
total	250	0.00
total	249	0.00
total	248	0.00
total	247	0.00
total	246	0.00
total	245	0.00
total	244	0.00
total	243	0.00
total	242	0.00
total	241	0.00
total	240	0.00
total	239	0.00
total	238	0.00
total	237	0.00
total	236	0.00
total	235	0.00
total	234	0.00
total	233	0.00
total	232	0.00
total	231	0.00
total	230	0.00
total	229	0.00
total	228	0.00
total	227	0.00
total	226	0.00
total	225	0.00
total	224	0.00
total	223	0.00
total	222	0.00
total	221	0.00
total	220	0.00
total	219	0.00
total	218	0.00
total	217	0.00
total	216	0.00
total	215	0.00
total	214	0.00
total	213	0.00
total	212	0.00
total	211	0.00
total	210	0.00
total	209	0.00
total	208	0.00
total	207	0.00
total	206	0.00
total	205	0.00
total	204	0.00
total	203	0.00
total	202	0.00
total	201	0.00
total	200	0.00
total	199	0.00
total	198	0.00
total	197	0.00
total	196	0.00
total	195	0.00
total	194	0.00
total	193	0.00
total	192	0.00
total	191	0.00
total	190	0.00
total	189	0.00
total	188	0.00
total	187	0.00
total	186	0.00
total	185	0.00
total	184	0.00
total	183	0.00
total	182	0.00
total	181	0.00
total	180	0.00
total	179	0.00
total	178	0.00
total	177	0.00
total	176	0.00
total	175	0.00
total	174	0.00
total	173	0.00
total	172	0.00
total	171	0.00
total	170	0.00
total	169	0.00
total	168	0.00
total	167	0.00
total	166	0.00
total	165	0.00
total	164	0.00
total	163	0.00
total	162	0.00
total	161	0.00
total	160	0.00
total	159	0.00
total	158	0.00
total	157	0.00
total	156	0.00
total	155	0.00
total	154	0.00
total	153	0.01
total	152	0.01
total	151	0.01
total	150	0.01
total	149	0.01
total	148	0.01
total	147	0.01
total	146	0.02
total	145	0.02
total	144	0.02
total	143	0.03
total	142	0.03
total	141	0.04
total	140	0.04
total	139	0.05
total	138	0.06
total	137	0.07
total	136	0.08
total	135	0.09
total	134	0.10
total	133	0.11
total	132	0.13
total	131	0.15
total	130	0.16
total	129	0.18
total	128	0.20
total	127	0.22
total	126	0.24
total	125	0.27
total	124	0.29
total	123	0.31
total	122	0.34
total	121	0.37
total	120	0.39
total	119	0.42
total	118	0.45
total	117	0.48
total	116	0.50
total	115	0.53
total	114	0.56
total	113	0.58
total	112	0.61
total	111	0.64
total	110	0.66
total	109	0.68
total	108	0.70
total	107	0.73
total	106	0.74
total	105	0.76
total	104	0.78
total	103	0.80
total	102	0.81
total	101	0.82
total	100	0.84
total	99	0.85
total	98	0.86
total	97	0.87
total	96	0.87
total	95	0.88
total	94	0.89
total	93	0.89
total	92	0.90
total	91	0.91
total	90	0.91
total	89	0.91
total	88	0.92
total	87	0.92
total	86	0.93
total	85	0.93
total	84	0.93
total	83	0.94
total	82	0.94
total	81	0.94
total	80	0.95
total	79	0.95
total	78	0.95
total	77	0.96
total	76	0.96
total	75	0.96
total	74	0.97
total	73	0.97
total	72	0.97
total	71	0.97
total	70	0.98
total	69	0.98
total	68	0.98
total	67	0.98
total	66	0.98
total	65	0.99
total	64	0.99
total	63	0.99
total	62	0.99
total	61	0.99
total	60	0.99
total	59	0.99
total	58	0.99
total	57	0.99
total	56	0.99
total	55	0.99
total	54	0.99
total	53	0.99
total	52	1.00
total	51	1.00
total	50	1.00
total	49	1.00
total	48	1.00
total	47	1.00
total	46	1.00
total	45	1.00
total	44	1.00
total	43	1.00
total	42	1.00
total	41	1.00
total	40	1.00
total	39	1.00
total	38	1.00
total	37	1.00
total	36	1.00
total	35	1.00
total	34	1.00
total	33	1.00
total	32	1.00
total	31	1.00
total	30	1.00
total	29	1.00
total	28	1.00
total	27	1.00
total	26	1.00
total	25	1.00
total	24	1.00
total	23	1.00
total	22	1.00
total	21	1.00
total	20	1.00
total	19	1.00
total	18	1.00
total	17	1.00
total	16	1.00
total	15	1.00
total	14	1.00
total	13	1.00
total	12	1.00
total	11	1.00
total	10	1.00
total	9	1.00
total	8	1.00
total	7	1.00
total	6	1.00
total	5	1.00
total	4	1.00
total	3	1.00
total	2	1.00
total	1	1.00
total	0	1.00
