27
30
30
30
30
30
30
30
30
30
30
30
30
33
33
33
33
33
36
36
36
36
36
36
36
36
37
37
37
37
37
37
38
38
38
38
38
38
38
38
38
38
39
39
39
39
39
39
39
39
39
39
39
39
39
39
39
39
40
40
40
40
40
40
40
40
40
40
40
40
40
40
40
40
40
40
40
40
40
40
40
40
41
41
41
41
41
41
41
41
41
41
41
41
42
42
42
42
42
42
42
42
42
42
42
42
42
42
42
43
43
43
43
43
43
43
43
43
44
44
44
44
44
44
44
44
44
44
44
44
44
44
44
45
45
45
45
45
45
45
45
45
45
45
45
45
45
45
45
45
45
45
45
45
45
45
45
45
45
45
45
46
46
46
46
46
46
46
46
46
46
46
46
46
46
46
46
46
46
46
46
46
46
46
46
47
47
47
47
47
47
47
47
47
47
47
47
47
47
47
47
48
48
48
48
48
48
48
48
48
48
48
48
48
48
48
48
48
48
49
49
49
49
49
49
49
49
49
49
49
49
49
49
49
49
49
49
49
49
49
49
49
49
49
49
49
49
49
50
50
50
50
50
50
50
50
50
50
50
50
50
50
50
50
50
50
50
50
50
50
50
50
50
50
50
50
51
51
51
51
51
51
51
51
51
51
51
51
51
51
51
51
51
51
52
52
52
52
52
52
52
52
52
52
52
52
52
52
52
52
53
53
53
53
53
53
53
53
53
53
53
53
53
53
53
53
53
54
54
54
54
54
54
54
54
54
54
54
54
54
54
55
55
55
55
55
55
55
55
55
55
56
56
56
56
56
56
56
56
56
56
56
56
57
57
57
57
57
57
57
57
57
57
57
57
57
57
57
57
57
58
58
58
58
58
58
58
58
58
58
58
58
58
58
58
59
59
59
59
59
59
59
59
59
59
59
59
59
60
60
60
60
60
60
60
60
60
60
60
60
61
61
61
62
62
62
62
62
62
63
63
63
63
63
63
63
63
63
64
64
64
64
64
64
64
65
65
65
65
65
65
65
65
65
65
65
65
65
66
66
66
66
66
66
66
66
66
66
66
66
67
67
67
67
68
68
68
68
68
69
69
69
69
69
69
70
71
71
71
71
71
71
71
71
72
72
72
72
72
72
73
73
74
74
74
74
74
74
75
75
75
77
77
77
77
77
78
78
78
78
79
79
80
80
80
80
81
82
82
82
83
83
83
83
83
83
83
83
84
85
85
85
86
86
87
87
87
88
88
88
88
88
89
89
90
90
91
91
92
92
94
94
95
96
96
96
96
97
97
97
99
99
99
99
99
99
99
99
99
100
100
101
101
101
102
103
103
103
104
104
104
106
107
108
108
108
108
108
109
110
110
112
112
113
114
115
115
115
115
116
118
119
120
120
121
122
122
123
123
123
123
124
127
127
128
130
130
130
130
131
133
133
133
136
136
137
139
142
145
146
150
152
153
154
154
154
155
156
156
158
158
161
162
162
162
162
163
165
166
166
166
167
167
167
167
168
168
168
169
169
171
171
174
175
177
178
181
183
183
186
187
187
190
193
195
197
197
198
200
202
205
207
208
213
215
216
218
219
221
221
225
225
234
236
244
247
248
248
249
251
259
260
265
266
267
281
282
283
284
285
304
308
315
321
322
324
331
334
336
337
352
370
371
386
423
456
471
473
479
480
484
506
521
529
540
570
972
1064
1528
2100
4829
6101
7568
