4
4
5
5
5
8
11
12
13
15
16
17
17
17
19
21
25
26
28
28
29
30
31
32
33
34
36
36
36
36
36
36
36
36
36
37
37
37
37
37
38
38
38
38
38
38
38
38
38
38
38
38
38
38
39
39
39
39
39
39
39
39
39
39
39
40
40
40
40
40
40
40
40
40
40
40
40
40
40
40
40
40
40
40
40
40
40
40
40
40
40
40
40
40
40
41
41
41
41
41
41
41
41
41
41
41
41
41
41
42
42
42
42
42
42
42
42
42
42
42
42
42
42
42
42
43
43
43
43
43
43
43
43
43
43
43
43
43
43
43
43
43
43
44
44
44
44
44
44
44
44
44
44
44
44
44
44
44
44
44
45
45
45
45
45
45
45
45
45
45
45
45
45
45
45
45
45
45
45
45
45
45
45
45
45
45
45
45
45
45
46
46
46
46
46
46
46
46
46
46
46
46
46
46
46
46
46
46
46
46
46
46
46
47
47
47
47
47
47
47
47
47
47
47
47
47
47
47
47
47
47
48
48
48
48
48
48
48
48
48
48
48
48
48
48
48
48
48
48
48
48
48
48
48
48
48
48
49
49
49
49
49
49
49
49
49
49
49
49
49
49
49
49
49
49
49
49
49
49
49
49
49
49
49
49
49
49
49
49
49
49
49
49
49
49
49
49
49
50
50
50
50
50
50
50
50
50
50
50
50
50
50
50
50
50
50
50
50
50
50
50
50
50
50
50
50
50
50
50
50
50
50
50
51
51
51
51
51
51
51
51
51
51
51
51
51
51
51
51
51
51
51
51
52
52
52
52
52
52
52
52
52
52
52
52
52
52
52
52
52
52
52
53
53
53
53
53
53
53
53
53
53
53
53
53
53
53
53
53
53
53
53
53
54
54
54
54
54
54
54
54
54
54
54
54
54
54
54
54
55
55
55
55
55
55
55
55
55
55
55
55
56
56
56
56
56
56
56
56
56
56
56
56
56
56
56
56
56
56
57
57
57
57
57
57
57
57
57
57
57
57
57
57
57
57
57
57
57
57
57
57
57
57
58
58
58
58
58
58
58
58
58
58
58
58
58
58
58
59
59
59
59
59
59
59
59
59
59
59
59
59
59
59
60
60
60
60
60
60
60
60
60
60
60
60
60
60
60
61
61
61
61
61
62
62
62
62
62
62
62
62
63
63
63
63
63
63
63
63
63
63
63
64
64
64
64
64
64
64
64
64
64
65
65
65
65
65
65
65
65
65
65
65
65
65
65
66
66
66
66
66
66
66
66
66
66
66
66
66
66
66
66
67
67
67
67
67
68
68
68
68
68
68
68
69
69
69
69
69
69
70
70
70
71
71
71
71
71
71
71
71
72
72
72
72
72
72
72
72
72
73
73
73
73
73
74
74
74
74
74
74
74
74
75
75
75
75
75
76
76
77
77
77
77
77
78
78
78
78
79
79
80
80
80
80
80
81
81
82
82
82
83
83
83
83
83
83
83
83
83
83
84
84
84
85
85
85
85
86
86
86
87
87
87
87
87
88
88
88
88
88
88
89
89
89
89
90
90
90
91
91
91
91
92
92
92
92
93
94
94
95
96
96
96
96
97
97
97
98
99
99
99
99
99
99
99
100
100
101
101
102
103
103
103
103
104
104
104
104
104
105
105
106
107
107
107
108
108
108
108
108
108
109
109
109
109
110
110
112
112
112
113
114
114
114
115
115
115
116
116
116
117
118
119
119
120
120
120
120
120
121
121
122
122
122
123
123
123
123
124
126
126
127
127
127
127
128
128
130
130
130
130
131
131
133
133
133
133
134
136
136
137
137
139
139
141
141
141
142
142
144
145
146
146
150
150
150
150
150
152
152
153
154
154
154
155
155
157
158
158
161
162
162
162
162
162
163
165
165
166
166
166
166
166
167
167
167
167
168
168
168
168
169
169
170
171
171
174
174
174
175
175
178
178
178
180
180
180
181
183
183
184
187
187
189
190
192
193
194
195
197
197
197
200
202
203
205
206
206
207
208
208
210
213
214
215
216
216
218
219
221
221
224
225
225
226
228
231
231
233
234
235
236
238
238
243
244
245
246
247
248
248
249
251
252
254
256
259
260
265
266
267
267
272
281
282
283
284
284
285
285
304
313
315
316
317
321
322
324
327
331
334
336
337
352
355
356
370
371
386
391
396
407
441
452
456
471
473
474
478
479
480
482
484
506
521
524
529
533
540
577
637
835
903
1064
1263
4692
4829
6176
