4
5
5
5
5
5
5
5
5
7
7
7
8
8
8
8
9
10
11
11
13
13
13
13
14
15
16
17
17
17
19
19
19
20
20
21
21
21
21
21
22
22
24
24
25
26
26
26
27
28
28
28
28
28
28
28
29
29
31
32
32
32
32
32
32
33
34
35
36
36
36
36
36
36
36
36
36
36
36
37
37
37
37
37
37
38
38
38
38
38
38
38
38
38
38
38
38
38
38
38
39
39
39
39
39
39
39
39
39
39
39
39
40
40
40
40
40
40
40
40
40
40
40
40
40
40
40
40
40
40
40
40
40
40
40
40
40
40
40
41
41
41
41
41
41
41
41
41
41
41
41
41
41
42
42
42
42
42
42
42
42
42
42
42
42
42
42
43
43
43
43
43
43
43
43
43
43
43
43
43
43
43
43
43
44
44
44
44
44
44
44
44
44
44
44
44
44
44
44
44
44
45
45
45
45
45
45
45
45
45
45
45
45
45
45
45
45
45
45
45
45
45
45
45
45
45
45
45
46
46
46
46
46
46
46
46
46
46
46
46
46
46
46
46
46
46
46
46
46
46
46
46
47
47
47
47
47
47
47
47
47
47
47
47
47
47
47
47
47
47
47
48
48
48
48
48
48
48
48
48
48
48
48
48
48
48
48
48
48
48
48
48
48
48
48
48
48
48
48
49
49
49
49
49
49
49
49
49
49
49
49
49
49
49
49
49
49
49
49
49
49
49
49
49
49
49
49
49
49
49
49
49
50
50
50
50
50
50
50
50
50
50
50
50
50
50
50
50
50
50
50
50
50
50
50
50
50
50
50
50
50
50
50
50
50
50
50
50
51
51
51
51
51
51
51
51
51
51
51
51
51
51
51
51
51
51
51
51
51
52
52
52
52
52
52
52
52
52
52
52
52
52
52
52
52
53
53
53
53
53
53
53
53
53
53
53
53
53
53
53
53
53
53
53
53
53
54
54
54
54
54
54
54
54
54
54
54
54
54
54
54
54
54
54
54
54
54
54
55
55
55
55
55
55
55
55
55
55
55
55
55
55
55
56
56
56
56
56
56
56
56
56
56
56
56
56
56
56
56
56
56
56
56
57
57
57
57
57
57
57
57
57
57
57
57
57
57
57
57
57
57
57
57
57
57
57
58
58
58
58
58
58
58
58
58
58
58
58
58
58
58
58
58
58
59
59
59
59
59
59
59
59
59
59
59
59
59
59
59
59
60
60
60
60
60
60
60
60
60
60
60
60
60
60
60
60
61
61
61
61
61
62
62
62
62
62
62
62
62
62
62
62
63
63
63
63
63
63
63
63
63
63
64
64
64
64
64
64
64
64
64
64
65
65
65
65
65
65
65
65
65
65
65
65
65
65
66
66
66
66
66
66
66
66
66
66
66
66
66
66
66
67
67
67
67
67
68
68
68
68
68
68
68
68
69
69
69
69
69
69
69
69
70
70
70
70
70
71
71
71
71
71
71
71
72
72
72
72
72
72
72
72
73
73
73
73
74
74
74
74
74
74
74
74
75
75
75
75
76
76
77
77
77
77
77
77
78
78
78
78
78
78
79
79
79
79
79
80
80
80
80
80
80
81
81
81
81
82
82
82
83
83
83
83
83
83
83
83
83
83
84
84
84
84
84
84
85
85
85
85
85
86
86
86
86
86
87
87
87
87
88
88
88
88
88
88
89
89
89
89
89
89
90
90
90
90
91
91
91
92
92
94
94
95
96
96
96
96
96
96
96
97
97
97
98
99
99
99
99
99
99
99
99
99
99
100
100
100
100
101
101
101
102
102
102
102
103
103
103
103
104
104
104
104
104
105
105
105
106
107
107
107
108
108
108
108
108
108
109
109
110
110
111
112
112
112
113
114
114
115
115
115
116
116
118
118
119
119
120
120
120
120
120
121
121
121
122
122
122
122
123
123
123
124
126
127
127
127
127
128
128
128
129
130
130
130
130
130
130
131
131
132
133
133
133
133
133
135
135
136
136
137
138
139
139
139
141
141
141
142
142
142
144
145
146
146
147
149
150
150
150
152
152
153
153
153
154
155
158
158
161
162
162
162
162
163
163
165
166
166
166
166
167
167
167
167
168
168
168
168
169
169
170
171
171
173
174
174
175
175
178
178
180
180
180
181
181
182
183
183
184
184
187
187
190
193
194
195
197
197
197
200
200
200
202
204
205
207
208
208
208
213
213
213
214
215
216
216
216
218
219
219
221
221
225
226
226
228
231
231
234
235
237
238
238
243
244
244
245
246
247
248
248
249
251
253
253
256
259
260
262
265
266
267
270
272
279
281
282
283
284
285
304
308
313
315
321
322
324
327
331
334
337
341
352
370
371
386
391
419
434
441
443
452
456
471
473
478
479
480
484
506
521
529
533
540
548
577
835
1064
4692
4829
6176
