CpG context
===========
position	count methylated	count unmethylated	% methylation	coverage
1	529417	150498	77.87	679915
2	383034	75712	83.50	458746
3	442403	126467	77.77	568870
4	451382	122368	78.67	573750
5	431273	121900	77.96	553173
6	465246	136066	77.37	601312
7	418281	121008	77.56	539289
8	449868	132519	77.25	582387
9	462487	133952	77.54	596439
10	447753	132820	77.12	580573
11	444961	131188	77.23	576149
12	452808	132890	77.31	585698
13	448830	132162	77.25	580992
14	449694	132768	77.21	582462
15	448963	133529	77.08	582492
16	453537	135274	77.03	588811
17	455072	135336	77.08	590408
18	454916	135996	76.99	590912
19	452807	135787	76.93	588594
20	454828	136286	76.94	591114
21	454364	136046	76.96	590410
22	454859	136123	76.97	590982
23	454825	136221	76.95	591046
24	457954	136088	77.09	594042
25	457079	137224	76.91	594303
26	453923	136532	76.88	590455
27	455051	137549	76.79	592600
28	454313	137074	76.82	591387
29	454977	137168	76.84	592145
30	458606	138046	76.86	596652
31	457536	137810	76.85	595346
32	457351	137289	76.91	594640
33	457384	137834	76.84	595218
34	457085	137365	76.89	594450
35	458530	138028	76.86	596558
36	457191	137547	76.87	594738
37	455495	137527	76.81	593022
38	455681	137536	76.82	593217
39	457381	137165	76.93	594546
40	457310	137307	76.91	594617
41	459393	137647	76.95	597040
42	456652	137595	76.85	594247
43	459054	137882	76.90	596936
44	456384	137665	76.83	594049
45	457759	137453	76.91	595212
46	458953	137731	76.92	596684
47	458980	137686	76.92	596666
48	458528	137307	76.96	595835
49	458040	137222	76.95	595262
50	457709	137593	76.89	595302
51	457810	138445	76.78	596255
52	457621	137062	76.95	594683
53	457715	136945	76.97	594660
54	458754	137346	76.96	596100
55	457865	137932	76.85	595797
56	457949	137617	76.89	595566
57	459536	137403	76.98	596939
58	457079	137290	76.90	594369
59	455807	136666	76.93	592473
60	456906	136863	76.95	593769
61	458378	136536	77.05	594914
62	458510	136398	77.07	594908
63	455964	136615	76.95	592579
64	456355	137017	76.91	593372
65	456080	136979	76.90	593059
66	455761	136666	76.93	592427
67	454619	136487	76.91	591106
68	453444	136144	76.91	589588
69	452598	136687	76.80	589285
70	452232	135415	76.96	587647
71	450753	135925	76.83	586678
72	452747	136019	76.90	588766
73	451009	135415	76.91	586424
74	451526	135392	76.93	586918
75	449102	134998	76.89	584100
76	448652	135228	76.84	583880
77	448447	135040	76.86	583487
78	447205	135140	76.79	582345
79	445504	135062	76.74	580566
80	446593	134069	76.91	580662
81	444141	134539	76.75	578680
82	443396	133954	76.80	577350
83	442922	133654	76.82	576576
84	440572	133541	76.74	574113
85	439783	133047	76.77	572830
86	436647	132677	76.70	569324
87	436386	132886	76.66	569272
88	434216	132793	76.58	567009
89	433320	132518	76.58	565838
90	431298	132700	76.47	563998
91	428852	130806	76.63	559658
92	424815	130564	76.49	555379
93	422619	130792	76.37	553411
94	417068	128926	76.39	545994
95	414118	128362	76.34	542480
96	413237	127711	76.39	540948
97	408684	125670	76.48	534354
98	403096	124338	76.43	527434
99	397251	124003	76.21	521254
100	386763	115973	76.93	502736

CHG context
===========
position	count methylated	count unmethylated	% methylation	coverage
1	89894	3670322	2.39	3760216
2	32987	2817196	1.16	2850183
3	28276	2978271	0.94	3006547
4	23835	2992226	0.79	3016061
5	19866	3108847	0.63	3128713
6	19235	3151483	0.61	3170718
7	18844	3152164	0.59	3171008
8	19937	3317500	0.60	3337437
9	19590	3311273	0.59	3330863
10	18663	3274698	0.57	3293361
11	18201	3267566	0.55	3285767
12	18159	3278274	0.55	3296433
13	17762	3265490	0.54	3283252
14	17687	3293430	0.53	3311117
15	17401	3299211	0.52	3316612
16	17541	3314655	0.53	3332196
17	17371	3316191	0.52	3333562
18	17488	3319586	0.52	3337074
19	17232	3332966	0.51	3350198
20	17483	3347410	0.52	3364893
21	17567	3355798	0.52	3373365
22	17137	3351189	0.51	3368326
23	17378	3357489	0.51	3374867
24	17404	3380693	0.51	3398097
25	17208	3364958	0.51	3382166
26	17424	3362910	0.52	3380334
27	17132	3364647	0.51	3381779
28	17257	3389111	0.51	3406368
29	17298	3396470	0.51	3413768
30	17243	3396521	0.51	3413764
31	17091	3384694	0.50	3401785
32	17218	3382564	0.51	3399782
33	17243	3390092	0.51	3407335
34	17152	3395523	0.50	3412675
35	17037	3383741	0.50	3400778
36	16983	3389338	0.50	3406321
37	17040	3396314	0.50	3413354
38	17253	3388358	0.51	3405611
39	16946	3385815	0.50	3402761
40	17091	3390415	0.50	3407506
41	17185	3392473	0.50	3409658
42	16992	3401818	0.50	3418810
43	17116	3396313	0.50	3413429
44	17041	3395539	0.50	3412580
45	16979	3389188	0.50	3406167
46	17289	3388570	0.51	3405859
47	17093	3388549	0.50	3405642
48	17076	3394712	0.50	3411788
49	17191	3390382	0.50	3407573
50	17201	3394192	0.50	3411393
51	17110	3393689	0.50	3410799
52	17107	3387236	0.50	3404343
53	17070	3392673	0.50	3409743
54	17130	3393378	0.50	3410508
55	17248	3385924	0.51	3403172
56	17133	3386400	0.50	3403533
57	16849	3387119	0.49	3403968
58	17040	3383779	0.50	3400819
59	16916	3383980	0.50	3400896
60	17319	3382953	0.51	3400272
61	16926	3377947	0.50	3394873
62	16930	3379547	0.50	3396477
63	17046	3376529	0.50	3393575
64	17088	3373568	0.50	3390656
65	17112	3366055	0.51	3383167
66	16813	3368261	0.50	3385074
67	16676	3361496	0.49	3378172
68	16928	3355954	0.50	3372882
69	16851	3354359	0.50	3371210
70	16896	3356944	0.50	3373840
71	16791	3349886	0.50	3366677
72	16746	3350670	0.50	3367416
73	16739	3351722	0.50	3368461
74	16881	3342328	0.50	3359209
75	16917	3335809	0.50	3352726
76	16724	3329701	0.50	3346425
77	16671	3332972	0.50	3349643
78	16640	3327373	0.50	3344013
79	16545	3318258	0.50	3334803
80	16613	3312323	0.50	3328936
81	16511	3312197	0.50	3328708
82	16598	3306630	0.50	3323228
83	16571	3304241	0.50	3320812
84	16397	3297187	0.49	3313584
85	16450	3286262	0.50	3302712
86	16605	3275769	0.50	3292374
87	16368	3267534	0.50	3283902
88	16458	3258713	0.50	3275171
89	16486	3252020	0.50	3268506
90	16345	3236694	0.50	3253039
91	16092	3223102	0.50	3239194
92	16142	3211432	0.50	3227574
93	15940	3191808	0.50	3207748
94	15968	3173275	0.50	3189243
95	15850	3155195	0.50	3171045
96	15895	3135449	0.50	3151344
97	15781	3121147	0.50	3136928
98	15657	3082950	0.51	3098607
99	15425	3050086	0.50	3065511
100	14881	2920374	0.51	2935255

CHH context
===========
position	count methylated	count unmethylated	% methylation	coverage
1	300106	12008620	2.44	12308726
2	121830	9406263	1.28	9528093
3	106504	10501912	1.00	10608416
4	94257	11004480	0.85	11098737
5	77216	11303682	0.68	11380898
6	77007	11807835	0.65	11884842
7	72739	11620365	0.62	11693104
8	72138	11915413	0.60	11987551
9	70440	11821090	0.59	11891530
10	68277	11751609	0.58	11819886
11	66502	11755653	0.56	11822155
12	65833	11796393	0.55	11862226
13	64330	11751967	0.54	11816297
14	63248	11773194	0.53	11836442
15	63212	11795704	0.53	11858916
16	62906	11812315	0.53	11875221
17	62213	11815629	0.52	11877842
18	62613	11865067	0.52	11927680
19	61954	11860047	0.52	11922001
20	61941	11892761	0.52	11954702
21	61718	11874892	0.52	11936610
22	61254	11858847	0.51	11920101
23	61929	11852261	0.52	11914190
24	61197	11862598	0.51	11923795
25	60535	11817338	0.51	11877873
26	60622	11826746	0.51	11887368
27	60548	11860728	0.51	11921276
28	60062	11868633	0.50	11928695
29	60544	11852859	0.51	11913403
30	59817	11851325	0.50	11911142
31	59613	11820601	0.50	11880214
32	59418	11827468	0.50	11886886
33	59607	11856545	0.50	11916152
34	58956	11838407	0.50	11897363
35	58985	11832824	0.50	11891809
36	59146	11844669	0.50	11903815
37	59023	11836390	0.50	11895413
38	58486	11831498	0.49	11889984
39	58889	11841628	0.49	11900517
40	58393	11848544	0.49	11906937
41	58899	11843438	0.49	11902337
42	58458	11843824	0.49	11902282
43	59143	11840525	0.50	11899668
44	58554	11825245	0.49	11883799
45	58336	11833446	0.49	11891782
46	58232	11831254	0.49	11889486
47	58564	11819205	0.49	11877769
48	58495	11836361	0.49	11894856
49	59359	11819097	0.50	11878456
50	58750	11812480	0.49	11871230
51	58748	11819574	0.49	11878322
52	58421	11821629	0.49	11880050
53	58506	11815682	0.49	11874188
54	58569	11823323	0.49	11881892
55	58164	11813490	0.49	11871654
56	58407	11816777	0.49	11875184
57	58410	11817470	0.49	11875880
58	58244	11812334	0.49	11870578
59	58666	11798645	0.49	11857311
60	58063	11803811	0.49	11861874
61	57992	11792716	0.49	11850708
62	58399	11795964	0.49	11854363
63	58153	11793587	0.49	11851740
64	57662	11780101	0.49	11837763
65	57812	11764279	0.49	11822091
66	57396	11760086	0.49	11817482
67	58128	11759685	0.49	11817813
68	58116	11757498	0.49	11815614
69	57831	11759306	0.49	11817137
70	57698	11745173	0.49	11802871
71	57591	11730503	0.49	11788094
72	57443	11720185	0.49	11777628
73	57324	11711841	0.49	11769165
74	57640	11688422	0.49	11746062
75	57600	11669350	0.49	11726950
76	57145	11680718	0.49	11737863
77	57114	11671857	0.49	11728971
78	57103	11666193	0.49	11723296
79	56910	11645902	0.49	11702812
80	57030	11637518	0.49	11694548
81	56769	11624292	0.49	11681061
82	56713	11606516	0.49	11663229
83	56481	11580424	0.49	11636905
84	56632	11560840	0.49	11617472
85	56357	11530616	0.49	11586973
86	56434	11515029	0.49	11571463
87	56051	11489777	0.49	11545828
88	55791	11470504	0.48	11526295
89	55751	11433806	0.49	11489557
90	56067	11413317	0.49	11469384
91	55669	11370567	0.49	11426236
92	55799	11334467	0.49	11390266
93	55199	11296759	0.49	11351958
94	54929	11245637	0.49	11300566
95	55008	11195653	0.49	11250661
96	54282	11144982	0.48	11199264
97	53913	11064816	0.48	11118729
98	53758	10943303	0.49	10997061
99	52656	10808534	0.48	10861190
100	49452	10394068	0.47	10443520

