Distance in bp(Fragment Length Estimate: 107)(Peak Width Estimate: 326)	Same Strand (+ for Watson strand, - for Crick)	Opposite Strand
-2000	4.0	8.0
-1999	2.0	8.0
-1998	4.0	2.0
-1997	7.0	5.0
-1996	6.0	11.0
-1995	6.0	8.0
-1994	6.0	5.0
-1993	3.0	10.0
-1992	4.0	12.0
-1991	3.0	7.0
-1990	5.0	4.0
-1989	3.0	4.0
-1988	12.0	6.0
-1987	7.0	5.0
-1986	3.0	7.0
-1985	5.0	7.0
-1984	10.0	3.0
-1983	7.0	8.0
-1982	5.0	5.0
-1981	5.0	9.0
-1980	5.0	4.0
-1979	4.0	11.0
-1978	3.0	5.0
-1977	3.0	5.0
-1976	3.0	6.0
-1975	5.0	6.0
-1974	10.0	11.0
-1973	1.0	8.0
-1972	5.0	8.0
-1971	5.0	7.0
-1970	8.0	5.0
-1969	4.0	6.0
-1968	8.0	6.0
-1967	6.0	9.0
-1966	3.0	5.0
-1965	4.0	12.0
-1964	3.0	10.0
-1963	4.0	5.0
-1962	5.0	11.0
-1961	7.0	6.0
-1960	8.0	6.0
-1959	7.0	12.0
-1958	7.0	9.0
-1957	9.0	4.0
-1956	3.0	8.0
-1955	2.0	8.0
-1954	9.0	6.0
-1953	5.0	12.0
-1952	5.0	8.0
-1951	6.0	7.0
-1950	2.0	2.0
-1949	3.0	10.0
-1948	7.0	4.0
-1947	7.0	7.0
-1946	8.0	5.0
-1945	5.0	9.0
-1944	6.0	10.0
-1943	3.0	8.0
-1942	15.0	7.0
-1941	7.0	3.0
-1940	5.0	4.0
-1939	4.0	6.0
-1938	7.0	7.0
-1937	8.0	4.0
-1936	6.0	3.0
-1935	9.0	3.0
-1934	14.0	4.0
-1933	4.0	6.0
-1932	3.0	3.0
-1931	6.0	7.0
-1930	5.0	4.0
-1929	3.0	8.0
-1928	3.0	6.0
-1927	3.0	7.0
-1926	8.0	8.0
-1925	7.0	6.0
-1924	4.0	7.0
-1923	4.0	7.0
-1922	7.0	7.0
-1921	3.0	7.0
-1920	5.0	5.0
-1919	10.0	5.0
-1918	9.0	5.0
-1917	6.0	4.0
-1916	4.0	7.0
-1915	6.0	1.0
-1914	9.0	4.0
-1913	7.0	7.0
-1912	7.0	11.0
-1911	4.0	5.0
-1910	5.0	7.0
-1909	8.0	5.0
-1908	1.0	5.0
-1907	7.0	9.0
-1906	8.0	6.0
-1905	8.0	8.0
-1904	3.0	6.0
-1903	10.0	5.0
-1902	5.0	7.0
-1901	2.0	6.0
-1900	6.0	8.0
-1899	5.0	4.0
-1898	4.0	6.0
-1897	5.0	6.0
-1896	6.0	9.0
-1895	10.0	3.0
-1894	6.0	6.0
-1893	6.0	4.0
-1892	6.0	6.0
-1891	5.0	7.0
-1890	8.0	6.0
-1889	8.0	8.0
-1888	5.0	5.0
-1887	7.0	5.0
-1886	3.0	5.0
-1885	5.0	4.0
-1884	8.0	8.0
-1883	6.0	6.0
-1882	5.0	8.0
-1881	9.0	7.0
-1880	7.0	6.0
-1879	5.0	6.0
-1878	8.0	4.0
-1877	6.0	7.0
-1876	1.0	8.0
-1875	2.0	7.0
-1874	5.0	6.0
-1873	9.0	7.0
-1872	6.0	8.0
-1871	5.0	4.0
-1870	11.0	14.0
-1869	4.0	6.0
-1868	5.0	5.0
-1867	9.0	7.0
-1866	7.0	14.0
-1865	6.0	8.0
-1864	2.0	3.0
-1863	10.0	7.0
-1862	8.0	7.0
-1861	3.0	4.0
-1860	5.0	6.0
-1859	8.0	3.0
-1858	6.0	4.0
-1857	7.0	3.0
-1856	4.0	7.0
-1855	12.0	6.0
-1854	6.0	7.0
-1853	7.0	6.0
-1852	2.0	9.0
-1851	3.0	5.0
-1850	6.0	5.0
-1849	6.0	4.0
-1848	6.0	8.0
-1847	6.0	12.0
-1846	3.0	13.0
-1845	5.0	6.0
-1844	7.0	6.0
-1843	3.0	6.0
-1842	10.0	10.0
-1841	9.0	7.0
-1840	5.0	8.0
-1839	6.0	5.0
-1838	5.0	11.0
-1837	5.0	7.0
-1836	3.0	2.0
-1835	4.0	4.0
-1834	10.0	5.0
-1833	8.0	7.0
-1832	8.0	9.0
-1831	7.0	5.0
-1830	10.0	4.0
-1829	5.0	6.0
-1828	4.0	5.0
-1827	8.0	6.0
-1826	8.0	4.0
-1825	7.0	7.0
-1824	10.0	9.0
-1823	6.0	8.0
-1822	10.0	7.0
-1821	6.0	3.0
-1820	3.0	9.0
-1819	8.0	5.0
-1818	7.0	3.0
-1817	4.0	5.0
-1816	3.0	8.0
-1815	7.0	9.0
-1814	2.0	5.0
-1813	7.0	6.0
-1812	9.0	9.0
-1811	5.0	9.0
-1810	5.0	4.0
-1809	4.0	4.0
-1808	1.0	10.0
-1807	7.0	6.0
-1806	5.0	7.0
-1805	5.0	6.0
-1804	10.0	6.0
-1803	7.0	5.0
-1802	7.0	2.0
-1801	4.0	8.0
-1800	8.0	5.0
-1799	11.0	5.0
-1798	9.0	8.0
-1797	4.0	11.0
-1796	7.0	5.0
-1795	4.0	6.0
-1794	8.0	8.0
-1793	10.0	5.0
-1792	10.0	7.0
-1791	10.0	1.0
-1790	5.0	7.0
-1789	6.0	6.0
-1788	5.0	8.0
-1787	4.0	6.0
-1786	5.0	5.0
-1785	10.0	7.0
-1784	6.0	8.0
-1783	7.0	7.0
-1782	4.0	3.0
-1781	2.0	9.0
-1780	4.0	7.0
-1779	1.0	8.0
-1778	7.0	7.0
-1777	5.0	10.0
-1776	6.0	3.0
-1775	8.0	7.0
-1774	6.0	5.0
-1773	9.0	3.0
-1772	7.0	3.0
-1771	5.0	3.0
-1770	7.0	10.0
-1769	8.0	4.0
-1768	4.0	7.0
-1767	5.0	9.0
-1766	3.0	3.0
-1765	7.0	8.0
-1764	4.0	8.0
-1763	6.0	8.0
-1762	6.0	10.0
-1761	2.0	6.0
-1760	6.0	5.0
-1759	4.0	7.0
-1758	9.0	7.0
-1757	6.0	8.0
-1756	8.0	5.0
-1755	7.0	8.0
-1754	8.0	7.0
-1753	5.0	10.0
-1752	4.0	5.0
-1751	8.0	10.0
-1750	8.0	6.0
-1749	5.0	4.0
-1748	5.0	3.0
-1747	4.0	6.0
-1746	5.0	5.0
-1745	7.0	8.0
-1744	4.0	10.0
-1743	6.0	10.0
-1742	6.0	8.0
-1741	6.0	8.0
-1740	7.0	7.0
-1739	4.0	2.0
-1738	6.0	8.0
-1737	4.0	7.0
-1736	5.0	7.0
-1735	1.0	6.0
-1734	6.0	2.0
-1733	6.0	9.0
-1732	8.0	6.0
-1731	9.0	2.0
-1730	5.0	7.0
-1729	4.0	6.0
-1728	7.0	10.0
-1727	6.0	8.0
-1726	7.0	3.0
-1725	4.0	7.0
-1724	3.0	3.0
-1723	5.0	4.0
-1722	6.0	5.0
-1721	4.0	4.0
-1720	10.0	5.0
-1719	7.0	7.0
-1718	6.0	7.0
-1717	5.0	3.0
-1716	11.0	5.0
-1715	2.0	8.0
-1714	3.0	5.0
-1713	6.0	5.0
-1712	12.0	10.0
-1711	3.0	10.0
-1710	4.0	9.0
-1709	7.0	4.0
-1708	12.0	4.0
-1707	4.0	3.0
-1706	8.0	3.0
-1705	7.0	8.0
-1704	5.0	7.0
-1703	7.0	4.0
-1702	1.0	10.0
-1701	3.0	3.0
-1700	2.0	4.0
-1699	9.0	8.0
-1698	7.0	4.0
-1697	2.0	6.0
-1696	5.0	6.0
-1695	11.0	5.0
-1694	7.0	4.0
-1693	5.0	4.0
-1692	8.0	10.0
-1691	5.0	6.0
-1690	8.0	6.0
-1689	3.0	9.0
-1688	5.0	2.0
-1687	6.0	2.0
-1686	7.0	5.0
-1685	8.0	6.0
-1684	5.0	6.0
-1683	4.0	2.0
-1682	10.0	9.0
-1681	7.0	9.0
-1680	3.0	7.0
-1679	8.0	5.0
-1678	3.0	4.0
-1677	4.0	5.0
-1676	4.0	8.0
-1675	5.0	3.0
-1674	5.0	5.0
-1673	11.0	4.0
-1672	3.0	5.0
-1671	2.0	5.0
-1670	7.0	4.0
-1669	5.0	5.0
-1668	5.0	3.0
-1667	5.0	7.0
-1666	3.0	8.0
-1665	8.0	6.0
-1664	6.0	7.0
-1663	7.0	9.0
-1662	8.0	6.0
-1661	4.0	5.0
-1660	3.0	5.0
-1659	5.0	4.0
-1658	4.0	7.0
-1657	2.0	6.0
-1656	7.0	8.0
-1655	8.0	9.0
-1654	3.0	4.0
-1653	7.0	7.0
-1652	4.0	7.0
-1651	5.0	8.0
-1650	8.0	8.0
-1649	8.0	10.0
-1648	7.0	6.0
-1647	7.0	4.0
-1646	6.0	9.0
-1645	6.0	7.0
-1644	11.0	3.0
-1643	4.0	7.0
-1642	6.0	3.0
-1641	9.0	7.0
-1640	6.0	6.0
-1639	1.0	6.0
-1638	7.0	4.0
-1637	6.0	0.0
-1636	3.0	5.0
-1635	8.0	5.0
-1634	12.0	7.0
-1633	6.0	7.0
-1632	5.0	2.0
-1631	4.0	4.0
-1630	9.0	2.0
-1629	6.0	5.0
-1628	6.0	3.0
-1627	5.0	5.0
-1626	1.0	9.0
-1625	4.0	6.0
-1624	3.0	5.0
-1623	9.0	3.0
-1622	5.0	9.0
-1621	5.0	4.0
-1620	5.0	7.0
-1619	7.0	3.0
-1618	5.0	3.0
-1617	4.0	4.0
-1616	7.0	7.0
-1615	7.0	3.0
-1614	6.0	7.0
-1613	5.0	4.0
-1612	1.0	4.0
-1611	2.0	4.0
-1610	6.0	6.0
-1609	4.0	6.0
-1608	2.0	4.0
-1607	6.0	4.0
-1606	5.0	5.0
-1605	7.0	4.0
-1604	5.0	5.0
-1603	8.0	7.0
-1602	5.0	5.0
-1601	7.0	4.0
-1600	4.0	15.0
-1599	5.0	10.0
-1598	9.0	2.0
-1597	6.0	9.0
-1596	4.0	8.0
-1595	7.0	5.0
-1594	5.0	6.0
-1593	9.0	3.0
-1592	4.0	4.0
-1591	6.0	7.0
-1590	6.0	1.0
-1589	8.0	9.0
-1588	6.0	7.0
-1587	7.0	6.0
-1586	5.0	6.0
-1585	3.0	8.0
-1584	5.0	5.0
-1583	6.0	2.0
-1582	5.0	4.0
-1581	6.0	6.0
-1580	6.0	6.0
-1579	4.0	4.0
-1578	4.0	3.0
-1577	8.0	5.0
-1576	5.0	5.0
-1575	3.0	6.0
-1574	3.0	7.0
-1573	13.0	8.0
-1572	9.0	7.0
-1571	8.0	1.0
-1570	7.0	8.0
-1569	6.0	6.0
-1568	7.0	6.0
-1567	8.0	5.0
-1566	9.0	4.0
-1565	5.0	7.0
-1564	6.0	2.0
-1563	7.0	8.0
-1562	6.0	8.0
-1561	7.0	2.0
-1560	6.0	3.0
-1559	9.0	4.0
-1558	7.0	2.0
-1557	8.0	4.0
-1556	10.0	5.0
-1555	12.0	3.0
-1554	8.0	7.0
-1553	6.0	6.0
-1552	6.0	6.0
-1551	6.0	7.0
-1550	5.0	10.0
-1549	10.0	6.0
-1548	5.0	4.0
-1547	10.0	10.0
-1546	6.0	8.0
-1545	5.0	6.0
-1544	6.0	5.0
-1543	4.0	6.0
-1542	5.0	2.0
-1541	5.0	3.0
-1540	6.0	4.0
-1539	10.0	4.0
-1538	7.0	5.0
-1537	10.0	8.0
-1536	7.0	4.0
-1535	10.0	9.0
-1534	6.0	7.0
-1533	7.0	3.0
-1532	2.0	11.0
-1531	9.0	5.0
-1530	7.0	8.0
-1529	9.0	5.0
-1528	8.0	9.0
-1527	7.0	10.0
-1526	5.0	8.0
-1525	7.0	8.0
-1524	6.0	6.0
-1523	7.0	11.0
-1522	8.0	9.0
-1521	5.0	5.0
-1520	6.0	12.0
-1519	4.0	5.0
-1518	4.0	3.0
-1517	3.0	4.0
-1516	9.0	9.0
-1515	10.0	15.0
-1514	5.0	6.0
-1513	5.0	6.0
-1512	5.0	8.0
-1511	8.0	4.0
-1510	8.0	6.0
-1509	11.0	3.0
-1508	7.0	10.0
-1507	10.0	7.0
-1506	7.0	11.0
-1505	9.0	2.0
-1504	6.0	5.0
-1503	10.0	2.0
-1502	6.0	8.0
-1501	7.0	4.0
-1500	9.0	5.0
-1499	5.0	7.0
-1498	7.0	2.0
-1497	5.0	11.0
-1496	7.0	11.0
-1495	7.0	8.0
-1494	12.0	8.0
-1493	6.0	7.0
-1492	9.0	7.0
-1491	5.0	7.0
-1490	4.0	7.0
-1489	4.0	10.0
-1488	2.0	3.0
-1487	8.0	7.0
-1486	2.0	2.0
-1485	8.0	7.0
-1484	6.0	2.0
-1483	4.0	8.0
-1482	7.0	9.0
-1481	6.0	10.0
-1480	7.0	6.0
-1479	6.0	7.0
-1478	9.0	4.0
-1477	9.0	6.0
-1476	8.0	5.0
-1475	7.0	5.0
-1474	5.0	6.0
-1473	5.0	6.0
-1472	5.0	5.0
-1471	8.0	8.0
-1470	3.0	8.0
-1469	9.0	3.0
-1468	6.0	1.0
-1467	5.0	7.0
-1466	8.0	8.0
-1465	8.0	4.0
-1464	5.0	5.0
-1463	3.0	6.0
-1462	7.0	6.0
-1461	6.0	5.0
-1460	9.0	7.0
-1459	11.0	9.0
-1458	11.0	4.0
-1457	2.0	7.0
-1456	3.0	6.0
-1455	5.0	7.0
-1454	9.0	9.0
-1453	7.0	4.0
-1452	7.0	4.0
-1451	7.0	5.0
-1450	10.0	5.0
-1449	8.0	5.0
-1448	7.0	9.0
-1447	5.0	4.0
-1446	5.0	7.0
-1445	11.0	9.0
-1444	8.0	6.0
-1443	7.0	3.0
-1442	6.0	4.0
-1441	4.0	8.0
-1440	6.0	4.0
-1439	7.0	10.0
-1438	7.0	7.0
-1437	6.0	10.0
-1436	7.0	4.0
-1435	6.0	6.0
-1434	7.0	5.0
-1433	5.0	10.0
-1432	7.0	7.0
-1431	4.0	6.0
-1430	5.0	5.0
-1429	4.0	7.0
-1428	10.0	3.0
-1427	8.0	3.0
-1426	5.0	8.0
-1425	9.0	10.0
-1424	7.0	2.0
-1423	2.0	5.0
-1422	5.0	7.0
-1421	5.0	4.0
-1420	5.0	7.0
-1419	7.0	7.0
-1418	8.0	10.0
-1417	8.0	7.0
-1416	5.0	6.0
-1415	3.0	5.0
-1414	7.0	5.0
-1413	5.0	10.0
-1412	9.0	1.0
-1411	7.0	3.0
-1410	12.0	5.0
-1409	9.0	5.0
-1408	6.0	9.0
-1407	0.0	7.0
-1406	6.0	7.0
-1405	7.0	5.0
-1404	4.0	6.0
-1403	5.0	4.0
-1402	2.0	7.0
-1401	6.0	5.0
-1400	4.0	7.0
-1399	2.0	4.0
-1398	10.0	4.0
-1397	8.0	4.0
-1396	5.0	6.0
-1395	9.0	10.0
-1394	5.0	6.0
-1393	9.0	11.0
-1392	6.0	4.0
-1391	9.0	8.0
-1390	6.0	4.0
-1389	7.0	2.0
-1388	7.0	2.0
-1387	2.0	10.0
-1386	4.0	8.0
-1385	4.0	7.0
-1384	5.0	6.0
-1383	3.0	8.0
-1382	9.0	3.0
-1381	7.0	6.0
-1380	8.0	4.0
-1379	3.0	8.0
-1378	8.0	10.0
-1377	5.0	3.0
-1376	3.0	5.0
-1375	8.0	9.0
-1374	9.0	4.0
-1373	11.0	8.0
-1372	8.0	7.0
-1371	11.0	9.0
-1370	6.0	5.0
-1369	6.0	5.0
-1368	5.0	6.0
-1367	15.0	4.0
-1366	7.0	3.0
-1365	9.0	8.0
-1364	5.0	6.0
-1363	7.0	7.0
-1362	5.0	6.0
-1361	7.0	10.0
-1360	7.0	7.0
-1359	5.0	9.0
-1358	10.0	9.0
-1357	6.0	5.0
-1356	8.0	6.0
-1355	6.0	7.0
-1354	2.0	8.0
-1353	9.0	4.0
-1352	9.0	3.0
-1351	8.0	3.0
-1350	8.0	3.0
-1349	10.0	8.0
-1348	10.0	7.0
-1347	3.0	6.0
-1346	6.0	5.0
-1345	9.0	7.0
-1344	6.0	6.0
-1343	15.0	6.0
-1342	10.0	10.0
-1341	11.0	13.0
-1340	10.0	7.0
-1339	3.0	4.0
-1338	1.0	3.0
-1337	12.0	7.0
-1336	8.0	6.0
-1335	6.0	10.0
-1334	8.0	5.0
-1333	5.0	8.0
-1332	2.0	6.0
-1331	9.0	5.0
-1330	9.0	9.0
-1329	8.0	9.0
-1328	9.0	8.0
-1327	7.0	4.0
-1326	5.0	11.0
-1325	11.0	5.0
-1324	3.0	7.0
-1323	4.0	7.0
-1322	11.0	6.0
-1321	7.0	9.0
-1320	3.0	8.0
-1319	7.0	3.0
-1318	4.0	6.0
-1317	5.0	7.0
-1316	5.0	5.0
-1315	7.0	9.0
-1314	5.0	6.0
-1313	10.0	5.0
-1312	11.0	10.0
-1311	5.0	4.0
-1310	7.0	8.0
-1309	6.0	5.0
-1308	7.0	7.0
-1307	8.0	9.0
-1306	6.0	5.0
-1305	8.0	8.0
-1304	10.0	4.0
-1303	6.0	7.0
-1302	4.0	8.0
-1301	7.0	4.0
-1300	4.0	8.0
-1299	10.0	2.0
-1298	7.0	7.0
-1297	6.0	2.0
-1296	5.0	12.0
-1295	9.0	7.0
-1294	4.0	13.0
-1293	10.0	6.0
-1292	7.0	3.0
-1291	11.0	8.0
-1290	2.0	6.0
-1289	7.0	10.0
-1288	13.0	9.0
-1287	8.0	5.0
-1286	8.0	6.0
-1285	4.0	6.0
-1284	4.0	5.0
-1283	4.0	5.0
-1282	7.0	10.0
-1281	18.0	16.0
-1280	4.0	9.0
-1279	9.0	10.0
-1278	11.0	8.0
-1277	12.0	7.0
-1276	9.0	5.0
-1275	3.0	9.0
-1274	8.0	3.0
-1273	9.0	2.0
-1272	7.0	12.0
-1271	7.0	3.0
-1270	6.0	6.0
-1269	7.0	2.0
-1268	7.0	7.0
-1267	6.0	7.0
-1266	4.0	6.0
-1265	9.0	9.0
-1264	3.0	5.0
-1263	8.0	9.0
-1262	6.0	5.0
-1261	6.0	7.0
-1260	10.0	5.0
-1259	2.0	7.0
-1258	10.0	6.0
-1257	8.0	5.0
-1256	8.0	9.0
-1255	13.0	9.0
-1254	5.0	8.0
-1253	7.0	6.0
-1252	2.0	11.0
-1251	11.0	4.0
-1250	11.0	10.0
-1249	5.0	3.0
-1248	8.0	11.0
-1247	14.0	8.0
-1246	6.0	3.0
-1245	8.0	7.0
-1244	11.0	4.0
-1243	7.0	5.0
-1242	4.0	6.0
-1241	6.0	7.0
-1240	11.0	6.0
-1239	8.0	4.0
-1238	6.0	2.0
-1237	9.0	5.0
-1236	6.0	4.0
-1235	6.0	7.0
-1234	8.0	11.0
-1233	13.0	5.0
-1232	1.0	10.0
-1231	9.0	10.0
-1230	8.0	7.0
-1229	8.0	11.0
-1228	9.0	4.0
-1227	9.0	6.0
-1226	13.0	2.0
-1225	6.0	11.0
-1224	10.0	11.0
-1223	7.0	8.0
-1222	5.0	7.0
-1221	9.0	4.0
-1220	12.0	6.0
-1219	5.0	8.0
-1218	4.0	4.0
-1217	6.0	5.0
-1216	7.0	5.0
-1215	5.0	5.0
-1214	2.0	1.0
-1213	6.0	6.0
-1212	6.0	7.0
-1211	13.0	5.0
-1210	10.0	5.0
-1209	6.0	7.0
-1208	7.0	6.0
-1207	7.0	7.0
-1206	7.0	6.0
-1205	10.0	6.0
-1204	8.0	10.0
-1203	5.0	6.0
-1202	6.0	8.0
-1201	2.0	6.0
-1200	4.0	11.0
-1199	3.0	7.0
-1198	7.0	8.0
-1197	7.0	7.0
-1196	5.0	5.0
-1195	8.0	8.0
-1194	8.0	5.0
-1193	6.0	7.0
-1192	4.0	5.0
-1191	8.0	8.0
-1190	6.0	5.0
-1189	8.0	0.0
-1188	6.0	6.0
-1187	8.0	8.0
-1186	7.0	14.0
-1185	6.0	6.0
-1184	8.0	7.0
-1183	6.0	11.0
-1182	10.0	8.0
-1181	9.0	4.0
-1180	10.0	8.0
-1179	7.0	5.0
-1178	6.0	10.0
-1177	10.0	4.0
-1176	5.0	12.0
-1175	11.0	6.0
-1174	6.0	7.0
-1173	8.0	10.0
-1172	6.0	8.0
-1171	7.0	10.0
-1170	4.0	9.0
-1169	7.0	6.0
-1168	5.0	6.0
-1167	6.0	5.0
-1166	7.0	6.0
-1165	4.0	3.0
-1164	7.0	6.0
-1163	2.0	8.0
-1162	10.0	6.0
-1161	11.0	9.0
-1160	6.0	11.0
-1159	8.0	8.0
-1158	4.0	6.0
-1157	9.0	6.0
-1156	11.0	10.0
-1155	12.0	13.0
-1154	8.0	12.0
-1153	3.0	8.0
-1152	5.0	3.0
-1151	6.0	12.0
-1150	8.0	6.0
-1149	7.0	9.0
-1148	6.0	3.0
-1147	4.0	9.0
-1146	11.0	5.0
-1145	11.0	8.0
-1144	6.0	5.0
-1143	8.0	8.0
-1142	8.0	9.0
-1141	5.0	9.0
-1140	9.0	6.0
-1139	14.0	4.0
-1138	5.0	8.0
-1137	16.0	7.0
-1136	7.0	8.0
-1135	10.0	5.0
-1134	6.0	10.0
-1133	12.0	7.0
-1132	5.0	3.0
-1131	7.0	3.0
-1130	11.0	5.0
-1129	9.0	12.0
-1128	8.0	6.0
-1127	7.0	4.0
-1126	9.0	10.0
-1125	11.0	6.0
-1124	7.0	3.0
-1123	9.0	9.0
-1122	10.0	12.0
-1121	4.0	6.0
-1120	7.0	9.0
-1119	10.0	4.0
-1118	5.0	8.0
-1117	7.0	7.0
-1116	6.0	5.0
-1115	8.0	8.0
-1114	6.0	5.0
-1113	11.0	5.0
-1112	8.0	3.0
-1111	6.0	7.0
-1110	4.0	10.0
-1109	13.0	4.0
-1108	6.0	5.0
-1107	4.0	7.0
-1106	8.0	9.0
-1105	8.0	5.0
-1104	10.0	10.0
-1103	10.0	8.0
-1102	7.0	5.0
-1101	7.0	9.0
-1100	6.0	9.0
-1099	5.0	8.0
-1098	6.0	10.0
-1097	4.0	5.0
-1096	5.0	3.0
-1095	8.0	6.0
-1094	19.0	7.0
-1093	7.0	8.0
-1092	8.0	5.0
-1091	9.0	1.0
-1090	5.0	5.0
-1089	4.0	6.0
-1088	10.0	6.0
-1087	7.0	7.0
-1086	5.0	6.0
-1085	8.0	6.0
-1084	7.0	11.0
-1083	6.0	6.0
-1082	4.0	14.0
-1081	12.0	7.0
-1080	11.0	8.0
-1079	11.0	8.0
-1078	7.0	4.0
-1077	6.0	9.0
-1076	8.0	5.0
-1075	10.0	9.0
-1074	4.0	4.0
-1073	5.0	8.0
-1072	5.0	6.0
-1071	8.0	6.0
-1070	5.0	8.0
-1069	11.0	1.0
-1068	8.0	5.0
-1067	8.0	6.0
-1066	9.0	6.0
-1065	13.0	11.0
-1064	7.0	6.0
-1063	13.0	8.0
-1062	9.0	5.0
-1061	6.0	8.0
-1060	6.0	7.0
-1059	6.0	13.0
-1058	6.0	6.0
-1057	6.0	5.0
-1056	5.0	8.0
-1055	6.0	9.0
-1054	2.0	9.0
-1053	5.0	10.0
-1052	7.0	9.0
-1051	7.0	4.0
-1050	12.0	12.0
-1049	9.0	8.0
-1048	2.0	10.0
-1047	9.0	10.0
-1046	7.0	12.0
-1045	9.0	11.0
-1044	9.0	7.0
-1043	6.0	8.0
-1042	10.0	6.0
-1041	6.0	5.0
-1040	8.0	9.0
-1039	8.0	3.0
-1038	5.0	9.0
-1037	7.0	7.0
-1036	5.0	8.0
-1035	8.0	7.0
-1034	5.0	6.0
-1033	7.0	7.0
-1032	8.0	4.0
-1031	12.0	7.0
-1030	10.0	6.0
-1029	10.0	5.0
-1028	6.0	8.0
-1027	9.0	5.0
-1026	8.0	13.0
-1025	9.0	6.0
-1024	9.0	4.0
-1023	11.0	5.0
-1022	6.0	7.0
-1021	11.0	6.0
-1020	4.0	7.0
-1019	7.0	7.0
-1018	13.0	7.0
-1017	7.0	9.0
-1016	8.0	8.0
-1015	11.0	8.0
-1014	4.0	10.0
-1013	6.0	9.0
-1012	10.0	10.0
-1011	11.0	6.0
-1010	13.0	7.0
-1009	5.0	5.0
-1008	10.0	8.0
-1007	7.0	9.0
-1006	9.0	5.0
-1005	7.0	7.0
-1004	4.0	11.0
-1003	1.0	12.0
-1002	8.0	5.0
-1001	6.0	10.0
-1000	4.0	10.0
-999	6.0	6.0
-998	8.0	6.0
-997	3.0	7.0
-996	4.0	6.0
-995	4.0	8.0
-994	6.0	4.0
-993	12.0	12.0
-992	10.0	8.0
-991	10.0	10.0
-990	5.0	7.0
-989	8.0	10.0
-988	2.0	10.0
-987	4.0	9.0
-986	3.0	4.0
-985	5.0	7.0
-984	9.0	14.0
-983	7.0	7.0
-982	2.0	5.0
-981	6.0	9.0
-980	8.0	3.0
-979	14.0	5.0
-978	6.0	7.0
-977	10.0	6.0
-976	8.0	2.0
-975	11.0	9.0
-974	7.0	3.0
-973	12.0	10.0
-972	6.0	11.0
-971	8.0	7.0
-970	3.0	10.0
-969	10.0	2.0
-968	5.0	6.0
-967	6.0	8.0
-966	9.0	16.0
-965	7.0	6.0
-964	12.0	5.0
-963	4.0	10.0
-962	9.0	3.0
-961	6.0	8.0
-960	7.0	6.0
-959	6.0	7.0
-958	8.0	6.0
-957	10.0	7.0
-956	7.0	8.0
-955	4.0	7.0
-954	6.0	6.0
-953	7.0	7.0
-952	3.0	9.0
-951	12.0	12.0
-950	4.0	6.0
-949	10.0	6.0
-948	6.0	13.0
-947	5.0	6.0
-946	5.0	4.0
-945	11.0	11.0
-944	7.0	5.0
-943	11.0	8.0
-942	6.0	10.0
-941	7.0	6.0
-940	6.0	7.0
-939	5.0	12.0
-938	6.0	9.0
-937	7.0	10.0
-936	13.0	6.0
-935	9.0	6.0
-934	7.0	5.0
-933	4.0	6.0
-932	8.0	8.0
-931	11.0	10.0
-930	4.0	7.0
-929	6.0	5.0
-928	6.0	11.0
-927	4.0	11.0
-926	7.0	4.0
-925	5.0	8.0
-924	4.0	5.0
-923	6.0	9.0
-922	3.0	7.0
-921	6.0	4.0
-920	10.0	8.0
-919	9.0	6.0
-918	11.0	7.0
-917	12.0	6.0
-916	7.0	7.0
-915	9.0	13.0
-914	3.0	11.0
-913	8.0	5.0
-912	15.0	11.0
-911	6.0	9.0
-910	5.0	9.0
-909	9.0	9.0
-908	2.0	8.0
-907	10.0	10.0
-906	7.0	6.0
-905	6.0	8.0
-904	7.0	10.0
-903	7.0	8.0
-902	6.0	6.0
-901	8.0	5.0
-900	7.0	6.0
-899	7.0	6.0
-898	5.0	9.0
-897	7.0	8.0
-896	7.0	6.0
-895	12.0	8.0
-894	13.0	11.0
-893	4.0	3.0
-892	5.0	6.0
-891	6.0	9.0
-890	7.0	5.0
-889	6.0	10.0
-888	14.0	5.0
-887	4.0	1.0
-886	5.0	6.0
-885	4.0	5.0
-884	7.0	9.0
-883	14.0	7.0
-882	7.0	10.0
-881	6.0	11.0
-880	11.0	9.0
-879	11.0	9.0
-878	8.0	8.0
-877	5.0	4.0
-876	6.0	11.0
-875	8.0	8.0
-874	5.0	8.0
-873	5.0	6.0
-872	9.0	8.0
-871	5.0	6.0
-870	7.0	10.0
-869	8.0	8.0
-868	9.0	12.0
-867	4.0	5.0
-866	6.0	7.0
-865	14.0	10.0
-864	8.0	7.0
-863	5.0	12.0
-862	15.0	10.0
-861	7.0	9.0
-860	6.0	8.0
-859	8.0	13.0
-858	12.0	10.0
-857	8.0	4.0
-856	6.0	4.0
-855	5.0	10.0
-854	12.0	5.0
-853	8.0	7.0
-852	5.0	6.0
-851	8.0	6.0
-850	6.0	7.0
-849	10.0	3.0
-848	8.0	7.0
-847	9.0	6.0
-846	8.0	6.0
-845	11.0	10.0
-844	7.0	6.0
-843	9.0	8.0
-842	5.0	6.0
-841	6.0	4.0
-840	6.0	5.0
-839	4.0	8.0
-838	5.0	10.0
-837	9.0	10.0
-836	6.0	4.0
-835	6.0	7.0
-834	5.0	6.0
-833	5.0	10.0
-832	12.0	10.0
-831	9.0	11.0
-830	7.0	6.0
-829	9.0	5.0
-828	7.0	10.0
-827	7.0	15.0
-826	5.0	8.0
-825	10.0	6.0
-824	6.0	9.0
-823	6.0	18.0
-822	6.0	4.0
-821	7.0	9.0
-820	8.0	9.0
-819	3.0	6.0
-818	8.0	9.0
-817	5.0	8.0
-816	7.0	5.0
-815	7.0	6.0
-814	12.0	10.0
-813	4.0	1.0
-812	7.0	8.0
-811	4.0	11.0
-810	4.0	13.0
-809	7.0	8.0
-808	5.0	9.0
-807	5.0	8.0
-806	8.0	7.0
-805	6.0	6.0
-804	6.0	9.0
-803	8.0	6.0
-802	7.0	10.0
-801	5.0	5.0
-800	6.0	10.0
-799	11.0	6.0
-798	4.0	4.0
-797	10.0	8.0
-796	9.0	6.0
-795	3.0	4.0
-794	9.0	10.0
-793	7.0	6.0
-792	3.0	7.0
-791	9.0	10.0
-790	9.0	8.0
-789	11.0	3.0
-788	11.0	8.0
-787	9.0	7.0
-786	7.0	6.0
-785	9.0	10.0
-784	8.0	6.0
-783	5.0	8.0
-782	7.0	7.0
-781	7.0	6.0
-780	7.0	9.0
-779	7.0	3.0
-778	4.0	7.0
-777	10.0	7.0
-776	10.0	6.0
-775	6.0	9.0
-774	10.0	3.0
-773	3.0	1.0
-772	3.0	5.0
-771	7.0	6.0
-770	8.0	8.0
-769	11.0	3.0
-768	6.0	6.0
-767	5.0	7.0
-766	7.0	12.0
-765	6.0	7.0
-764	6.0	4.0
-763	7.0	8.0
-762	13.0	9.0
-761	5.0	11.0
-760	10.0	8.0
-759	10.0	8.0
-758	5.0	8.0
-757	5.0	7.0
-756	8.0	11.0
-755	7.0	6.0
-754	9.0	7.0
-753	5.0	3.0
-752	4.0	10.0
-751	7.0	7.0
-750	1.0	8.0
-749	12.0	7.0
-748	8.0	8.0
-747	5.0	6.0
-746	9.0	3.0
-745	8.0	8.0
-744	5.0	5.0
-743	14.0	6.0
-742	7.0	11.0
-741	9.0	9.0
-740	5.0	5.0
-739	6.0	5.0
-738	9.0	6.0
-737	8.0	4.0
-736	9.0	7.0
-735	8.0	6.0
-734	4.0	5.0
-733	14.0	11.0
-732	12.0	6.0
-731	8.0	9.0
-730	12.0	4.0
-729	8.0	6.0
-728	8.0	5.0
-727	7.0	9.0
-726	4.0	4.0
-725	9.0	8.0
-724	5.0	6.0
-723	9.0	16.0
-722	3.0	7.0
-721	6.0	2.0
-720	6.0	6.0
-719	3.0	9.0
-718	6.0	3.0
-717	10.0	6.0
-716	7.0	7.0
-715	7.0	9.0
-714	10.0	7.0
-713	7.0	6.0
-712	9.0	8.0
-711	10.0	8.0
-710	9.0	6.0
-709	8.0	8.0
-708	7.0	6.0
-707	11.0	10.0
-706	5.0	7.0
-705	6.0	9.0
-704	4.0	8.0
-703	7.0	2.0
-702	6.0	7.0
-701	9.0	7.0
-700	7.0	8.0
-699	10.0	9.0
-698	7.0	7.0
-697	12.0	7.0
-696	6.0	6.0
-695	4.0	10.0
-694	7.0	9.0
-693	4.0	7.0
-692	10.0	6.0
-691	7.0	10.0
-690	6.0	6.0
-689	9.0	5.0
-688	8.0	11.0
-687	6.0	8.0
-686	10.0	9.0
-685	5.0	7.0
-684	9.0	7.0
-683	6.0	2.0
-682	10.0	9.0
-681	3.0	6.0
-680	10.0	11.0
-679	8.0	10.0
-678	7.0	7.0
-677	7.0	11.0
-676	9.0	11.0
-675	8.0	7.0
-674	7.0	5.0
-673	12.0	8.0
-672	5.0	10.0
-671	7.0	6.0
-670	6.0	11.0
-669	5.0	9.0
-668	3.0	10.0
-667	6.0	10.0
-666	5.0	8.0
-665	7.0	7.0
-664	4.0	10.0
-663	8.0	4.0
-662	12.0	3.0
-661	6.0	10.0
-660	8.0	10.0
-659	10.0	9.0
-658	5.0	9.0
-657	5.0	13.0
-656	3.0	7.0
-655	4.0	6.0
-654	11.0	14.0
-653	9.0	9.0
-652	3.0	10.0
-651	5.0	11.0
-650	3.0	9.0
-649	8.0	3.0
-648	6.0	2.0
-647	8.0	11.0
-646	7.0	11.0
-645	7.0	13.0
-644	7.0	10.0
-643	8.0	9.0
-642	6.0	8.0
-641	4.0	8.0
-640	6.0	5.0
-639	7.0	7.0
-638	7.0	12.0
-637	10.0	8.0
-636	8.0	10.0
-635	7.0	9.0
-634	7.0	7.0
-633	5.0	8.0
-632	8.0	9.0
-631	5.0	5.0
-630	6.0	3.0
-629	10.0	6.0
-628	11.0	6.0
-627	7.0	6.0
-626	6.0	8.0
-625	7.0	4.0
-624	6.0	11.0
-623	6.0	5.0
-622	8.0	10.0
-621	7.0	6.0
-620	9.0	6.0
-619	2.0	7.0
-618	7.0	7.0
-617	8.0	9.0
-616	8.0	10.0
-615	7.0	8.0
-614	5.0	11.0
-613	8.0	4.0
-612	3.0	7.0
-611	7.0	10.0
-610	11.0	7.0
-609	7.0	6.0
-608	12.0	6.0
-607	5.0	7.0
-606	5.0	7.0
-605	8.0	9.0
-604	5.0	6.0
-603	9.0	9.0
-602	10.0	10.0
-601	6.0	4.0
-600	5.0	10.0
-599	9.0	4.0
-598	10.0	6.0
-597	11.0	8.0
-596	13.0	13.0
-595	5.0	7.0
-594	9.0	7.0
-593	4.0	6.0
-592	12.0	5.0
-591	6.0	8.0
-590	11.0	2.0
-589	12.0	6.0
-588	6.0	10.0
-587	8.0	5.0
-586	8.0	8.0
-585	7.0	5.0
-584	10.0	9.0
-583	8.0	3.0
-582	8.0	8.0
-581	5.0	8.0
-580	4.0	4.0
-579	10.0	6.0
-578	9.0	8.0
-577	7.0	6.0
-576	6.0	5.0
-575	10.0	6.0
-574	8.0	8.0
-573	6.0	7.0
-572	10.0	6.0
-571	9.0	8.0
-570	7.0	9.0
-569	2.0	9.0
-568	10.0	9.0
-567	6.0	3.0
-566	6.0	6.0
-565	8.0	9.0
-564	9.0	3.0
-563	8.0	6.0
-562	12.0	8.0
-561	5.0	3.0
-560	6.0	7.0
-559	15.0	12.0
-558	12.0	4.0
-557	5.0	4.0
-556	11.0	5.0
-555	8.0	7.0
-554	12.0	6.0
-553	7.0	3.0
-552	2.0	4.0
-551	9.0	5.0
-550	4.0	4.0
-549	9.0	5.0
-548	6.0	2.0
-547	8.0	11.0
-546	6.0	9.0
-545	5.0	5.0
-544	5.0	4.0
-543	9.0	6.0
-542	6.0	11.0
-541	9.0	8.0
-540	10.0	6.0
-539	13.0	6.0
-538	7.0	3.0
-537	10.0	6.0
-536	5.0	10.0
-535	4.0	8.0
-534	14.0	4.0
-533	12.0	5.0
-532	7.0	3.0
-531	7.0	7.0
-530	6.0	10.0
-529	9.0	13.0
-528	6.0	3.0
-527	8.0	4.0
-526	6.0	6.0
-525	10.0	7.0
-524	9.0	5.0
-523	10.0	3.0
-522	11.0	3.0
-521	10.0	8.0
-520	11.0	10.0
-519	7.0	5.0
-518	3.0	9.0
-517	3.0	7.0
-516	9.0	10.0
-515	11.0	9.0
-514	14.0	2.0
-513	7.0	4.0
-512	9.0	10.0
-511	11.0	3.0
-510	9.0	9.0
-509	10.0	7.0
-508	7.0	7.0
-507	13.0	12.0
-506	5.0	7.0
-505	3.0	6.0
-504	12.0	6.0
-503	6.0	7.0
-502	9.0	9.0
-501	6.0	9.0
-500	6.0	8.0
-499	14.0	11.0
-498	8.0	8.0
-497	12.0	8.0
-496	14.0	8.0
-495	11.0	6.0
-494	12.0	6.0
-493	6.0	6.0
-492	6.0	8.0
-491	6.0	10.0
-490	12.0	6.0
-489	6.0	10.0
-488	4.0	8.0
-487	8.0	5.0
-486	5.0	6.0
-485	8.0	3.0
-484	10.0	3.0
-483	3.0	6.0
-482	8.0	6.0
-481	6.0	11.0
-480	8.0	9.0
-479	5.0	8.0
-478	5.0	13.0
-477	4.0	7.0
-476	6.0	9.0
-475	7.0	4.0
-474	5.0	9.0
-473	11.0	10.0
-472	13.0	6.0
-471	7.0	7.0
-470	6.0	9.0
-469	7.0	5.0
-468	8.0	8.0
-467	14.0	10.0
-466	7.0	6.0
-465	8.0	7.0
-464	10.0	6.0
-463	11.0	6.0
-462	9.0	5.0
-461	9.0	12.0
-460	8.0	13.0
-459	11.0	8.0
-458	9.0	7.0
-457	13.0	14.0
-456	7.0	7.0
-455	11.0	8.0
-454	6.0	15.0
-453	3.0	7.0
-452	8.0	13.0
-451	4.0	10.0
-450	7.0	4.0
-449	9.0	3.0
-448	10.0	7.0
-447	14.0	4.0
-446	8.0	11.0
-445	11.0	11.0
-444	11.0	12.0
-443	3.0	9.0
-442	7.0	9.0
-441	10.0	8.0
-440	10.0	6.0
-439	10.0	8.0
-438	16.0	6.0
-437	12.0	3.0
-436	8.0	9.0
-435	20.0	3.0
-434	12.0	8.0
-433	9.0	11.0
-432	9.0	10.0
-431	10.0	6.0
-430	9.0	3.0
-429	18.0	9.0
-428	9.0	8.0
-427	15.0	8.0
-426	23.0	2.0
-425	8.0	6.0
-424	16.0	11.0
-423	3.0	14.0
-422	8.0	4.0
-421	14.0	7.0
-420	9.0	2.0
-419	9.0	9.0
-418	5.0	5.0
-417	9.0	10.0
-416	16.0	5.0
-415	5.0	3.0
-414	12.0	3.0
-413	7.0	14.0
-412	10.0	5.0
-411	13.0	9.0
-410	8.0	5.0
-409	12.0	11.0
-408	10.0	6.0
-407	13.0	6.0
-406	8.0	10.0
-405	10.0	9.0
-404	8.0	4.0
-403	8.0	8.0
-402	10.0	11.0
-401	9.0	9.0
-400	10.0	12.0
-399	10.0	13.0
-398	12.0	5.0
-397	14.0	3.0
-396	13.0	10.0
-395	12.0	8.0
-394	10.0	5.0
-393	12.0	9.0
-392	10.0	8.0
-391	11.0	13.0
-390	6.0	4.0
-389	11.0	4.0
-388	10.0	7.0
-387	8.0	6.0
-386	15.0	5.0
-385	7.0	4.0
-384	9.0	7.0
-383	15.0	14.0
-382	15.0	17.0
-381	7.0	9.0
-380	7.0	11.0
-379	9.0	6.0
-378	7.0	7.0
-377	10.0	5.0
-376	11.0	10.0
-375	12.0	7.0
-374	10.0	16.0
-373	10.0	13.0
-372	11.0	5.0
-371	8.0	13.0
-370	6.0	8.0
-369	8.0	10.0
-368	12.0	3.0
-367	11.0	7.0
-366	12.0	11.0
-365	3.0	8.0
-364	10.0	9.0
-363	10.0	5.0
-362	5.0	9.0
-361	14.0	12.0
-360	7.0	10.0
-359	6.0	5.0
-358	8.0	5.0
-357	10.0	5.0
-356	14.0	6.0
-355	8.0	9.0
-354	15.0	5.0
-353	10.0	8.0
-352	9.0	12.0
-351	10.0	9.0
-350	9.0	9.0
-349	12.0	6.0
-348	13.0	15.0
-347	7.0	13.0
-346	11.0	10.0
-345	15.0	8.0
-344	8.0	9.0
-343	8.0	13.0
-342	7.0	6.0
-341	7.0	7.0
-340	4.0	10.0
-339	6.0	7.0
-338	17.0	6.0
-337	5.0	6.0
-336	9.0	14.0
-335	8.0	9.0
-334	10.0	8.0
-333	12.0	12.0
-332	9.0	8.0
-331	9.0	6.0
-330	10.0	13.0
-329	9.0	3.0
-328	12.0	15.0
-327	7.0	8.0
-326	6.0	10.0
-325	15.0	11.0
-324	9.0	5.0
-323	14.0	8.0
-322	5.0	7.0
-321	8.0	15.0
-320	14.0	10.0
-319	6.0	8.0
-318	6.0	7.0
-317	12.0	9.0
-316	15.0	9.0
-315	10.0	5.0
-314	4.0	9.0
-313	10.0	12.0
-312	12.0	14.0
-311	12.0	6.0
-310	10.0	12.0
-309	7.0	5.0
-308	11.0	12.0
-307	12.0	13.0
-306	10.0	10.0
-305	10.0	8.0
-304	9.0	9.0
-303	10.0	13.0
-302	8.0	7.0
-301	10.0	8.0
-300	8.0	13.0
-299	7.0	10.0
-298	5.0	7.0
-297	8.0	8.0
-296	6.0	7.0
-295	13.0	16.0
-294	10.0	12.0
-293	11.0	13.0
-292	9.0	10.0
-291	15.0	10.0
-290	13.0	8.0
-289	7.0	11.0
-288	10.0	5.0
-287	13.0	7.0
-286	8.0	10.0
-285	9.0	5.0
-284	19.0	8.0
-283	13.0	5.0
-282	11.0	10.0
-281	13.0	9.0
-280	5.0	14.0
-279	19.0	6.0
-278	13.0	6.0
-277	21.0	7.0
-276	9.0	9.0
-275	10.0	7.0
-274	10.0	14.0
-273	8.0	10.0
-272	22.0	10.0
-271	15.0	14.0
-270	8.0	10.0
-269	13.0	13.0
-268	14.0	7.0
-267	15.0	13.0
-266	12.0	7.0
-265	13.0	4.0
-264	19.0	9.0
-263	11.0	9.0
-262	12.0	7.0
-261	16.0	7.0
-260	8.0	4.0
-259	10.0	9.0
-258	12.0	6.0
-257	15.0	11.0
-256	12.0	11.0
-255	10.0	7.0
-254	9.0	13.0
-253	7.0	8.0
-252	9.0	12.0
-251	12.0	15.0
-250	5.0	5.0
-249	15.0	8.0
-248	20.0	8.0
-247	10.0	10.0
-246	16.0	4.0
-245	15.0	8.0
-244	14.0	11.0
-243	21.0	6.0
-242	17.0	9.0
-241	7.0	7.0
-240	13.0	10.0
-239	12.0	13.0
-238	10.0	8.0
-237	16.0	7.0
-236	10.0	7.0
-235	12.0	7.0
-234	17.0	8.0
-233	17.0	6.0
-232	10.0	9.0
-231	8.0	10.0
-230	15.0	7.0
-229	20.0	7.0
-228	17.0	13.0
-227	14.0	6.0
-226	13.0	9.0
-225	7.0	10.0
-224	14.0	7.0
-223	9.0	10.0
-222	7.0	14.0
-221	12.0	11.0
-220	12.0	11.0
-219	18.0	6.0
-218	12.0	7.0
-217	22.0	9.0
-216	15.0	5.0
-215	19.0	13.0
-214	18.0	14.0
-213	10.0	4.0
-212	12.0	9.0
-211	8.0	12.0
-210	7.0	10.0
-209	15.0	7.0
-208	12.0	10.0
-207	13.0	6.0
-206	10.0	4.0
-205	7.0	11.0
-204	17.0	14.0
-203	11.0	15.0
-202	9.0	4.0
-201	21.0	5.0
-200	11.0	12.0
-199	12.0	11.0
-198	5.0	14.0
-197	11.0	9.0
-196	9.0	10.0
-195	18.0	11.0
-194	9.0	10.0
-193	9.0	12.0
-192	8.0	8.0
-191	12.0	12.0
-190	29.0	7.0
-189	12.0	12.0
-188	18.0	5.0
-187	11.0	13.0
-186	18.0	7.0
-185	18.0	12.0
-184	13.0	6.0
-183	23.0	5.0
-182	17.0	14.0
-181	14.0	8.0
-180	20.0	11.0
-179	16.0	7.0
-178	10.0	13.0
-177	15.0	10.0
-176	12.0	12.0
-175	19.0	7.0
-174	16.0	5.0
-173	12.0	9.0
-172	25.0	11.0
-171	15.0	12.0
-170	23.0	13.0
-169	15.0	11.0
-168	21.0	7.0
-167	19.0	11.0
-166	27.0	8.0
-165	14.0	7.0
-164	20.0	8.0
-163	17.0	7.0
-162	17.0	17.0
-161	17.0	11.0
-160	10.0	6.0
-159	16.0	14.0
-158	19.0	10.0
-157	20.0	10.0
-156	19.0	10.0
-155	19.0	11.0
-154	12.0	17.0
-153	22.0	13.0
-152	28.0	12.0
-151	16.0	9.0
-150	11.0	14.0
-149	12.0	16.0
-148	16.0	8.0
-147	18.0	8.0
-146	13.0	12.0
-145	18.0	10.0
-144	19.0	13.0
-143	16.0	17.0
-142	22.0	10.0
-141	17.0	10.0
-140	13.0	9.0
-139	23.0	9.0
-138	16.0	11.0
-137	22.0	10.0
-136	14.0	12.0
-135	20.0	9.0
-134	24.0	11.0
-133	13.0	9.0
-132	26.0	8.0
-131	17.0	11.0
-130	22.0	10.0
-129	16.0	10.0
-128	20.0	14.0
-127	19.0	13.0
-126	11.0	15.0
-125	13.0	12.0
-124	17.0	11.0
-123	21.0	8.0
-122	20.0	14.0
-121	15.0	12.0
-120	21.0	13.0
-119	17.0	17.0
-118	19.0	11.0
-117	21.0	9.0
-116	13.0	15.0
-115	24.0	4.0
-114	22.0	10.0
-113	37.0	19.0
-112	28.0	15.0
-111	22.0	7.0
-110	13.0	20.0
-109	12.0	7.0
-108	16.0	19.0
-107	16.0	17.0
-106	26.0	11.0
-105	25.0	13.0
-104	22.0	13.0
-103	18.0	16.0
-102	29.0	11.0
-101	20.0	13.0
-100	24.0	10.0
-99	21.0	12.0
-98	23.0	17.0
-97	13.0	17.0
-96	15.0	11.0
-95	10.0	11.0
-94	19.0	23.0
-93	22.0	6.0
-92	22.0	12.0
-91	17.0	11.0
-90	24.0	7.0
-89	16.0	7.0
-88	22.0	9.0
-87	23.0	10.0
-86	18.0	11.0
-85	19.0	11.0
-84	24.0	16.0
-83	33.0	12.0
-82	21.0	12.0
-81	11.0	10.0
-80	23.0	8.0
-79	19.0	11.0
-78	25.0	11.0
-77	26.0	11.0
-76	14.0	15.0
-75	26.0	15.0
-74	21.0	15.0
-73	20.0	9.0
-72	27.0	11.0
-71	12.0	14.0
-70	27.0	16.0
-69	26.0	17.0
-68	20.0	13.0
-67	19.0	13.0
-66	18.0	9.0
-65	20.0	10.0
-64	14.0	14.0
-63	31.0	15.0
-62	20.0	14.0
-61	22.0	11.0
-60	29.0	14.0
-59	27.0	16.0
-58	19.0	19.0
-57	21.0	17.0
-56	20.0	13.0
-55	20.0	16.0
-54	27.0	13.0
-53	14.0	15.0
-52	29.0	14.0
-51	18.0	19.0
-50	33.0	15.0
-49	25.0	20.0
-48	21.0	16.0
-47	22.0	15.0
-46	23.0	21.0
-45	24.0	19.0
-44	19.0	12.0
-43	27.0	21.0
-42	23.0	11.0
-41	21.0	14.0
-40	28.0	21.0
-39	30.0	12.0
-38	24.0	16.0
-37	27.0	22.0
-36	27.0	23.0
-35	31.0	13.0
-34	29.0	16.0
-33	33.0	21.0
-32	28.0	18.0
-31	37.0	19.0
-30	25.0	18.0
-29	26.0	16.0
-28	26.0	16.0
-27	23.0	8.0
-26	29.0	21.0
-25	30.0	22.0
-24	26.0	16.0
-23	29.0	15.0
-22	29.0	12.0
-21	23.0	19.0
-20	22.0	32.0
-19	26.0	14.0
-18	30.0	29.0
-17	29.0	26.0
-16	30.0	13.0
-15	32.0	19.0
-14	38.0	25.0
-13	31.0	13.0
-12	22.0	15.0
-11	27.0	17.0
-10	38.0	22.0
-9	19.0	16.0
-8	30.0	14.0
-7	32.0	20.0
-6	17.0	22.0
-5	38.0	18.0
-4	16.0	17.0
-3	25.0	14.0
-2	44.0	21.0
-1	26.0	11.0
0	71.0	24.0
1	29.0	22.0
2	32.0	14.0
3	22.0	25.0
4	29.0	13.0
5	48.0	12.0
6	27.0	13.0
7	40.0	12.0
8	30.0	59.0
9	37.0	13.0
10	29.0	26.0
11	38.0	10.0
12	30.0	17.0
13	31.0	23.0
14	33.0	14.0
15	29.0	29.0
16	27.0	21.0
17	22.0	16.0
18	24.0	16.0
19	44.0	21.0
20	28.0	19.0
21	28.0	17.0
22	33.0	26.0
23	26.0	29.0
24	27.0	26.0
25	32.0	21.0
26	32.0	15.0
27	23.0	24.0
28	29.0	26.0
29	30.0	25.0
30	22.0	16.0
31	38.0	28.0
32	21.0	13.0
33	38.0	26.0
34	17.0	26.0
35	29.0	226.0
36	30.0	317.0
37	14.0	370.0
38	25.0	479.0
39	21.0	501.0
40	21.0	536.0
41	29.0	543.0
42	21.0	571.0
43	23.0	624.0
44	22.0	591.0
45	31.0	603.0
46	22.0	580.0
47	18.0	532.0
48	26.0	555.0
49	14.0	597.0
50	17.0	652.0
51	23.0	638.0
52	32.0	631.0
53	21.0	675.0
54	25.0	687.0
55	13.0	628.0
56	25.0	603.0
57	24.0	570.0
58	24.0	598.0
59	25.0	582.0
60	22.0	685.0
61	26.0	651.0
62	29.0	623.0
63	19.0	666.0
64	25.0	644.0
65	15.0	647.0
66	25.0	617.0
67	21.0	589.0
68	25.0	494.0
69	20.0	519.0
70	17.0	576.0
71	14.0	551.0
72	18.0	607.0
73	25.0	619.0
74	29.0	637.0
75	12.0	638.0
76	19.0	579.0
77	16.0	512.0
78	20.0	539.0
79	29.0	533.0
80	22.0	508.0
81	25.0	564.0
82	18.0	551.0
83	25.0	543.0
84	18.0	515.0
85	24.0	507.0
86	18.0	534.0
87	26.0	504.0
88	17.0	483.0
89	17.0	477.0
90	18.0	458.0
91	19.0	470.0
92	28.0	473.0
93	18.0	502.0
94	15.0	474.0
95	20.0	486.0
96	25.0	456.0
97	22.0	404.0
98	17.0	46.0
99	27.0	34.0
100	25.0	452.0
101	25.0	402.0
102	18.0	427.0
103	20.0	409.0
104	23.0	459.0
105	26.0	393.0
106	23.0	399.0
107	17.0	428.0
108	15.0	409.0
109	22.0	403.0
110	14.0	371.0
111	20.0	381.0
112	15.0	383.0
113	12.0	399.0
114	16.0	399.0
115	17.0	353.0
116	12.0	406.0
117	16.0	379.0
118	17.0	371.0
119	22.0	366.0
120	18.0	355.0
121	16.0	351.0
122	20.0	380.0
123	19.0	367.0
124	19.0	372.0
125	15.0	360.0
126	16.0	350.0
127	14.0	344.0
128	24.0	339.0
129	15.0	327.0
130	8.0	314.0
131	18.0	329.0
132	19.0	356.0
133	15.0	335.0
134	22.0	319.0
135	19.0	333.0
136	14.0	377.0
137	13.0	369.0
138	13.0	329.0
139	16.0	272.0
140	20.0	304.0
141	17.0	293.0
142	16.0	279.0
143	19.0	279.0
144	17.0	301.0
145	13.0	323.0
146	13.0	312.0
147	20.0	319.0
148	11.0	317.0
149	14.0	297.0
150	14.0	268.0
151	18.0	275.0
152	17.0	270.0
153	10.0	281.0
154	12.0	303.0
155	12.0	283.0
156	16.0	300.0
157	12.0	291.0
158	20.0	287.0
159	21.0	297.0
160	11.0	277.0
161	22.0	283.0
162	11.0	253.0
163	19.0	267.0
164	15.0	302.0
165	17.0	280.0
166	16.0	319.0
167	22.0	291.0
168	13.0	330.0
169	17.0	299.0
170	15.0	268.0
171	17.0	274.0
172	15.0	260.0
173	16.0	246.0
174	13.0	312.0
175	9.0	292.0
176	11.0	326.0
177	6.0	275.0
178	24.0	280.0
179	11.0	269.0
180	15.0	277.0
181	10.0	283.0
182	16.0	258.0
183	14.0	276.0
184	17.0	235.0
185	14.0	259.0
186	13.0	249.0
187	12.0	250.0
188	18.0	243.0
189	15.0	279.0
190	13.0	254.0
191	17.0	259.0
192	11.0	247.0
193	10.0	259.0
194	18.0	218.0
195	16.0	253.0
196	12.0	252.0
197	10.0	227.0
198	22.0	240.0
199	16.0	240.0
200	9.0	242.0
201	21.0	216.0
202	23.0	228.0
203	15.0	268.0
204	15.0	229.0
205	14.0	222.0
206	9.0	231.0
207	17.0	230.0
208	15.0	217.0
209	16.0	220.0
210	10.0	203.0
211	20.0	210.0
212	14.0	212.0
213	14.0	200.0
214	17.0	219.0
215	14.0	206.0
216	10.0	207.0
217	10.0	198.0
218	11.0	196.0
219	6.0	219.0
220	8.0	182.0
221	16.0	189.0
222	16.0	172.0
223	10.0	195.0
224	18.0	189.0
225	6.0	185.0
226	15.0	196.0
227	13.0	191.0
228	10.0	186.0
229	15.0	184.0
230	7.0	205.0
231	13.0	169.0
232	16.0	193.0
233	9.0	173.0
234	11.0	153.0
235	7.0	186.0
236	15.0	171.0
237	13.0	155.0
238	17.0	160.0
239	11.0	152.0
240	12.0	162.0
241	8.0	161.0
242	13.0	152.0
243	20.0	146.0
244	11.0	150.0
245	6.0	143.0
246	14.0	141.0
247	18.0	150.0
248	14.0	139.0
249	14.0	130.0
250	11.0	158.0
251	18.0	153.0
252	9.0	138.0
253	12.0	124.0
254	7.0	156.0
255	8.0	123.0
256	9.0	124.0
257	11.0	126.0
258	15.0	106.0
259	13.0	124.0
260	10.0	105.0
261	11.0	117.0
262	12.0	111.0
263	9.0	119.0
264	10.0	106.0
265	8.0	112.0
266	9.0	129.0
267	8.0	104.0
268	12.0	97.0
269	10.0	109.0
270	7.0	116.0
271	16.0	105.0
272	11.0	89.0
273	8.0	95.0
274	5.0	111.0
275	19.0	101.0
276	12.0	88.0
277	10.0	97.0
278	9.0	107.0
279	21.0	78.0
280	13.0	88.0
281	9.0	82.0
282	9.0	96.0
283	16.0	85.0
284	9.0	84.0
285	8.0	83.0
286	7.0	86.0
287	12.0	59.0
288	13.0	86.0
289	15.0	92.0
290	14.0	77.0
291	10.0	87.0
292	10.0	73.0
293	10.0	79.0
294	13.0	66.0
295	14.0	84.0
296	8.0	76.0
297	5.0	70.0
298	10.0	71.0
299	8.0	74.0
300	17.0	77.0
301	17.0	62.0
302	7.0	71.0
303	7.0	65.0
304	15.0	73.0
305	13.0	58.0
306	17.0	72.0
307	10.0	72.0
308	12.0	49.0
309	9.0	70.0
310	7.0	43.0
311	14.0	64.0
312	14.0	72.0
313	8.0	56.0
314	15.0	65.0
315	9.0	56.0
316	14.0	67.0
317	11.0	58.0
318	13.0	53.0
319	6.0	51.0
320	8.0	55.0
321	10.0	55.0
322	7.0	55.0
323	9.0	50.0
324	9.0	55.0
325	8.0	48.0
326	9.0	45.0
327	4.0	44.0
328	11.0	41.0
329	18.0	58.0
330	13.0	56.0
331	12.0	61.0
332	7.0	40.0
333	14.0	45.0
334	11.0	49.0
335	7.0	42.0
336	12.0	45.0
337	10.0	46.0
338	12.0	48.0
339	8.0	46.0
340	11.0	54.0
341	13.0	46.0
342	9.0	51.0
343	15.0	38.0
344	9.0	38.0
345	10.0	39.0
346	8.0	51.0
347	6.0	43.0
348	7.0	39.0
349	13.0	42.0
350	13.0	39.0
351	7.0	42.0
352	7.0	41.0
353	9.0	37.0
354	13.0	43.0
355	6.0	32.0
356	11.0	44.0
357	7.0	41.0
358	9.0	33.0
359	9.0	38.0
360	16.0	31.0
361	13.0	26.0
362	6.0	26.0
363	4.0	34.0
364	10.0	34.0
365	10.0	37.0
366	11.0	36.0
367	13.0	32.0
368	17.0	42.0
369	8.0	30.0
370	10.0	29.0
371	6.0	37.0
372	7.0	33.0
373	10.0	35.0
374	10.0	33.0
375	15.0	29.0
376	14.0	31.0
377	6.0	30.0
378	17.0	31.0
379	7.0	22.0
380	12.0	43.0
381	7.0	31.0
382	17.0	29.0
383	10.0	27.0
384	12.0	28.0
385	11.0	17.0
386	2.0	34.0
387	9.0	31.0
388	12.0	28.0
389	13.0	17.0
390	10.0	33.0
391	11.0	29.0
392	11.0	21.0
393	12.0	23.0
394	13.0	35.0
395	8.0	30.0
396	7.0	28.0
397	16.0	27.0
398	5.0	30.0
399	11.0	30.0
400	7.0	29.0
401	10.0	32.0
402	9.0	28.0
403	9.0	25.0
404	4.0	25.0
405	12.0	22.0
406	13.0	26.0
407	11.0	31.0
408	8.0	25.0
409	15.0	30.0
410	11.0	22.0
411	5.0	16.0
412	11.0	29.0
413	11.0	21.0
414	13.0	29.0
415	8.0	28.0
416	10.0	17.0
417	10.0	34.0
418	14.0	12.0
419	9.0	19.0
420	12.0	32.0
421	5.0	31.0
422	9.0	28.0
423	11.0	30.0
424	12.0	24.0
425	9.0	21.0
426	10.0	17.0
427	8.0	18.0
428	7.0	14.0
429	11.0	16.0
430	9.0	29.0
431	8.0	15.0
432	6.0	15.0
433	12.0	21.0
434	9.0	15.0
435	12.0	25.0
436	8.0	15.0
437	4.0	17.0
438	10.0	15.0
439	9.0	11.0
440	8.0	19.0
441	11.0	18.0
442	8.0	20.0
443	8.0	24.0
444	10.0	17.0
445	13.0	16.0
446	11.0	12.0
447	9.0	24.0
448	6.0	19.0
449	9.0	14.0
450	11.0	32.0
451	9.0	13.0
452	9.0	14.0
453	13.0	21.0
454	7.0	14.0
455	6.0	9.0
456	2.0	19.0
457	7.0	17.0
458	8.0	16.0
459	9.0	10.0
460	10.0	19.0
461	10.0	18.0
462	10.0	23.0
463	9.0	12.0
464	7.0	20.0
465	9.0	17.0
466	9.0	6.0
467	8.0	15.0
468	9.0	16.0
469	7.0	22.0
470	8.0	16.0
471	4.0	14.0
472	5.0	22.0
473	6.0	18.0
474	5.0	23.0
475	7.0	20.0
476	10.0	8.0
477	8.0	17.0
478	10.0	16.0
479	5.0	21.0
480	6.0	16.0
481	8.0	18.0
482	10.0	18.0
483	9.0	13.0
484	8.0	14.0
485	8.0	17.0
486	12.0	16.0
487	6.0	20.0
488	12.0	14.0
489	13.0	7.0
490	11.0	11.0
491	3.0	16.0
492	9.0	15.0
493	7.0	15.0
494	13.0	15.0
495	8.0	24.0
496	8.0	19.0
497	8.0	15.0
498	9.0	9.0
499	8.0	11.0
500	6.0	21.0
501	8.0	11.0
502	3.0	22.0
503	10.0	16.0
504	10.0	18.0
505	14.0	15.0
506	9.0	15.0
507	11.0	17.0
508	11.0	13.0
509	10.0	12.0
510	12.0	21.0
511	8.0	15.0
512	6.0	12.0
513	11.0	13.0
514	9.0	17.0
515	10.0	10.0
516	14.0	11.0
517	11.0	13.0
518	4.0	12.0
519	5.0	15.0
520	9.0	15.0
521	7.0	17.0
522	9.0	18.0
523	10.0	12.0
524	6.0	13.0
525	7.0	17.0
526	7.0	6.0
527	4.0	5.0
528	5.0	11.0
529	5.0	20.0
530	17.0	12.0
531	7.0	7.0
532	10.0	12.0
533	9.0	13.0
534	8.0	21.0
535	7.0	8.0
536	5.0	11.0
537	3.0	8.0
538	9.0	13.0
539	15.0	8.0
540	8.0	21.0
541	8.0	15.0
542	2.0	8.0
543	10.0	21.0
544	4.0	10.0
545	14.0	11.0
546	10.0	9.0
547	5.0	12.0
548	9.0	14.0
549	6.0	7.0
550	10.0	13.0
551	7.0	14.0
552	16.0	12.0
553	6.0	6.0
554	11.0	19.0
555	6.0	19.0
556	3.0	10.0
557	2.0	11.0
558	11.0	14.0
559	8.0	14.0
560	7.0	13.0
561	13.0	18.0
562	8.0	10.0
563	4.0	5.0
564	6.0	10.0
565	13.0	10.0
566	6.0	13.0
567	9.0	10.0
568	7.0	15.0
569	10.0	21.0
570	9.0	10.0
571	13.0	16.0
572	10.0	13.0
573	3.0	7.0
574	3.0	3.0
575	5.0	9.0
576	6.0	12.0
577	8.0	12.0
578	11.0	17.0
579	1.0	6.0
580	7.0	19.0
581	5.0	16.0
582	12.0	9.0
583	7.0	11.0
584	4.0	16.0
585	5.0	15.0
586	8.0	11.0
587	5.0	18.0
588	6.0	10.0
589	12.0	15.0
590	7.0	16.0
591	8.0	5.0
592	8.0	8.0
593	5.0	10.0
594	8.0	7.0
595	8.0	17.0
596	8.0	10.0
597	8.0	7.0
598	7.0	8.0
599	3.0	15.0
600	6.0	9.0
601	7.0	10.0
602	11.0	11.0
603	11.0	8.0
604	11.0	18.0
605	5.0	11.0
606	6.0	11.0
607	8.0	9.0
608	10.0	11.0
609	12.0	5.0
610	7.0	5.0
611	6.0	7.0
612	5.0	8.0
613	8.0	8.0
614	9.0	9.0
615	7.0	7.0
616	8.0	9.0
617	4.0	8.0
618	5.0	8.0
619	7.0	9.0
620	9.0	10.0
621	11.0	13.0
622	3.0	8.0
623	5.0	11.0
624	9.0	11.0
625	3.0	11.0
626	3.0	11.0
627	14.0	12.0
628	7.0	11.0
629	5.0	10.0
630	11.0	11.0
631	9.0	13.0
632	7.0	6.0
633	6.0	6.0
634	8.0	7.0
635	12.0	7.0
636	7.0	10.0
637	13.0	9.0
638	9.0	16.0
639	9.0	14.0
640	7.0	19.0
641	11.0	13.0
642	7.0	9.0
643	12.0	7.0
644	9.0	12.0
645	7.0	7.0
646	5.0	12.0
647	6.0	8.0
648	7.0	11.0
649	3.0	9.0
650	7.0	14.0
651	4.0	12.0
652	9.0	13.0
653	6.0	11.0
654	6.0	13.0
655	7.0	8.0
656	3.0	12.0
657	9.0	5.0
658	3.0	9.0
659	6.0	10.0
660	3.0	9.0
661	8.0	6.0
662	6.0	4.0
663	6.0	5.0
664	10.0	10.0
665	4.0	12.0
666	5.0	3.0
667	2.0	8.0
668	4.0	8.0
669	10.0	9.0
670	5.0	10.0
671	10.0	12.0
672	5.0	8.0
673	8.0	8.0
674	8.0	6.0
675	10.0	8.0
676	9.0	6.0
677	8.0	16.0
678	9.0	11.0
679	5.0	6.0
680	7.0	10.0
681	4.0	7.0
682	5.0	11.0
683	8.0	9.0
684	7.0	9.0
685	4.0	7.0
686	6.0	3.0
687	11.0	9.0
688	9.0	8.0
689	5.0	8.0
690	9.0	9.0
691	7.0	12.0
692	7.0	11.0
693	5.0	12.0
694	4.0	11.0
695	9.0	9.0
696	10.0	5.0
697	5.0	13.0
698	7.0	6.0
699	3.0	8.0
700	6.0	13.0
701	9.0	5.0
702	6.0	7.0
703	6.0	9.0
704	7.0	6.0
705	10.0	11.0
706	4.0	7.0
707	11.0	5.0
708	10.0	12.0
709	10.0	12.0
710	11.0	11.0
711	3.0	8.0
712	8.0	9.0
713	6.0	4.0
714	12.0	8.0
715	5.0	10.0
716	15.0	12.0
717	9.0	10.0
718	3.0	9.0
719	8.0	10.0
720	6.0	7.0
721	8.0	8.0
722	13.0	9.0
723	5.0	11.0
724	10.0	11.0
725	12.0	5.0
726	9.0	9.0
727	4.0	6.0
728	8.0	9.0
729	6.0	11.0
730	5.0	9.0
731	2.0	7.0
732	11.0	7.0
733	8.0	9.0
734	7.0	6.0
735	3.0	4.0
736	13.0	9.0
737	5.0	4.0
738	7.0	15.0
739	8.0	7.0
740	8.0	6.0
741	10.0	9.0
742	9.0	9.0
743	6.0	6.0
744	7.0	14.0
745	11.0	10.0
746	5.0	7.0
747	7.0	11.0
748	7.0	8.0
749	8.0	7.0
750	5.0	10.0
751	5.0	8.0
752	11.0	9.0
753	3.0	13.0
754	11.0	11.0
755	17.0	8.0
756	9.0	8.0
757	10.0	10.0
758	8.0	6.0
759	7.0	15.0
760	13.0	12.0
761	7.0	7.0
762	3.0	3.0
763	4.0	6.0
764	7.0	13.0
765	6.0	7.0
766	4.0	9.0
767	6.0	9.0
768	8.0	3.0
769	7.0	11.0
770	11.0	5.0
771	8.0	14.0
772	7.0	7.0
773	7.0	15.0
774	9.0	9.0
775	9.0	6.0
776	6.0	6.0
777	3.0	7.0
778	7.0	6.0
779	5.0	6.0
780	9.0	13.0
781	6.0	7.0
782	8.0	8.0
783	5.0	6.0
784	6.0	6.0
785	8.0	8.0
786	8.0	4.0
787	8.0	8.0
788	8.0	6.0
789	10.0	9.0
790	6.0	10.0
791	10.0	11.0
792	7.0	8.0
793	9.0	10.0
794	5.0	6.0
795	10.0	12.0
796	4.0	5.0
797	5.0	4.0
798	4.0	11.0
799	12.0	7.0
800	7.0	9.0
801	5.0	7.0
802	9.0	8.0
803	6.0	8.0
804	6.0	10.0
805	12.0	7.0
806	8.0	6.0
807	5.0	8.0
808	9.0	7.0
809	7.0	8.0
810	6.0	7.0
811	2.0	11.0
812	7.0	4.0
813	14.0	8.0
814	15.0	5.0
815	14.0	10.0
816	11.0	10.0
817	6.0	10.0
818	10.0	9.0
819	5.0	3.0
820	5.0	8.0
821	7.0	6.0
822	14.0	4.0
823	4.0	9.0
824	4.0	9.0
825	8.0	8.0
826	5.0	8.0
827	5.0	7.0
828	11.0	7.0
829	8.0	6.0
830	2.0	10.0
831	6.0	7.0
832	13.0	6.0
833	6.0	6.0
834	8.0	8.0
835	7.0	9.0
836	5.0	8.0
837	5.0	9.0
838	2.0	13.0
839	6.0	9.0
840	6.0	6.0
841	7.0	10.0
842	4.0	4.0
843	3.0	7.0
844	7.0	9.0
845	9.0	10.0
846	4.0	3.0
847	5.0	8.0
848	4.0	4.0
849	9.0	7.0
850	5.0	2.0
851	9.0	5.0
852	4.0	6.0
853	8.0	5.0
854	9.0	8.0
855	8.0	14.0
856	8.0	8.0
857	6.0	5.0
858	7.0	10.0
859	9.0	8.0
860	10.0	9.0
861	10.0	9.0
862	13.0	10.0
863	10.0	9.0
864	5.0	6.0
865	7.0	9.0
866	6.0	5.0
867	12.0	6.0
868	6.0	13.0
869	5.0	8.0
870	7.0	9.0
871	11.0	12.0
872	9.0	7.0
873	6.0	10.0
874	12.0	8.0
875	8.0	4.0
876	8.0	7.0
877	3.0	8.0
878	8.0	6.0
879	4.0	6.0
880	12.0	7.0
881	5.0	8.0
882	9.0	4.0
883	3.0	6.0
884	8.0	10.0
885	8.0	6.0
886	4.0	5.0
887	5.0	5.0
888	4.0	5.0
889	7.0	6.0
890	8.0	6.0
891	12.0	4.0
892	6.0	8.0
893	4.0	6.0
894	10.0	7.0
895	11.0	6.0
896	5.0	7.0
897	7.0	7.0
898	9.0	5.0
899	7.0	7.0
900	9.0	9.0
901	3.0	9.0
902	5.0	5.0
903	8.0	10.0
904	13.0	11.0
905	4.0	5.0
906	8.0	8.0
907	4.0	6.0
908	11.0	8.0
909	7.0	7.0
910	8.0	6.0
911	5.0	9.0
912	5.0	8.0
913	9.0	9.0
914	9.0	5.0
915	9.0	8.0
916	11.0	10.0
917	10.0	9.0
918	8.0	11.0
919	12.0	8.0
920	6.0	5.0
921	7.0	9.0
922	5.0	4.0
923	10.0	3.0
924	2.0	9.0
925	5.0	4.0
926	6.0	7.0
927	10.0	12.0
928	6.0	10.0
929	7.0	11.0
930	6.0	8.0
931	4.0	8.0
932	8.0	6.0
933	5.0	4.0
934	13.0	8.0
935	3.0	6.0
936	5.0	7.0
937	9.0	3.0
938	10.0	9.0
939	9.0	10.0
940	5.0	10.0
941	6.0	12.0
942	10.0	7.0
943	8.0	15.0
944	4.0	6.0
945	5.0	2.0
946	12.0	6.0
947	8.0	8.0
948	7.0	12.0
949	4.0	6.0
950	6.0	5.0
951	9.0	8.0
952	9.0	13.0
953	8.0	9.0
954	11.0	5.0
955	8.0	10.0
956	3.0	4.0
957	5.0	9.0
958	7.0	7.0
959	12.0	9.0
960	9.0	9.0
961	8.0	4.0
962	3.0	11.0
963	7.0	6.0
964	10.0	8.0
965	15.0	12.0
966	16.0	4.0
967	10.0	6.0
968	6.0	11.0
969	12.0	7.0
970	5.0	6.0
971	8.0	9.0
972	5.0	6.0
973	6.0	7.0
974	5.0	7.0
975	7.0	5.0
976	1.0	9.0
977	3.0	9.0
978	2.0	9.0
979	7.0	5.0
980	8.0	6.0
981	9.0	9.0
982	12.0	4.0
983	13.0	10.0
984	6.0	9.0
985	8.0	7.0
986	7.0	8.0
987	6.0	2.0
988	10.0	6.0
989	9.0	8.0
990	7.0	6.0
991	6.0	7.0
992	9.0	7.0
993	8.0	8.0
994	8.0	10.0
995	4.0	8.0
996	4.0	6.0
997	13.0	7.0
998	3.0	4.0
999	6.0	7.0
1000	4.0	8.0
1001	9.0	7.0
1002	11.0	8.0
1003	8.0	5.0
1004	8.0	7.0
1005	4.0	7.0
1006	7.0	6.0
1007	6.0	5.0
1008	11.0	5.0
1009	8.0	8.0
1010	10.0	6.0
1011	8.0	4.0
1012	6.0	8.0
1013	5.0	12.0
1014	9.0	6.0
1015	13.0	5.0
1016	10.0	9.0
1017	10.0	6.0
1018	2.0	12.0
1019	7.0	11.0
1020	2.0	9.0
1021	9.0	11.0
1022	7.0	7.0
1023	3.0	8.0
1024	14.0	6.0
1025	7.0	3.0
1026	11.0	10.0
1027	8.0	13.0
1028	6.0	8.0
1029	11.0	8.0
1030	10.0	9.0
1031	14.0	19.0
1032	15.0	6.0
1033	7.0	6.0
1034	9.0	7.0
1035	5.0	8.0
1036	4.0	13.0
1037	8.0	4.0
1038	9.0	7.0
1039	6.0	2.0
1040	8.0	9.0
1041	10.0	1.0
1042	5.0	10.0
1043	5.0	4.0
1044	6.0	6.0
1045	11.0	4.0
1046	6.0	8.0
1047	7.0	8.0
1048	5.0	7.0
1049	5.0	6.0
1050	9.0	11.0
1051	9.0	9.0
1052	8.0	6.0
1053	5.0	7.0
1054	7.0	7.0
1055	7.0	11.0
1056	8.0	8.0
1057	7.0	8.0
1058	6.0	5.0
1059	8.0	6.0
1060	7.0	6.0
1061	9.0	13.0
1062	4.0	2.0
1063	7.0	10.0
1064	4.0	9.0
1065	10.0	5.0
1066	9.0	2.0
1067	9.0	9.0
1068	10.0	11.0
1069	4.0	4.0
1070	8.0	6.0
1071	9.0	4.0
1072	8.0	6.0
1073	9.0	10.0
1074	5.0	6.0
1075	6.0	5.0
1076	9.0	10.0
1077	6.0	9.0
1078	9.0	2.0
1079	11.0	7.0
1080	5.0	8.0
1081	3.0	5.0
1082	7.0	6.0
1083	5.0	2.0
1084	7.0	7.0
1085	3.0	7.0
1086	7.0	11.0
1087	3.0	6.0
1088	11.0	9.0
1089	14.0	3.0
1090	7.0	8.0
1091	9.0	12.0
1092	13.0	6.0
1093	3.0	11.0
1094	6.0	3.0
1095	3.0	7.0
1096	6.0	7.0
1097	7.0	12.0
1098	6.0	3.0
1099	6.0	10.0
1100	10.0	6.0
1101	4.0	13.0
1102	6.0	7.0
1103	9.0	9.0
1104	7.0	9.0
1105	11.0	3.0
1106	2.0	11.0
1107	11.0	9.0
1108	7.0	5.0
1109	11.0	10.0
1110	8.0	7.0
1111	9.0	8.0
1112	14.0	8.0
1113	6.0	10.0
1114	7.0	9.0
1115	3.0	7.0
1116	8.0	10.0
1117	6.0	10.0
1118	14.0	9.0
1119	8.0	7.0
1120	7.0	7.0
1121	10.0	7.0
1122	11.0	5.0
1123	6.0	6.0
1124	10.0	11.0
1125	9.0	7.0
1126	9.0	9.0
1127	4.0	7.0
1128	6.0	5.0
1129	9.0	8.0
1130	9.0	12.0
1131	10.0	7.0
1132	9.0	10.0
1133	8.0	6.0
1134	9.0	9.0
1135	8.0	8.0
1136	8.0	4.0
1137	10.0	8.0
1138	9.0	12.0
1139	12.0	7.0
1140	6.0	19.0
1141	7.0	7.0
1142	8.0	5.0
1143	4.0	7.0
1144	5.0	2.0
1145	11.0	6.0
1146	4.0	9.0
1147	7.0	11.0
1148	10.0	7.0
1149	11.0	6.0
1150	8.0	7.0
1151	5.0	7.0
1152	7.0	6.0
1153	8.0	7.0
1154	6.0	4.0
1155	13.0	5.0
1156	9.0	6.0
1157	6.0	6.0
1158	5.0	7.0
1159	6.0	5.0
1160	8.0	8.0
1161	4.0	7.0
1162	7.0	9.0
1163	9.0	8.0
1164	10.0	9.0
1165	6.0	7.0
1166	5.0	6.0
1167	12.0	8.0
1168	4.0	9.0
1169	5.0	6.0
1170	9.0	14.0
1171	8.0	5.0
1172	5.0	6.0
1173	5.0	11.0
1174	7.0	6.0
1175	5.0	11.0
1176	10.0	6.0
1177	11.0	5.0
1178	11.0	8.0
1179	9.0	7.0
1180	7.0	8.0
1181	9.0	5.0
1182	7.0	7.0
1183	9.0	9.0
1184	8.0	1.0
1185	8.0	9.0
1186	4.0	11.0
1187	8.0	10.0
1188	4.0	10.0
1189	3.0	15.0
1190	6.0	8.0
1191	7.0	4.0
1192	4.0	8.0
1193	9.0	6.0
1194	4.0	10.0
1195	3.0	8.0
1196	13.0	11.0
1197	8.0	10.0
1198	13.0	12.0
1199	8.0	8.0
1200	9.0	8.0
1201	7.0	14.0
1202	7.0	9.0
1203	7.0	8.0
1204	7.0	4.0
1205	9.0	5.0
1206	8.0	4.0
1207	8.0	7.0
1208	5.0	9.0
1209	6.0	6.0
1210	7.0	7.0
1211	9.0	10.0
1212	11.0	9.0
1213	6.0	9.0
1214	10.0	11.0
1215	8.0	12.0
1216	16.0	8.0
1217	6.0	4.0
1218	8.0	6.0
1219	11.0	5.0
1220	9.0	8.0
1221	11.0	10.0
1222	8.0	5.0
1223	2.0	4.0
1224	6.0	9.0
1225	11.0	7.0
1226	6.0	5.0
1227	4.0	9.0
1228	9.0	7.0
1229	9.0	9.0
1230	7.0	11.0
1231	5.0	9.0
1232	8.0	7.0
1233	9.0	3.0
1234	7.0	5.0
1235	5.0	10.0
1236	11.0	5.0
1237	6.0	9.0
1238	10.0	8.0
1239	7.0	12.0
1240	5.0	6.0
1241	12.0	5.0
1242	10.0	12.0
1243	7.0	9.0
1244	7.0	7.0
1245	8.0	8.0
1246	11.0	10.0
1247	9.0	7.0
1248	3.0	8.0
1249	8.0	8.0
1250	12.0	5.0
1251	9.0	5.0
1252	3.0	7.0
1253	7.0	6.0
1254	6.0	8.0
1255	7.0	6.0
1256	8.0	11.0
1257	7.0	8.0
1258	5.0	8.0
1259	12.0	4.0
1260	3.0	8.0
1261	3.0	11.0
1262	12.0	5.0
1263	10.0	12.0
1264	10.0	5.0
1265	7.0	9.0
1266	6.0	13.0
1267	9.0	4.0
1268	7.0	6.0
1269	8.0	10.0
1270	5.0	8.0
1271	5.0	7.0
1272	10.0	10.0
1273	4.0	9.0
1274	6.0	10.0
1275	8.0	6.0
1276	2.0	10.0
1277	8.0	4.0
1278	4.0	9.0
1279	8.0	4.0
1280	2.0	6.0
1281	7.0	9.0
1282	6.0	7.0
1283	7.0	6.0
1284	7.0	3.0
1285	4.0	5.0
1286	5.0	7.0
1287	2.0	2.0
1288	8.0	12.0
1289	9.0	9.0
1290	6.0	7.0
1291	2.0	6.0
1292	7.0	10.0
1293	5.0	8.0
1294	7.0	9.0
1295	10.0	8.0
1296	8.0	11.0
1297	5.0	9.0
1298	3.0	9.0
1299	4.0	8.0
1300	6.0	6.0
1301	9.0	6.0
1302	2.0	5.0
1303	5.0	6.0
1304	7.0	7.0
1305	12.0	12.0
1306	7.0	10.0
1307	3.0	10.0
1308	4.0	9.0
1309	5.0	8.0
1310	11.0	3.0
1311	12.0	9.0
1312	3.0	16.0
1313	7.0	9.0
1314	6.0	14.0
1315	4.0	5.0
1316	4.0	8.0
1317	7.0	10.0
1318	9.0	9.0
1319	8.0	8.0
1320	9.0	10.0
1321	8.0	7.0
1322	9.0	8.0
1323	4.0	12.0
1324	9.0	11.0
1325	5.0	10.0
1326	2.0	4.0
1327	7.0	9.0
1328	3.0	7.0
1329	4.0	6.0
1330	5.0	2.0
1331	9.0	9.0
1332	8.0	6.0
1333	7.0	13.0
1334	8.0	9.0
1335	5.0	10.0
1336	8.0	10.0
1337	9.0	6.0
1338	6.0	8.0
1339	4.0	4.0
1340	7.0	3.0
1341	9.0	3.0
1342	8.0	4.0
1343	7.0	4.0
1344	5.0	9.0
1345	7.0	5.0
1346	9.0	10.0
1347	4.0	8.0
1348	10.0	6.0
1349	5.0	3.0
1350	6.0	8.0
1351	4.0	5.0
1352	4.0	12.0
1353	6.0	6.0
1354	6.0	8.0
1355	8.0	3.0
1356	6.0	3.0
1357	8.0	6.0
1358	6.0	8.0
1359	8.0	9.0
1360	7.0	8.0
1361	12.0	4.0
1362	7.0	10.0
1363	9.0	7.0
1364	6.0	9.0
1365	6.0	8.0
1366	3.0	6.0
1367	8.0	10.0
1368	6.0	7.0
1369	10.0	8.0
1370	2.0	4.0
1371	6.0	5.0
1372	9.0	10.0
1373	4.0	3.0
1374	7.0	5.0
1375	6.0	10.0
1376	10.0	6.0
1377	3.0	7.0
1378	6.0	6.0
1379	15.0	6.0
1380	5.0	4.0
1381	13.0	9.0
1382	1.0	6.0
1383	5.0	6.0
1384	7.0	7.0
1385	8.0	4.0
1386	7.0	12.0
1387	11.0	7.0
1388	11.0	4.0
1389	10.0	8.0
1390	8.0	9.0
1391	8.0	6.0
1392	8.0	8.0
1393	8.0	7.0
1394	9.0	8.0
1395	7.0	7.0
1396	7.0	11.0
1397	11.0	4.0
1398	9.0	4.0
1399	8.0	5.0
1400	5.0	6.0
1401	8.0	6.0
1402	7.0	12.0
1403	5.0	5.0
1404	8.0	4.0
1405	12.0	8.0
1406	11.0	8.0
1407	6.0	6.0
1408	7.0	7.0
1409	8.0	4.0
1410	6.0	7.0
1411	8.0	5.0
1412	4.0	6.0
1413	6.0	11.0
1414	6.0	11.0
1415	7.0	5.0
1416	7.0	5.0
1417	3.0	2.0
1418	4.0	11.0
1419	5.0	4.0
1420	5.0	5.0
1421	7.0	6.0
1422	6.0	5.0
1423	10.0	9.0
1424	7.0	5.0
1425	2.0	5.0
1426	5.0	10.0
1427	6.0	12.0
1428	4.0	7.0
1429	4.0	6.0
1430	5.0	9.0
1431	4.0	8.0
1432	8.0	2.0
1433	4.0	3.0
1434	10.0	5.0
1435	7.0	8.0
1436	6.0	5.0
1437	9.0	8.0
1438	9.0	9.0
1439	10.0	3.0
1440	4.0	8.0
1441	4.0	8.0
1442	9.0	8.0
1443	7.0	12.0
1444	5.0	6.0
1445	6.0	7.0
1446	4.0	15.0
1447	5.0	10.0
1448	4.0	8.0
1449	2.0	7.0
1450	4.0	8.0
1451	4.0	6.0
1452	2.0	8.0
1453	11.0	6.0
1454	7.0	8.0
1455	2.0	10.0
1456	4.0	10.0
1457	9.0	11.0
1458	9.0	7.0
1459	9.0	7.0
1460	11.0	6.0
1461	6.0	8.0
1462	6.0	4.0
1463	7.0	5.0
1464	10.0	5.0
1465	9.0	6.0
1466	7.0	8.0
1467	7.0	8.0
1468	12.0	4.0
1469	7.0	7.0
1470	7.0	8.0
1471	6.0	7.0
1472	13.0	6.0
1473	6.0	11.0
1474	3.0	10.0
1475	4.0	3.0
1476	3.0	12.0
1477	8.0	9.0
1478	8.0	8.0
1479	3.0	3.0
1480	2.0	3.0
1481	6.0	7.0
1482	6.0	7.0
1483	6.0	7.0
1484	6.0	6.0
1485	7.0	4.0
1486	8.0	6.0
1487	4.0	7.0
1488	6.0	3.0
1489	8.0	8.0
1490	14.0	10.0
1491	13.0	7.0
1492	11.0	4.0
1493	8.0	3.0
1494	3.0	9.0
1495	5.0	7.0
1496	10.0	11.0
1497	4.0	8.0
1498	4.0	5.0
1499	11.0	11.0
1500	6.0	6.0
1501	7.0	6.0
1502	7.0	6.0
1503	8.0	4.0
1504	8.0	8.0
1505	6.0	8.0
1506	6.0	5.0
1507	9.0	3.0
1508	8.0	8.0
1509	8.0	7.0
1510	5.0	8.0
1511	8.0	4.0
1512	5.0	11.0
1513	6.0	3.0
1514	5.0	12.0
1515	10.0	11.0
1516	3.0	7.0
1517	4.0	3.0
1518	4.0	4.0
1519	6.0	8.0
1520	8.0	8.0
1521	12.0	11.0
1522	9.0	5.0
1523	2.0	8.0
1524	4.0	9.0
1525	5.0	6.0
1526	2.0	11.0
1527	6.0	3.0
1528	7.0	9.0
1529	6.0	4.0
1530	6.0	13.0
1531	5.0	4.0
1532	6.0	9.0
1533	2.0	4.0
1534	3.0	5.0
1535	4.0	5.0
1536	9.0	5.0
1537	6.0	8.0
1538	8.0	9.0
1539	6.0	11.0
1540	5.0	2.0
1541	7.0	6.0
1542	10.0	4.0
1543	3.0	9.0
1544	7.0	9.0
1545	9.0	4.0
1546	6.0	8.0
1547	2.0	4.0
1548	6.0	9.0
1549	4.0	6.0
1550	9.0	6.0
1551	6.0	7.0
1552	6.0	8.0
1553	5.0	4.0
1554	3.0	3.0
1555	8.0	11.0
1556	6.0	7.0
1557	6.0	7.0
1558	5.0	6.0
1559	7.0	12.0
1560	6.0	8.0
1561	6.0	9.0
1562	6.0	2.0
1563	7.0	7.0
1564	5.0	11.0
1565	8.0	5.0
1566	2.0	7.0
1567	6.0	10.0
1568	5.0	8.0
1569	8.0	12.0
1570	11.0	10.0
1571	7.0	7.0
1572	3.0	3.0
1573	3.0	6.0
1574	10.0	8.0
1575	8.0	7.0
1576	7.0	9.0
1577	3.0	6.0
1578	7.0	7.0
1579	6.0	4.0
1580	9.0	3.0
1581	8.0	5.0
1582	5.0	10.0
1583	7.0	7.0
1584	6.0	1.0
1585	10.0	7.0
1586	6.0	7.0
1587	6.0	9.0
1588	1.0	6.0
1589	7.0	6.0
1590	3.0	3.0
1591	5.0	5.0
1592	12.0	4.0
1593	6.0	14.0
1594	9.0	5.0
1595	4.0	4.0
1596	9.0	8.0
1597	4.0	4.0
1598	9.0	12.0
1599	3.0	10.0
1600	6.0	6.0
1601	9.0	7.0
1602	9.0	8.0
1603	8.0	5.0
1604	4.0	13.0
1605	8.0	7.0
1606	7.0	4.0
1607	8.0	6.0
1608	10.0	9.0
1609	7.0	2.0
1610	8.0	9.0
1611	5.0	5.0
1612	6.0	7.0
1613	7.0	11.0
1614	8.0	6.0
1615	5.0	4.0
1616	6.0	9.0
1617	6.0	3.0
1618	6.0	6.0
1619	11.0	6.0
1620	4.0	6.0
1621	6.0	6.0
1622	13.0	7.0
1623	11.0	6.0
1624	6.0	7.0
1625	6.0	3.0
1626	9.0	4.0
1627	8.0	3.0
1628	3.0	7.0
1629	9.0	8.0
1630	7.0	4.0
1631	8.0	5.0
1632	4.0	10.0
1633	4.0	7.0
1634	6.0	7.0
1635	3.0	6.0
1636	9.0	6.0
1637	7.0	5.0
1638	7.0	6.0
1639	6.0	6.0
1640	9.0	7.0
1641	6.0	5.0
1642	6.0	2.0
1643	2.0	6.0
1644	6.0	7.0
1645	6.0	4.0
1646	4.0	3.0
1647	7.0	3.0
1648	8.0	7.0
1649	8.0	7.0
1650	4.0	8.0
1651	7.0	9.0
1652	3.0	7.0
1653	10.0	3.0
1654	5.0	3.0
1655	8.0	8.0
1656	6.0	9.0
1657	2.0	7.0
1658	11.0	5.0
1659	5.0	9.0
1660	3.0	4.0
1661	4.0	16.0
1662	5.0	6.0
1663	5.0	5.0
1664	6.0	6.0
1665	10.0	5.0
1666	6.0	7.0
1667	9.0	4.0
1668	8.0	5.0
1669	5.0	7.0
1670	4.0	7.0
1671	3.0	8.0
1672	3.0	8.0
1673	5.0	6.0
1674	5.0	6.0
1675	4.0	4.0
1676	4.0	9.0
1677	5.0	4.0
1678	5.0	10.0
1679	9.0	9.0
1680	13.0	5.0
1681	7.0	9.0
1682	3.0	7.0
1683	7.0	9.0
1684	4.0	3.0
1685	13.0	6.0
1686	8.0	8.0
1687	4.0	6.0
1688	4.0	10.0
1689	5.0	10.0
1690	3.0	8.0
1691	14.0	5.0
1692	8.0	5.0
1693	13.0	7.0
1694	2.0	5.0
1695	3.0	10.0
1696	9.0	7.0
1697	2.0	1.0
1698	4.0	5.0
1699	11.0	6.0
1700	6.0	10.0
1701	6.0	6.0
1702	5.0	6.0
1703	0.0	17.0
1704	2.0	10.0
1705	3.0	5.0
1706	5.0	5.0
1707	5.0	10.0
1708	4.0	4.0
1709	6.0	14.0
1710	5.0	11.0
1711	3.0	4.0
1712	7.0	10.0
1713	7.0	9.0
1714	6.0	8.0
1715	7.0	3.0
1716	9.0	8.0
1717	6.0	4.0
1718	5.0	8.0
1719	8.0	7.0
1720	5.0	9.0
1721	10.0	5.0
1722	2.0	4.0
1723	8.0	5.0
1724	6.0	6.0
1725	6.0	8.0
1726	5.0	3.0
1727	6.0	5.0
1728	9.0	7.0
1729	3.0	11.0
1730	6.0	9.0
1731	9.0	7.0
1732	7.0	3.0
1733	8.0	6.0
1734	9.0	5.0
1735	8.0	6.0
1736	12.0	5.0
1737	6.0	6.0
1738	8.0	10.0
1739	8.0	10.0
1740	8.0	10.0
1741	6.0	6.0
1742	4.0	0.0
1743	5.0	5.0
1744	9.0	8.0
1745	4.0	8.0
1746	3.0	5.0
1747	4.0	9.0
1748	9.0	9.0
1749	7.0	3.0
1750	7.0	8.0
1751	3.0	6.0
1752	7.0	6.0
1753	7.0	7.0
1754	4.0	5.0
1755	5.0	10.0
1756	7.0	8.0
1757	3.0	8.0
1758	4.0	4.0
1759	2.0	10.0
1760	4.0	5.0
1761	6.0	7.0
1762	6.0	8.0
1763	5.0	4.0
1764	7.0	4.0
1765	6.0	8.0
1766	7.0	8.0
1767	4.0	11.0
1768	9.0	6.0
1769	2.0	3.0
1770	7.0	9.0
1771	2.0	6.0
1772	5.0	8.0
1773	12.0	3.0
1774	3.0	6.0
1775	4.0	3.0
1776	5.0	9.0
1777	3.0	7.0
1778	8.0	4.0
1779	4.0	5.0
1780	2.0	4.0
1781	2.0	3.0
1782	7.0	3.0
1783	5.0	9.0
1784	2.0	5.0
1785	7.0	6.0
1786	7.0	6.0
1787	7.0	3.0
1788	7.0	6.0
1789	6.0	3.0
1790	7.0	8.0
1791	8.0	6.0
1792	7.0	7.0
1793	7.0	7.0
1794	5.0	5.0
1795	3.0	4.0
1796	4.0	2.0
1797	3.0	6.0
1798	6.0	9.0
1799	6.0	1.0
1800	7.0	10.0
1801	3.0	4.0
1802	6.0	4.0
1803	9.0	5.0
1804	3.0	5.0
1805	7.0	6.0
1806	7.0	8.0
1807	4.0	5.0
1808	10.0	4.0
1809	5.0	6.0
1810	6.0	7.0
1811	9.0	8.0
1812	1.0	9.0
1813	9.0	2.0
1814	5.0	7.0
1815	6.0	7.0
1816	8.0	9.0
1817	9.0	5.0
1818	3.0	9.0
1819	5.0	3.0
1820	6.0	1.0
1821	5.0	6.0
1822	4.0	6.0
1823	10.0	7.0
1824	5.0	3.0
1825	5.0	7.0
1826	11.0	6.0
1827	9.0	7.0
1828	3.0	13.0
1829	7.0	5.0
1830	13.0	4.0
1831	9.0	6.0
1832	3.0	9.0
1833	8.0	3.0
1834	8.0	7.0
1835	5.0	11.0
1836	12.0	1.0
1837	8.0	6.0
1838	8.0	4.0
1839	8.0	3.0
1840	12.0	6.0
1841	8.0	5.0
1842	5.0	7.0
1843	13.0	7.0
1844	7.0	4.0
1845	5.0	4.0
1846	2.0	8.0
1847	9.0	6.0
1848	5.0	7.0
1849	3.0	6.0
1850	9.0	10.0
1851	5.0	4.0
1852	6.0	3.0
1853	7.0	12.0
1854	3.0	6.0
1855	4.0	6.0
1856	7.0	5.0
1857	6.0	8.0
1858	3.0	4.0
1859	8.0	11.0
1860	3.0	3.0
1861	5.0	4.0
1862	9.0	13.0
1863	7.0	7.0
1864	9.0	8.0
1865	5.0	4.0
1866	6.0	5.0
1867	11.0	3.0
1868	11.0	9.0
1869	2.0	3.0
1870	6.0	3.0
1871	6.0	9.0
1872	3.0	5.0
1873	4.0	8.0
1874	6.0	5.0
1875	4.0	8.0
1876	7.0	11.0
1877	11.0	7.0
1878	3.0	7.0
1879	2.0	6.0
1880	4.0	9.0
1881	2.0	10.0
1882	4.0	3.0
1883	8.0	5.0
1884	7.0	8.0
1885	5.0	9.0
1886	5.0	11.0
1887	7.0	7.0
1888	7.0	3.0
1889	8.0	7.0
1890	6.0	8.0
1891	9.0	4.0
1892	10.0	6.0
1893	3.0	4.0
1894	4.0	3.0
1895	3.0	7.0
1896	7.0	3.0
1897	6.0	5.0
1898	6.0	6.0
1899	6.0	6.0
1900	7.0	3.0
1901	6.0	5.0
1902	5.0	3.0
1903	8.0	10.0
1904	2.0	6.0
1905	8.0	7.0
1906	6.0	6.0
1907	6.0	4.0
1908	8.0	5.0
1909	7.0	7.0
1910	4.0	3.0
1911	5.0	8.0
1912	5.0	4.0
1913	9.0	8.0
1914	9.0	5.0
1915	10.0	5.0
1916	12.0	4.0
1917	8.0	10.0
1918	7.0	8.0
1919	7.0	5.0
1920	3.0	11.0
1921	9.0	1.0
1922	9.0	8.0
1923	9.0	8.0
1924	4.0	3.0
1925	6.0	1.0
1926	13.0	4.0
1927	6.0	8.0
1928	6.0	6.0
1929	8.0	4.0
1930	8.0	8.0
1931	6.0	6.0
1932	7.0	8.0
1933	5.0	9.0
1934	8.0	5.0
1935	5.0	9.0
1936	6.0	8.0
1937	4.0	5.0
1938	12.0	8.0
1939	5.0	6.0
1940	5.0	3.0
1941	7.0	1.0
1942	3.0	6.0
1943	8.0	5.0
1944	4.0	5.0
1945	7.0	8.0
1946	5.0	6.0
1947	5.0	4.0
1948	8.0	4.0
1949	7.0	3.0
1950	7.0	4.0
1951	4.0	9.0
1952	8.0	6.0
1953	9.0	4.0
1954	4.0	7.0
1955	8.0	1.0
1956	1.0	8.0
1957	3.0	6.0
1958	8.0	6.0
1959	13.0	7.0
1960	4.0	6.0
1961	2.0	4.0
1962	5.0	8.0
1963	7.0	7.0
1964	5.0	8.0
1965	6.0	6.0
1966	5.0	4.0
1967	3.0	3.0
1968	4.0	8.0
1969	7.0	5.0
1970	6.0	11.0
1971	5.0	6.0
1972	10.0	7.0
1973	9.0	4.0
1974	7.0	5.0
1975	6.0	6.0
1976	5.0	6.0
1977	6.0	7.0
1978	4.0	9.0
1979	5.0	7.0
1980	7.0	2.0
1981	8.0	6.0
1982	3.0	6.0
1983	9.0	7.0
1984	6.0	6.0
1985	9.0	6.0
1986	6.0	7.0
1987	5.0	3.0
1988	5.0	5.0
1989	13.0	7.0
1990	5.0	9.0
1991	5.0	10.0
1992	10.0	4.0
1993	11.0	6.0
1994	3.0	7.0
1995	9.0	5.0
1996	7.0	4.0
1997	5.0	10.0
1998	9.0	9.0
1999	7.0	6.0
