Offset	A	C	G	T	A/T	C/G	A/G	C/T	AA	AC	AG	AT	CA	CC	CG	CT	GA	GC	GG	GT	TA	TC	TG	TT	N	NN
-50	0.297116	0.203928	0.200544	0.298412	0.344811	0.151673	0.256429	0.260154	0.098431	0.057258	0.061419	0.080008	0.076946	0.043084	0.022377	0.061520	0.056024	0.045658	0.040554	0.058308	0.067327	0.056505	0.075536	0.099045	79055.0	79055.0
-49	0.298727	0.202510	0.199885	0.298879	0.341279	0.151552	0.257155	0.260513	0.097881	0.059047	0.062406	0.079394	0.075099	0.042173	0.022124	0.063114	0.054746	0.045133	0.042122	0.057883	0.066371	0.057592	0.077281	0.097634	79055.5	79055.5
-48	0.294097	0.203945	0.203933	0.298025	0.339637	0.153197	0.257694	0.259054	0.096496	0.056941	0.062482	0.078173	0.077269	0.042224	0.022358	0.062096	0.056973	0.046872	0.041743	0.058345	0.067333	0.057099	0.075960	0.097635	79055.5	79055.0
-47	0.298075	0.203136	0.202541	0.296248	0.338882	0.153917	0.256661	0.258553	0.096711	0.059376	0.062317	0.079672	0.075099	0.043564	0.022307	0.062165	0.055164	0.045576	0.042470	0.059332	0.065954	0.056277	0.077471	0.096546	79055.5	79055.5
-46	0.292922	0.204802	0.204561	0.297716	0.335163	0.154091	0.256714	0.258782	0.093970	0.057743	0.063125	0.078083	0.077893	0.042659	0.022117	0.062132	0.056181	0.045878	0.043437	0.059065	0.066635	0.057515	0.077090	0.096475	79057.0	79057.0
-45	0.294674	0.203798	0.205772	0.295756	0.333367	0.157643	0.255969	0.259169	0.094108	0.059545	0.061973	0.079049	0.075628	0.044353	0.021920	0.061897	0.055933	0.047414	0.043955	0.058469	0.064813	0.057521	0.078025	0.095398	79058.5	79058.5
-44	0.290486	0.208831	0.205872	0.294811	0.333011	0.156035	0.255107	0.261166	0.094012	0.056692	0.061492	0.078290	0.078233	0.043847	0.022401	0.064351	0.056211	0.046396	0.043392	0.059873	0.064496	0.056755	0.077347	0.096213	79059.0	79059.0
-43	0.292948	0.203693	0.204636	0.298722	0.333753	0.155135	0.254383	0.258702	0.093296	0.058348	0.062668	0.078636	0.076727	0.043144	0.022148	0.061675	0.055281	0.046705	0.043138	0.059512	0.065880	0.057943	0.078959	0.095940	79060.0	79060.0
-42	0.291188	0.206140	0.206911	0.295761	0.334832	0.155425	0.256203	0.262274	0.095054	0.057096	0.061080	0.077959	0.077523	0.042847	0.021686	0.064084	0.056482	0.047306	0.043587	0.059537	0.064172	0.057696	0.076245	0.097647	79060.5	79060.5
-41	0.293234	0.204942	0.202602	0.299223	0.335517	0.153545	0.256300	0.260746	0.095951	0.058935	0.061123	0.077225	0.077743	0.043220	0.022318	0.061661	0.056292	0.045073	0.042935	0.058303	0.064671	0.058195	0.078686	0.097671	79061.5	79061.5
-40	0.294659	0.205420	0.205066	0.294855	0.339168	0.154498	0.258074	0.260775	0.096765	0.056968	0.062153	0.078773	0.077357	0.043586	0.022236	0.062242	0.056569	0.046090	0.042587	0.059820	0.065221	0.056538	0.074688	0.098409	79062.5	79062.5
-39	0.295910	0.203186	0.201662	0.299242	0.339963	0.151885	0.255790	0.260678	0.096714	0.057878	0.062438	0.078880	0.075459	0.042441	0.022349	0.062937	0.055298	0.045755	0.041340	0.059269	0.066352	0.057283	0.077590	0.098017	79063.0	79063.0
-38	0.293827	0.203356	0.203716	0.299101	0.337294	0.154668	0.258054	0.260122	0.095961	0.057100	0.062634	0.078128	0.075756	0.042884	0.023450	0.061268	0.056297	0.045173	0.043162	0.059086	0.065682	0.058447	0.077451	0.097523	79063.5	79063.0
-37	0.293691	0.203612	0.206698	0.295999	0.333759	0.157340	0.260338	0.259339	0.096478	0.056871	0.063499	0.076842	0.075565	0.043294	0.022140	0.062613	0.056195	0.047740	0.044166	0.058598	0.064681	0.057674	0.077886	0.095757	79064.5	79064.5
-36	0.292924	0.205578	0.207690	0.293809	0.330905	0.157225	0.257529	0.256997	0.093878	0.058148	0.062834	0.078062	0.077297	0.042984	0.023278	0.062019	0.056782	0.046930	0.044033	0.059944	0.064238	0.057269	0.077575	0.094726	79065.0	79065.0
-35	0.292196	0.205331	0.207721	0.294751	0.327237	0.159034	0.256403	0.256479	0.092500	0.059609	0.063277	0.076810	0.077790	0.043521	0.022393	0.061627	0.056030	0.048523	0.044596	0.058572	0.063656	0.057061	0.079763	0.094271	79065.0	79065.0
-34	0.289975	0.208713	0.210028	0.291284	0.327393	0.158691	0.256578	0.256907	0.092929	0.056491	0.062771	0.077784	0.078789	0.043704	0.023329	0.062891	0.057010	0.047789	0.043869	0.061361	0.063340	0.056972	0.077632	0.093340	79065.5	79065.5
-33	0.292066	0.204955	0.207605	0.295373	0.329326	0.157451	0.256476	0.257766	0.093871	0.059248	0.062353	0.076594	0.076417	0.043369	0.022614	0.062555	0.055827	0.047043	0.044425	0.060310	0.064693	0.057673	0.078839	0.094168	79066.0	79066.0
-32	0.290810	0.207330	0.208235	0.293624	0.332168	0.156829	0.255821	0.258224	0.095097	0.057135	0.061062	0.077517	0.078130	0.043950	0.022487	0.062763	0.056730	0.047460	0.042932	0.061113	0.065451	0.057407	0.076663	0.094104	79067.0	79067.0
-31	0.295408	0.205952	0.203144	0.295496	0.333768	0.155526	0.256340	0.260969	0.095356	0.059703	0.062434	0.077915	0.076954	0.043754	0.022664	0.062580	0.055725	0.046284	0.042824	0.058311	0.064148	0.058286	0.076713	0.096349	79067.0	79067.0
-30	0.292187	0.208025	0.204635	0.295153	0.336137	0.155108	0.255529	0.262630	0.094830	0.056711	0.061871	0.078774	0.077377	0.043166	0.023157	0.064325	0.056306	0.046264	0.042521	0.059544	0.064559	0.057166	0.075455	0.097973	79067.5	79067.5
-29	0.293071	0.203306	0.203002	0.300621	0.337136	0.154975	0.255971	0.261991	0.095823	0.059696	0.061011	0.076542	0.075202	0.043286	0.022784	0.062029	0.055674	0.045442	0.043463	0.058425	0.065931	0.057837	0.078016	0.098840	79068.0	79067.5
-28	0.292630	0.206260	0.205274	0.295836	0.333700	0.155616	0.256613	0.259200	0.094477	0.056889	0.062599	0.078668	0.077207	0.042825	0.023689	0.062536	0.056130	0.045696	0.043406	0.060038	0.064009	0.057294	0.077991	0.096545	79067.5	79066.5
-27	0.291822	0.202702	0.207691	0.297785	0.330479	0.158359	0.258003	0.258458	0.094496	0.058444	0.062681	0.076201	0.075006	0.043299	0.022532	0.061865	0.056136	0.047839	0.044690	0.059026	0.064939	0.058450	0.079553	0.094844	79067.0	79067.0
-26	0.290581	0.208031	0.209454	0.291934	0.328137	0.158959	0.257748	0.259708	0.092598	0.056705	0.063737	0.077541	0.076352	0.043899	0.023821	0.063958	0.057324	0.047150	0.044089	0.060891	0.063389	0.057242	0.076694	0.094609	79067.5	79067.5
-25	0.289665	0.204992	0.208343	0.297000	0.323376	0.161720	0.255796	0.260741	0.090946	0.059056	0.063875	0.075788	0.073929	0.045916	0.022525	0.062623	0.055831	0.048135	0.045144	0.059233	0.063476	0.059037	0.081321	0.093165	79069.0	79069.0
-24	0.284182	0.212144	0.212865	0.290809	0.321479	0.162390	0.254430	0.257111	0.090402	0.056583	0.061990	0.075206	0.080253	0.045163	0.023720	0.063008	0.057627	0.049096	0.044411	0.061731	0.063261	0.056331	0.078609	0.092609	79069.0	79069.0
-23	0.291547	0.207172	0.208728	0.292553	0.323102	0.162193	0.256135	0.259885	0.092197	0.060871	0.062888	0.075592	0.076338	0.045795	0.023290	0.061749	0.056552	0.048609	0.044499	0.059068	0.061749	0.058777	0.078463	0.093563	79069.5	79069.5
-22	0.286839	0.214056	0.209136	0.289969	0.323648	0.159977	0.254102	0.259623	0.090546	0.057031	0.062198	0.077064	0.080257	0.045459	0.023277	0.065062	0.056766	0.046648	0.044593	0.061129	0.063582	0.056646	0.077285	0.092455	79070.5	79070.5
-21	0.291152	0.205787	0.207355	0.295705	0.325058	0.160708	0.256235	0.263292	0.092599	0.060135	0.062886	0.075532	0.073920	0.045775	0.022966	0.063126	0.056518	0.047735	0.044232	0.058870	0.062291	0.059756	0.079023	0.094635	79072.0	79072.0
-20	0.285331	0.213398	0.209104	0.292167	0.326673	0.159296	0.255738	0.263042	0.091902	0.055556	0.062076	0.075797	0.080400	0.045433	0.022827	0.064738	0.057845	0.047121	0.043915	0.060223	0.063290	0.057188	0.076006	0.095684	79073.0	79073.0
-19	0.293442	0.205296	0.204822	0.296439	0.329364	0.158340	0.256761	0.261592	0.094317	0.059951	0.063043	0.076132	0.075727	0.045489	0.022283	0.061797	0.055202	0.046368	0.044199	0.059053	0.063270	0.058661	0.078863	0.095645	79073.5	79073.5
-18	0.288509	0.210482	0.208389	0.292619	0.329402	0.159747	0.257920	0.263256	0.094676	0.055972	0.061840	0.076023	0.078362	0.045286	0.023301	0.063535	0.057382	0.047139	0.044021	0.059848	0.062567	0.058299	0.075612	0.096137	79075.5	79075.0
-17	0.292990	0.206700	0.204771	0.295538	0.327432	0.157886	0.256140	0.263563	0.093612	0.059942	0.062857	0.076578	0.073910	0.044609	0.022813	0.065367	0.055864	0.046658	0.043806	0.058444	0.061871	0.058216	0.080081	0.095370	79076.0	79076.0
-16	0.285257	0.209425	0.209558	0.295760	0.326142	0.159859	0.255046	0.262532	0.091014	0.055965	0.062415	0.075864	0.078804	0.043844	0.023427	0.063350	0.057008	0.047979	0.044609	0.059961	0.063015	0.059089	0.077407	0.096249	79076.0	79076.0
-15	0.289842	0.206873	0.207853	0.295432	0.323411	0.163017	0.254345	0.261775	0.091221	0.059733	0.062843	0.076046	0.075015	0.045367	0.023192	0.063299	0.055951	0.050128	0.044330	0.057444	0.062211	0.059176	0.080111	0.093933	79077.5	79077.5
-14	0.284398	0.214404	0.210477	0.290721	0.319705	0.162929	0.256053	0.258329	0.090519	0.056103	0.063514	0.074263	0.081667	0.044905	0.024406	0.063425	0.056919	0.048516	0.045101	0.059941	0.062875	0.057949	0.077848	0.092049	79077.5	79077.5
-13	0.291974	0.207482	0.210865	0.289679	0.316563	0.165727	0.259911	0.259620	0.091162	0.062950	0.064050	0.073812	0.075203	0.046201	0.023091	0.062988	0.057063	0.048799	0.047636	0.057367	0.060085	0.058928	0.079161	0.091503	79079.0	79079.0
-12	0.283510	0.216888	0.213935	0.285666	0.318190	0.163271	0.259250	0.259825	0.091224	0.055722	0.062740	0.073824	0.082543	0.045802	0.023653	0.064890	0.059282	0.047812	0.046004	0.060837	0.060749	0.056740	0.075784	0.092394	79080.0	79080.0
-11	0.293800	0.206080	0.208179	0.291941	0.323061	0.161442	0.255554	0.260594	0.092108	0.063713	0.062506	0.075473	0.075214	0.046446	0.022496	0.061924	0.057024	0.048583	0.043917	0.058655	0.062044	0.058788	0.077674	0.093436	79081.0	79081.0
-10	0.286390	0.217530	0.206592	0.289488	0.326975	0.158173	0.254574	0.263616	0.093025	0.055323	0.061488	0.076554	0.082985	0.045675	0.023950	0.064921	0.058345	0.046832	0.041717	0.059698	0.061336	0.056961	0.075132	0.096060	79081.0	79081.0
-9	0.295699	0.204787	0.202284	0.297229	0.334261	0.157021	0.256771	0.263461	0.095527	0.059862	0.062562	0.077748	0.074164	0.044289	0.023520	0.062815	0.055272	0.045801	0.043411	0.057801	0.062094	0.057466	0.078779	0.098891	79082.0	79082.0
-8	0.287055	0.207416	0.208270	0.297259	0.327721	0.159138	0.250473	0.274517	0.087529	0.057731	0.063921	0.077874	0.076148	0.043847	0.022546	0.064875	0.054601	0.048323	0.044422	0.060924	0.056839	0.060317	0.074625	0.105478	79082.5	79082.5
-7	0.275118	0.210217	0.205513	0.309152	0.310056	0.168817	0.229223	0.296387	0.072361	0.061822	0.062985	0.077950	0.066456	0.050574	0.022742	0.070445	0.048380	0.050005	0.045497	0.061632	0.051895	0.067518	0.081889	0.107849	79082.5	79082.5
-6	0.239095	0.229922	0.213110	0.317873	0.264575	0.188642	0.265239	0.229226	0.071621	0.043328	0.075490	0.048657	0.095469	0.043593	0.037524	0.053336	0.056851	0.046249	0.061277	0.048733	0.068055	0.056055	0.117521	0.076242	79083.5	79083.5
-5	0.292000	0.189223	0.291810	0.226968	0.240143	0.232063	0.289167	0.221347	0.070969	0.084575	0.071924	0.064533	0.062977	0.055251	0.021901	0.049093	0.075173	0.083810	0.071102	0.061726	0.046520	0.058880	0.063445	0.058122	79084.0	79084.0
-4	0.255636	0.282512	0.228381	0.233470	0.265305	0.175300	0.260354	0.221162	0.074028	0.045293	0.067826	0.068490	0.120706	0.047980	0.035513	0.078315	0.068882	0.042189	0.049618	0.067687	0.061946	0.034027	0.076659	0.060840	79085.0	79084.5
-3	0.325561	0.169495	0.229614	0.275330	0.247190	0.217639	0.211070	0.264753	0.062256	0.120781	0.064854	0.077670	0.048726	0.068534	0.014244	0.037991	0.042676	0.093577	0.041285	0.052077	0.046855	0.097819	0.070247	0.060410	79085.0	79085.0
-2	0.200511	0.380708	0.190629	0.228152	0.272597	0.141809	0.222588	0.275777	0.080362	0.023152	0.040159	0.056837	0.171808	0.046956	0.035664	0.126281	0.068812	0.025934	0.033255	0.062628	0.063893	0.031036	0.061718	0.071505	79085.5	79085.5
-1	0.384878	0.127077	0.170795	0.317250	0.222113	0.180000	0.340636	0.164821	0.075424	0.106062	0.153586	0.049807	0.043813	0.038199	0.027078	0.017987	0.038774	0.041872	0.072851	0.017298	0.059713	0.071467	0.148901	0.037168	79086.0	79086.0
0	0.217726	0.257605	0.402413	0.122256	0.187766	0.238949	0.239467	0.235554	0.044394	0.051746	0.041599	0.079987	0.077913	0.062734	0.017632	0.099326	0.079481	0.084589	0.073994	0.164349	0.021217	0.031326	0.027545	0.042168	79088.0	79088.0
1	0.223003	0.230400	0.160769	0.385827	0.309476	0.155117	0.170556	0.346403	0.055444	0.050425	0.049982	0.067153	0.062310	0.061438	0.021312	0.085341	0.034341	0.041580	0.030788	0.054060	0.077470	0.090215	0.108733	0.109409	79088.5	79088.5
2	0.229566	0.243664	0.210809	0.315961	0.284870	0.189271	0.119736	0.359386	0.032128	0.069522	0.033519	0.094398	0.059761	0.074061	0.022917	0.086926	0.028164	0.066367	0.025926	0.090352	0.052389	0.092445	0.065172	0.105955	79090.5	79090.5
3	0.172442	0.302394	0.147534	0.377631	0.369124	0.110279	0.150126	0.329308	0.051138	0.030933	0.025522	0.064850	0.127241	0.043659	0.022500	0.108990	0.048255	0.018909	0.025212	0.055159	0.126394	0.049918	0.074580	0.126742	79090.5	79090.0
4	0.353028	0.143419	0.147813	0.355740	0.367866	0.107270	0.321223	0.153502	0.117006	0.055791	0.110197	0.070034	0.072253	0.022860	0.020957	0.027349	0.050006	0.019440	0.044013	0.034353	0.124668	0.047136	0.127778	0.056158	79090.0	79090.0
5	0.363939	0.145224	0.302947	0.187890	0.284847	0.187605	0.359754	0.125728	0.102919	0.082822	0.087917	0.090282	0.065039	0.025749	0.021399	0.033038	0.092020	0.063559	0.076898	0.070469	0.054715	0.030010	0.066233	0.036932	79091.5	79091.5
6	0.314695	0.202137	0.252451	0.230717	0.301230	0.162752	0.339387	0.177444	0.103139	0.057496	0.085116	0.068945	0.097588	0.032614	0.021342	0.050593	0.087315	0.044979	0.063818	0.056339	0.072036	0.037127	0.064444	0.057110	79092.5	79092.5
7	0.360078	0.172216	0.234719	0.232987	0.209381	0.222954	0.245390	0.245118	0.053298	0.140266	0.091481	0.075032	0.038417	0.069141	0.017555	0.047103	0.041831	0.077479	0.058779	0.056630	0.028599	0.076423	0.075513	0.052451	79092.5	79092.5
8	0.162146	0.363309	0.243329	0.231217	0.220843	0.186566	0.179910	0.327452	0.041799	0.036021	0.034453	0.049872	0.129886	0.072447	0.027828	0.133148	0.063261	0.045896	0.040396	0.093776	0.054417	0.047103	0.054942	0.074754	79092.5	79092.5
9	0.289364	0.201467	0.157619	0.351550	0.251825	0.158890	0.264406	0.230894	0.065057	0.059462	0.109966	0.054879	0.073585	0.039650	0.035857	0.052375	0.039504	0.033505	0.049878	0.034731	0.058438	0.065417	0.154243	0.073452	79092.5	79092.5
10	0.236592	0.198030	0.349938	0.215440	0.243489	0.209864	0.259653	0.215617	0.058772	0.053594	0.047545	0.076681	0.073514	0.042506	0.017454	0.064556	0.089021	0.085588	0.064316	0.111013	0.046792	0.047311	0.060093	0.061244	79094.0	79094.0
11	0.268099	0.229000	0.189408	0.313494	0.251239	0.182700	0.223822	0.256195	0.058481	0.065340	0.077831	0.066446	0.076099	0.050156	0.034554	0.068191	0.038208	0.048689	0.049302	0.053209	0.057659	0.069196	0.117986	0.068652	79094.0	79094.0
12	0.230447	0.233381	0.279674	0.256499	0.230757	0.233735	0.220699	0.287500	0.057141	0.062584	0.050067	0.060656	0.067085	0.070991	0.023674	0.071630	0.057868	0.083445	0.055624	0.082737	0.045035	0.076953	0.066585	0.067926	79094.0	79094.0
13	0.227128	0.293973	0.195950	0.282948	0.250904	0.199295	0.228431	0.269230	0.073229	0.051199	0.054549	0.048152	0.113624	0.066042	0.037955	0.076352	0.054960	0.049606	0.045692	0.045692	0.061079	0.058393	0.095032	0.068444	79094.0	79094.0
14	0.302891	0.225243	0.233227	0.238639	0.291152	0.177743	0.287827	0.234700	0.100785	0.061142	0.070043	0.070921	0.085859	0.049011	0.024591	0.065782	0.065428	0.052570	0.051571	0.063658	0.049308	0.049770	0.069423	0.070138	79094.5	79094.5
15	0.301380	0.212493	0.215628	0.270499	0.313675	0.166516	0.272187	0.254626	0.101252	0.060118	0.065403	0.074607	0.075290	0.046963	0.023630	0.066610	0.060491	0.050882	0.045041	0.059214	0.053145	0.056382	0.076301	0.084671	79094.5	79094.5
16	0.290178	0.214345	0.210375	0.285102	0.324479	0.162470	0.262654	0.262129	0.097453	0.055408	0.062887	0.074430	0.079544	0.045869	0.024641	0.064290	0.057924	0.047570	0.044390	0.060491	0.058430	0.057804	0.074702	0.094166	79094.5	79094.5
17	0.293352	0.206652	0.206620	0.293377	0.320623	0.161471	0.262724	0.260429	0.094349	0.058727	0.065871	0.074405	0.074885	0.043872	0.024648	0.063247	0.057286	0.047734	0.045218	0.056382	0.058506	0.059947	0.081561	0.093363	79094.5	79094.5
18	0.285026	0.210280	0.217297	0.287397	0.315774	0.165378	0.261712	0.261105	0.093477	0.057495	0.062666	0.071389	0.077344	0.045344	0.024389	0.063203	0.059214	0.049289	0.046356	0.062438	0.057849	0.059498	0.076990	0.093060	79094.5	79094.5
19	0.287883	0.211627	0.210400	0.290090	0.309187	0.167388	0.258697	0.260258	0.089861	0.060681	0.065042	0.072300	0.077142	0.046533	0.024951	0.063001	0.057476	0.049586	0.046318	0.057020	0.057532	0.061231	0.081832	0.089494	79094.5	79094.5
20	0.282011	0.218030	0.218144	0.281815	0.305280	0.172800	0.257047	0.261605	0.088066	0.059593	0.063538	0.070814	0.080575	0.049112	0.024774	0.063570	0.057792	0.051261	0.047652	0.061439	0.056243	0.058765	0.076649	0.090158	79094.5	79094.5
21	0.282675	0.218732	0.212613	0.285981	0.302809	0.171245	0.256554	0.261504	0.087516	0.060832	0.064094	0.070232	0.080170	0.048208	0.025558	0.064796	0.058038	0.050572	0.046906	0.057096	0.056502	0.059941	0.080979	0.088559	79094.5	79094.5
22	0.282226	0.219554	0.217537	0.280683	0.302549	0.171068	0.261011	0.258627	0.088995	0.059081	0.065030	0.069120	0.082281	0.046950	0.024730	0.065592	0.058967	0.051369	0.048019	0.059182	0.056932	0.058582	0.077667	0.087503	79094.5	79094.5
23	0.287175	0.215982	0.215445	0.281398	0.304313	0.170043	0.263413	0.258248	0.090411	0.060466	0.065965	0.070334	0.079848	0.046508	0.025286	0.064341	0.059764	0.050977	0.047273	0.057431	0.055105	0.058936	0.078893	0.088464	79094.5	79094.5
24	0.285127	0.216886	0.217417	0.280569	0.305736	0.169127	0.261554	0.256503	0.089109	0.058417	0.066003	0.071598	0.081327	0.046773	0.024692	0.064094	0.059195	0.050414	0.047247	0.060560	0.057254	0.057861	0.077679	0.087775	79094.5	79094.5
25	0.286885	0.213466	0.215622	0.284027	0.307910	0.171061	0.260625	0.259980	0.090291	0.060124	0.064600	0.071870	0.076605	0.046855	0.025413	0.064594	0.058645	0.051704	0.047089	0.058184	0.056553	0.059334	0.078944	0.089197	79094.5	79094.5
26	0.282093	0.218018	0.216045	0.283844	0.309661	0.168634	0.258760	0.262483	0.090221	0.058051	0.062912	0.070909	0.080183	0.046950	0.024711	0.066174	0.058380	0.049725	0.047247	0.060693	0.057520	0.058348	0.076965	0.091011	79094.5	79094.5
27	0.286303	0.213074	0.211835	0.288787	0.309958	0.169102	0.258254	0.261649	0.090164	0.060365	0.064764	0.071010	0.076687	0.046893	0.025065	0.064429	0.056761	0.050579	0.046565	0.057931	0.058266	0.059808	0.080195	0.090518	79094.5	79094.5
28	0.281878	0.217645	0.216589	0.283888	0.308011	0.171131	0.258084	0.262559	0.089892	0.058215	0.062710	0.071061	0.080056	0.047905	0.024641	0.065042	0.058063	0.051167	0.047418	0.059941	0.056913	0.059467	0.077363	0.090145	79094.5	79094.5
29	0.284925	0.216753	0.212132	0.286189	0.304749	0.169734	0.257034	0.260815	0.088230	0.060440	0.065384	0.070871	0.079335	0.048581	0.024635	0.064202	0.057381	0.050478	0.046040	0.058234	0.057564	0.059947	0.080593	0.088085	79094.5	79094.5
30	0.282510	0.219446	0.216652	0.281391	0.306241	0.172528	0.258710	0.259974	0.089621	0.058373	0.062691	0.071825	0.080511	0.048695	0.024957	0.065283	0.058291	0.050768	0.048107	0.059486	0.057299	0.058500	0.078096	0.087497	79094.5	79094.5
31	0.285722	0.216336	0.213852	0.284091	0.302120	0.168621	0.257711	0.257154	0.088097	0.061016	0.065529	0.071080	0.080720	0.046388	0.024743	0.064486	0.057735	0.051141	0.046350	0.058626	0.056319	0.059656	0.081491	0.086624	79094.5	79094.5
32	0.282870	0.218201	0.218113	0.280816	0.302657	0.172212	0.257711	0.260126	0.086833	0.060131	0.064606	0.071301	0.080385	0.049005	0.024054	0.064758	0.058544	0.051426	0.047728	0.060415	0.056432	0.058272	0.078021	0.088091	79094.5	79094.5
33	0.282194	0.218833	0.214408	0.284565	0.304161	0.169019	0.257774	0.261238	0.086599	0.059701	0.065245	0.070650	0.080467	0.048019	0.024686	0.065662	0.059113	0.049498	0.046817	0.058980	0.058588	0.059233	0.078419	0.088325	79094.5	79094.5
34	0.284767	0.216450	0.215167	0.283616	0.307196	0.170075	0.258501	0.260220	0.088919	0.059751	0.064423	0.071674	0.078925	0.048429	0.024414	0.064682	0.058063	0.050136	0.047096	0.059871	0.058101	0.058607	0.078406	0.088502	79094.5	79094.5
35	0.284008	0.216924	0.214339	0.284729	0.306435	0.168522	0.258523	0.259806	0.089653	0.060669	0.063438	0.070252	0.079349	0.046711	0.025141	0.065720	0.058538	0.049777	0.046894	0.059133	0.058526	0.059373	0.078824	0.088003	79094.5	79093.5
36	0.286066	0.216529	0.214297	0.283108	0.309393	0.165981	0.258883	0.257986	0.089811	0.058741	0.064696	0.072819	0.080417	0.046148	0.024737	0.065227	0.058298	0.049018	0.046078	0.060903	0.058007	0.057856	0.078489	0.088756	79093.5	79093.5
37	0.286534	0.211762	0.214000	0.287704	0.311372	0.165266	0.259585	0.258144	0.090766	0.059967	0.064063	0.071738	0.078199	0.045800	0.024250	0.063513	0.059417	0.049878	0.045339	0.059366	0.058842	0.058804	0.080032	0.090026	79093.5	79093.5
38	0.287223	0.214449	0.213684	0.284644	0.309615	0.167947	0.260318	0.261374	0.089679	0.060106	0.065265	0.072174	0.078142	0.047336	0.024294	0.064677	0.058077	0.049018	0.047298	0.059291	0.057457	0.059057	0.077826	0.090305	79093.5	79093.5
39	0.283355	0.215517	0.214683	0.286446	0.303510	0.167455	0.257558	0.258854	0.086993	0.060802	0.065505	0.070057	0.079729	0.046546	0.024446	0.064797	0.059158	0.050561	0.045902	0.059063	0.057888	0.058937	0.081044	0.088573	79093.5	79093.0
40	0.283767	0.216846	0.216897	0.282490	0.304679	0.169889	0.256635	0.258518	0.087220	0.060081	0.064803	0.071662	0.080171	0.048108	0.024161	0.064405	0.058109	0.051117	0.046502	0.061168	0.057559	0.057767	0.078926	0.088238	79093.0	79093.0
41	0.283059	0.217074	0.214393	0.285474	0.302808	0.168827	0.255535	0.258044	0.086398	0.060208	0.065777	0.070676	0.080159	0.047021	0.024402	0.065493	0.055997	0.050042	0.047362	0.060991	0.059462	0.059259	0.080481	0.086272	79093.0	79093.0
42	0.282016	0.216530	0.218022	0.283432	0.303820	0.170584	0.255098	0.258367	0.085697	0.059797	0.063899	0.072623	0.079470	0.047564	0.023795	0.065701	0.057837	0.051560	0.047665	0.060960	0.058343	0.057944	0.079988	0.087157	79093.0	79093.0
43	0.281346	0.216865	0.215348	0.286441	0.304426	0.168416	0.256710	0.258025	0.086240	0.060467	0.064393	0.070246	0.080652	0.046464	0.024566	0.065183	0.058848	0.050156	0.047229	0.059114	0.059866	0.058305	0.080197	0.088074	79093.0	79093.0
44	0.285607	0.215392	0.216385	0.282617	0.305861	0.170300	0.257703	0.258341	0.086955	0.060233	0.065619	0.072800	0.079552	0.047330	0.024117	0.064393	0.057932	0.051654	0.047198	0.059601	0.058324	0.058836	0.077674	0.087783	79093.0	79093.0
45	0.282762	0.218053	0.214608	0.284576	0.306810	0.169750	0.256243	0.260270	0.087644	0.059948	0.063514	0.071656	0.080152	0.047318	0.024876	0.065707	0.057888	0.050358	0.047198	0.059165	0.059297	0.059032	0.078035	0.088213	79093.0	79093.0
46	0.284981	0.216656	0.213622	0.284741	0.309024	0.167620	0.258868	0.257357	0.088447	0.059734	0.065031	0.071770	0.079736	0.047015	0.025028	0.064880	0.058299	0.048488	0.047090	0.059746	0.060195	0.056851	0.079078	0.088611	79093.0	79092.5
47	0.286677	0.212087	0.216228	0.285008	0.307857	0.168778	0.261297	0.257384	0.088953	0.061005	0.065291	0.071429	0.078358	0.045953	0.024497	0.063281	0.058754	0.050030	0.048298	0.059140	0.058078	0.058754	0.078782	0.089396	79092.5	79092.0
48	0.284144	0.215742	0.216868	0.283246	0.306738	0.167179	0.259691	0.259192	0.088277	0.059431	0.065184	0.071252	0.080280	0.046661	0.023498	0.065304	0.059241	0.050030	0.046990	0.060607	0.058388	0.058407	0.077631	0.088821	79092.0	79092.0
49	0.286186	0.214529	0.213302	0.285983	0.304051	0.169113	0.258553	0.258225	0.087145	0.060518	0.067023	0.071499	0.078662	0.046819	0.024484	0.064564	0.057737	0.051162	0.046648	0.057756	0.057560	0.058995	0.081582	0.087847	79092.0	79092.0
50	0.281103	0.217494	0.219738	0.281666	0.304626	0.169651	0.257624	0.257921	0.087088	0.059210	0.063281	0.071524	0.080191	0.046952	0.024023	0.066328	0.058837	0.050258	0.048418	0.062225	0.058546	0.057174	0.078478	0.087468	79092.0	79092.0
51	0.284662	0.213593	0.214200	0.287545	0.304639	0.166370	0.259274	0.255797	0.086627	0.061346	0.066321	0.070367	0.080128	0.045542	0.024427	0.063496	0.059178	0.049253	0.047148	0.058622	0.059741	0.058856	0.081045	0.087904	79092.0	79092.0
52	0.285674	0.214996	0.218941	0.280389	0.303634	0.169929	0.258522	0.255475	0.086393	0.060531	0.066012	0.072738	0.079483	0.047571	0.023896	0.064046	0.058697	0.051042	0.047419	0.061782	0.058122	0.057477	0.078409	0.086380	79092.0	79092.0
53	0.282696	0.216621	0.215736	0.284947	0.305657	0.168222	0.255563	0.258313	0.086412	0.059842	0.064191	0.072251	0.080293	0.046863	0.024724	0.064741	0.059096	0.050770	0.045864	0.060006	0.058495	0.058211	0.079743	0.088498	79092.0	79092.0
54	0.284296	0.215686	0.214522	0.285497	0.306030	0.169018	0.256100	0.258509	0.086753	0.060758	0.065215	0.071569	0.078946	0.047230	0.024756	0.064754	0.057420	0.050321	0.046711	0.060069	0.059330	0.058147	0.079641	0.088378	79092.0	79092.0
55	0.282450	0.216457	0.216324	0.284770	0.307441	0.166295	0.257897	0.257626	0.087064	0.058578	0.063850	0.072960	0.081191	0.045814	0.024042	0.065412	0.060948	0.050404	0.046035	0.058932	0.059311	0.058293	0.079060	0.088107	79092.0	79091.5
56	0.288514	0.213089	0.212987	0.285410	0.311178	0.165833	0.258435	0.258176	0.089137	0.060348	0.065443	0.073586	0.078466	0.046016	0.024478	0.064128	0.057642	0.049127	0.046212	0.060006	0.059311	0.058887	0.078068	0.089144	79091.5	79091.5
57	0.284556	0.214378	0.214201	0.286864	0.310008	0.167679	0.258656	0.258093	0.088075	0.059121	0.065595	0.071765	0.079180	0.045157	0.024636	0.065405	0.057484	0.050385	0.047502	0.058831	0.060658	0.058021	0.078675	0.089510	79091.5	79091.5
58	0.285397	0.212684	0.216408	0.285511	0.310585	0.167566	0.257956	0.258430	0.089176	0.059786	0.064009	0.072429	0.078163	0.045852	0.024497	0.064173	0.058616	0.051061	0.046156	0.060569	0.058180	0.057605	0.078928	0.090800	79091.5	79091.0
59	0.284135	0.214304	0.213589	0.287972	0.307881	0.166120	0.257079	0.258811	0.088272	0.059931	0.064274	0.071652	0.080288	0.046504	0.024086	0.063427	0.058136	0.049134	0.046396	0.059925	0.059413	0.060336	0.079681	0.088544	79091.0	79090.5
60	0.286109	0.215905	0.214438	0.283549	0.306845	0.168137	0.257781	0.257332	0.087716	0.060298	0.065488	0.072607	0.079927	0.047066	0.024687	0.064224	0.058895	0.050701	0.045682	0.059160	0.059097	0.058616	0.078410	0.087425	79090.5	79090.5
61	0.285635	0.216682	0.214267	0.283416	0.305271	0.169477	0.257382	0.257477	0.088317	0.060816	0.064553	0.071949	0.080193	0.047635	0.024175	0.064679	0.057927	0.051081	0.046586	0.058673	0.058130	0.058288	0.080123	0.086875	79090.5	79090.5
62	0.284566	0.217820	0.215437	0.282177	0.308141	0.167871	0.257079	0.257288	0.087223	0.059666	0.064812	0.072866	0.080553	0.046459	0.024333	0.066474	0.059008	0.051043	0.046036	0.059350	0.060456	0.056758	0.077367	0.087596	79090.5	79090.5
63	0.287241	0.213926	0.212548	0.286286	0.309592	0.166375	0.258106	0.257676	0.088773	0.061626	0.063845	0.073000	0.078765	0.046372	0.024150	0.064642	0.059148	0.049514	0.046340	0.057549	0.060002	0.058845	0.079612	0.087818	79090.5	79089.5
64	0.286688	0.216356	0.213947	0.283008	0.308998	0.166590	0.258277	0.255824	0.088773	0.060065	0.064863	0.072987	0.081054	0.046106	0.024276	0.064920	0.058086	0.049653	0.046555	0.059654	0.059401	0.056961	0.078809	0.087837	79089.5	79089.5
65	0.287314	0.212784	0.214504	0.285398	0.310793	0.166204	0.260382	0.255615	0.089854	0.061272	0.063890	0.072298	0.079012	0.045316	0.024099	0.064357	0.059173	0.049324	0.047465	0.058541	0.059900	0.057201	0.079555	0.088741	79089.5	79089.5
66	0.287940	0.213113	0.215010	0.283938	0.310429	0.166268	0.259897	0.256407	0.089956	0.060811	0.064661	0.072513	0.079038	0.045992	0.023834	0.064250	0.058820	0.049982	0.046460	0.059743	0.059793	0.057998	0.077982	0.088166	79089.5	79089.0
67	0.287606	0.214783	0.212937	0.284673	0.311160	0.166169	0.258187	0.258560	0.089558	0.060477	0.064529	0.073045	0.078887	0.045930	0.023986	0.065983	0.057739	0.049894	0.046360	0.058941	0.059845	0.057935	0.078179	0.088711	79089.0	79088.0
68	0.286029	0.214236	0.213054	0.286681	0.310439	0.165866	0.255892	0.258617	0.088692	0.059813	0.063967	0.073557	0.079178	0.046486	0.023543	0.065029	0.057866	0.050469	0.045367	0.059352	0.059845	0.058757	0.079734	0.088345	79088.0	79088.0
69	0.285581	0.215526	0.212611	0.286282	0.311844	0.168042	0.258492	0.260800	0.090217	0.059655	0.063936	0.071775	0.078375	0.048143	0.024150	0.064859	0.057917	0.049325	0.046423	0.058947	0.060193	0.058138	0.078287	0.089660	79088.0	79087.5
70	0.286701	0.215262	0.212796	0.285241	0.313071	0.166695	0.257677	0.259011	0.089761	0.059655	0.063088	0.074196	0.079595	0.046720	0.023645	0.065301	0.058132	0.049635	0.046695	0.058334	0.059744	0.057620	0.078508	0.089369	79087.5	79087.5
71	0.287232	0.213630	0.211936	0.287201	0.312453	0.166045	0.256186	0.258304	0.089048	0.059921	0.063968	0.074298	0.079311	0.046411	0.023765	0.064145	0.057007	0.049705	0.046164	0.059062	0.060181	0.058821	0.079267	0.088927	79087.5	79087.0
72	0.285546	0.214858	0.213164	0.286431	0.310470	0.166103	0.257465	0.257174	0.089548	0.060086	0.063854	0.072060	0.079995	0.046879	0.024442	0.063538	0.058506	0.049225	0.045558	0.059877	0.060459	0.058354	0.079217	0.088403	79087.0	79086.5
73	0.288507	0.214544	0.213070	0.283879	0.311153	0.165856	0.258704	0.255859	0.090161	0.060763	0.064404	0.073179	0.080197	0.046222	0.024138	0.063987	0.057993	0.049351	0.046146	0.059580	0.059852	0.057690	0.078376	0.087961	79086.5	79086.5
74	0.288202	0.214030	0.213063	0.284705	0.311520	0.164377	0.258597	0.257971	0.090135	0.061015	0.064031	0.073021	0.080203	0.046000	0.023190	0.064632	0.058126	0.048883	0.046304	0.059751	0.059960	0.058935	0.077409	0.088403	79087.0	79086.5
75	0.288425	0.214834	0.210934	0.285807	0.313037	0.164004	0.257667	0.257674	0.089566	0.060428	0.064942	0.073489	0.080785	0.045343	0.023253	0.065454	0.057368	0.049617	0.045792	0.058158	0.060902	0.057797	0.078028	0.089080	79086.5	79086.5
76	0.288621	0.213184	0.212015	0.286180	0.313947	0.164447	0.256978	0.256422	0.090401	0.060548	0.063702	0.073970	0.080045	0.045918	0.023715	0.063506	0.057450	0.049389	0.045425	0.059751	0.059922	0.057342	0.079261	0.089655	79086.5	79086.5
77	0.287818	0.213197	0.212103	0.286882	0.313505	0.164345	0.257674	0.257977	0.089914	0.060232	0.063841	0.073831	0.079969	0.045665	0.023746	0.063816	0.058253	0.049269	0.045665	0.058917	0.059890	0.058626	0.078496	0.089870	79086.5	79086.5
78	0.288026	0.213791	0.211749	0.286433	0.314017	0.163966	0.259102	0.257768	0.090034	0.060914	0.064878	0.072199	0.079596	0.045583	0.023835	0.064777	0.058733	0.049092	0.045457	0.058468	0.061964	0.057589	0.077061	0.089819	79086.5	79086.5
79	0.290328	0.213178	0.211231	0.285264	0.313981	0.164252	0.260204	0.257467	0.091559	0.060637	0.064727	0.073407	0.079249	0.045830	0.023715	0.064386	0.058190	0.048978	0.045729	0.058335	0.060561	0.058797	0.077447	0.088454	79086.5	79086.0
80	0.289558	0.214241	0.211618	0.284583	0.313888	0.165770	0.259555	0.257765	0.091395	0.059385	0.064841	0.073933	0.079711	0.046892	0.023772	0.063868	0.057659	0.049446	0.045659	0.058854	0.060314	0.058759	0.077264	0.088246	79086.0	79085.5
81	0.289084	0.214482	0.211536	0.284899	0.312502	0.164922	0.260002	0.256480	0.090661	0.059973	0.065226	0.073224	0.080160	0.046841	0.023455	0.064025	0.058291	0.048801	0.045824	0.058620	0.060485	0.057482	0.078800	0.088132	79086.0	79086.0
82	0.289596	0.213097	0.213306	0.284001	0.313028	0.165277	0.258676	0.256033	0.089264	0.061301	0.064304	0.074729	0.078877	0.046045	0.024012	0.064165	0.058987	0.049099	0.046121	0.059094	0.060460	0.057248	0.077720	0.088575	79086.0	79085.5
83	0.287587	0.213693	0.212156	0.286563	0.313016	0.164683	0.256823	0.256684	0.088505	0.059625	0.065385	0.074072	0.080856	0.046165	0.023569	0.063103	0.057703	0.049718	0.045230	0.059505	0.061016	0.057994	0.078131	0.089422	79085.5	79085.5
84	0.288081	0.213503	0.212315	0.286102	0.315547	0.162237	0.258247	0.258039	0.090377	0.060087	0.064273	0.073339	0.080028	0.045660	0.023159	0.064658	0.058791	0.048612	0.044806	0.060106	0.062123	0.058014	0.076260	0.089707	79085.5	79085.0
85	0.291319	0.212373	0.208497	0.287811	0.315321	0.161504	0.258331	0.257566	0.091194	0.060315	0.065917	0.073896	0.079674	0.045154	0.023279	0.064260	0.056680	0.048530	0.044541	0.058747	0.060328	0.058248	0.079333	0.089904	79085.0	79084.5
86	0.287876	0.212248	0.213070	0.286807	0.314307	0.163283	0.258644	0.255945	0.090847	0.060259	0.063616	0.073157	0.078872	0.045534	0.023962	0.063882	0.058691	0.048297	0.045490	0.060588	0.061707	0.057932	0.078569	0.088596	79084.5	79083.5
87	0.290117	0.212023	0.211637	0.286223	0.316128	0.163353	0.259289	0.255028	0.091663	0.060177	0.064147	0.074131	0.079606	0.045509	0.024076	0.062832	0.058419	0.048708	0.045060	0.059450	0.061087	0.057439	0.078449	0.089247	79083.5	79083.5
88	0.290775	0.211833	0.211732	0.285660	0.316210	0.163422	0.261300	0.256564	0.091524	0.059703	0.065595	0.073953	0.078885	0.045806	0.023469	0.063673	0.057699	0.047665	0.046483	0.059886	0.060474	0.056826	0.078101	0.090259	79083.5	79083.5
89	0.288581	0.210000	0.213648	0.287772	0.315847	0.164714	0.259691	0.256669	0.091107	0.060007	0.062972	0.074498	0.078500	0.045269	0.023457	0.062770	0.058995	0.049372	0.046616	0.058667	0.060386	0.058774	0.078753	0.089856	79083.5	79082.5
90	0.288989	0.213423	0.211798	0.285790	0.316132	0.163374	0.259305	0.257630	0.090760	0.060133	0.064502	0.073594	0.079910	0.045661	0.023634	0.064218	0.058673	0.048709	0.045370	0.059046	0.060930	0.056903	0.077109	0.090848	79082.5	79082.5
91	0.290273	0.211406	0.210615	0.287706	0.316151	0.162141	0.259419	0.256523	0.090899	0.060993	0.064667	0.073714	0.078778	0.045522	0.023166	0.063940	0.058629	0.048228	0.045225	0.058534	0.062106	0.057630	0.078538	0.089432	79082.5	79082.5
92	0.290412	0.212373	0.211595	0.285619	0.316182	0.165220	0.259305	0.255872	0.091449	0.060816	0.064079	0.074068	0.078703	0.045895	0.024076	0.063699	0.057807	0.049278	0.045971	0.058540	0.061038	0.056650	0.078304	0.089628	79082.5	79082.5
93	0.288996	0.212639	0.212430	0.285936	0.313632	0.163976	0.258689	0.255686	0.090135	0.060817	0.064427	0.073620	0.079658	0.045510	0.023634	0.063839	0.058560	0.049266	0.045567	0.059028	0.060823	0.057283	0.078779	0.089054	79082.5	79081.5
94	0.289176	0.212875	0.212407	0.285541	0.313782	0.164130	0.257857	0.256713	0.090307	0.060698	0.064074	0.074095	0.079141	0.045852	0.023799	0.064087	0.058529	0.049532	0.044948	0.059395	0.060647	0.058042	0.078123	0.088732	79081.5	79080.5
95	0.288624	0.214124	0.210943	0.286310	0.316351	0.160673	0.257195	0.257505	0.090415	0.059402	0.064100	0.074709	0.080121	0.045201	0.023343	0.065459	0.059250	0.048698	0.043431	0.059566	0.061539	0.057157	0.077921	0.089688	79080.5	79080.0
96	0.291325	0.210458	0.208795	0.289422	0.319710	0.159883	0.259264	0.253966	0.091237	0.059883	0.065415	0.074792	0.080027	0.044398	0.023110	0.062924	0.057657	0.047421	0.044955	0.058757	0.063512	0.056475	0.079268	0.090169	79080.0	79079.5
97	0.292434	0.208177	0.212748	0.286642	0.318884	0.162218	0.262623	0.256041	0.092559	0.060895	0.064638	0.074337	0.077777	0.044064	0.023287	0.063051	0.059162	0.048603	0.046264	0.058720	0.061167	0.058106	0.076550	0.090821	79079.5	79079.0
98	0.290665	0.211668	0.210739	0.286928	0.317389	0.162454	0.260509	0.257252	0.091991	0.059903	0.064348	0.074427	0.078606	0.044671	0.024002	0.064392	0.058430	0.048041	0.045740	0.058524	0.060472	0.057690	0.078264	0.090499	79079.0	79078.0
99	0.289499	0.210305	0.212354	0.287842	0.315602	0.163207	0.259347	0.257020	0.090810	0.060719	0.064361	0.073611	0.078410	0.046328	0.023237	0.062331	0.058809	0.048275	0.045367	0.059903	0.061092	0.058272	0.078385	0.090089	79078.0	79077.5
100	0.289121	0.213594	0.211350	0.285935	0.317189	0.163308	0.257165	0.258006	0.090683	0.059966	0.063375	0.075097	0.080042	0.045576	0.023616	0.064361	0.057836	0.048844	0.045272	0.059397	0.060662	0.057324	0.077203	0.090746	79077.5	79077.5
101	0.289223	0.211710	0.209465	0.289602	0.316991	0.162754	0.257618	0.257731	0.090906	0.059436	0.064140	0.074744	0.079082	0.045627	0.023522	0.063477	0.057577	0.048611	0.044994	0.058285	0.060745	0.058032	0.080226	0.090596	79077.5	79076.5
102	0.288309	0.211706	0.212882	0.287102	0.316746	0.162609	0.258726	0.256121	0.091115	0.059291	0.064027	0.073878	0.079632	0.045229	0.024053	0.062788	0.059418	0.049162	0.044166	0.060138	0.061055	0.057407	0.077944	0.090698	79076.5	79076.0
103	0.291220	0.211088	0.210190	0.287502	0.317991	0.162353	0.259192	0.256967	0.092362	0.059760	0.064591	0.074512	0.078805	0.045324	0.023257	0.063699	0.056352	0.047885	0.045887	0.060057	0.061227	0.058053	0.078338	0.089890	79076.0	79074.5
104	0.288747	0.211023	0.212072	0.288159	0.318975	0.162191	0.258140	0.256205	0.091200	0.060754	0.062663	0.074127	0.079028	0.044832	0.023213	0.063953	0.058439	0.048309	0.045837	0.059489	0.062701	0.056473	0.078035	0.090947	79074.5	79073.5
105	0.291373	0.210366	0.209747	0.288515	0.319119	0.160603	0.257771	0.258132	0.091939	0.060330	0.063320	0.075783	0.078306	0.046008	0.022637	0.063415	0.058110	0.047557	0.044401	0.059678	0.060576	0.057889	0.079230	0.090820	79074.0	79074.0
106	0.288932	0.211783	0.209588	0.289697	0.319703	0.160509	0.256502	0.257925	0.090966	0.059951	0.062847	0.075164	0.079824	0.044800	0.023149	0.064010	0.058123	0.047993	0.044566	0.058907	0.062221	0.057763	0.078364	0.091352	79074.0	79073.5
107	0.291134	0.210507	0.208926	0.289433	0.320581	0.159687	0.260359	0.258108	0.093887	0.059988	0.064004	0.073255	0.078440	0.045154	0.023162	0.063751	0.058357	0.047260	0.044111	0.059198	0.061493	0.057257	0.078737	0.091946	79073.5	79073.5
108	0.292178	0.209659	0.210013	0.288150	0.323098	0.162292	0.258064	0.256527	0.093767	0.059792	0.062334	0.076283	0.078471	0.045224	0.023333	0.062632	0.057137	0.048910	0.044825	0.059141	0.061778	0.057402	0.077700	0.091270	79073.5	79073.5
109	0.291153	0.211329	0.208192	0.289326	0.320463	0.160029	0.257654	0.256605	0.092611	0.060779	0.063245	0.074520	0.079661	0.043852	0.023611	0.064206	0.057573	0.048341	0.044225	0.058054	0.063075	0.058288	0.077700	0.090258	79073.5	79073.0
110	0.292919	0.211260	0.208782	0.287039	0.321608	0.161654	0.260791	0.257066	0.093964	0.059932	0.064415	0.074608	0.078611	0.045243	0.023731	0.063675	0.056897	0.047165	0.045515	0.059205	0.061209	0.056321	0.077681	0.091827	79073.0	79073.0
111	0.290681	0.208662	0.211343	0.289315	0.321079	0.161365	0.259945	0.255841	0.091574	0.060445	0.063499	0.075165	0.078624	0.044320	0.023093	0.062620	0.058826	0.047905	0.046046	0.058567	0.062601	0.057163	0.077815	0.091739	79073.0	79072.5
112	0.291625	0.209833	0.210452	0.288090	0.320809	0.161903	0.259270	0.256412	0.092296	0.059939	0.063986	0.075406	0.076892	0.045794	0.023599	0.063550	0.058276	0.047798	0.044712	0.059661	0.062532	0.056493	0.078492	0.090576	79072.5	79072.0
113	0.289995	0.210024	0.210789	0.289192	0.319173	0.161240	0.259461	0.255667	0.092391	0.060148	0.063645	0.073813	0.078562	0.044194	0.023631	0.063639	0.058422	0.048412	0.045004	0.058953	0.062165	0.057031	0.079188	0.090804	79072.0	79071.5
114	0.291540	0.209785	0.211467	0.287208	0.321017	0.160477	0.258421	0.254109	0.092399	0.060971	0.063121	0.075047	0.079486	0.044675	0.023112	0.062514	0.058505	0.048292	0.044397	0.060275	0.062779	0.056127	0.077507	0.090792	79071.5	79070.5
115	0.293169	0.210066	0.208137	0.288629	0.322360	0.161224	0.257361	0.256469	0.093936	0.061294	0.062325	0.075617	0.078361	0.045144	0.023277	0.063286	0.056874	0.048577	0.044227	0.058461	0.062091	0.057323	0.078494	0.090717	79070.5	79070.0
116	0.291261	0.212337	0.208322	0.288080	0.323051	0.160485	0.258115	0.257666	0.093108	0.059517	0.062812	0.075826	0.079904	0.044493	0.023682	0.064260	0.057121	0.047237	0.045074	0.058885	0.062812	0.057608	0.076357	0.091306	79070.0	79069.5
117	0.292945	0.208854	0.207925	0.290276	0.322748	0.158690	0.258241	0.256262	0.092254	0.060858	0.063634	0.076199	0.078836	0.043898	0.022626	0.063495	0.057430	0.047243	0.044923	0.058328	0.061901	0.056476	0.079506	0.092393	79069.5	79069.5
118	0.290422	0.208475	0.210688	0.290415	0.323247	0.160081	0.258469	0.257584	0.092944	0.060207	0.062768	0.074504	0.077520	0.044733	0.023441	0.062780	0.058657	0.047806	0.044100	0.060124	0.063021	0.057291	0.077324	0.092779	79069.5	79069.5
119	0.292142	0.210037	0.207634	0.290188	0.323688	0.159381	0.256246	0.256164	0.092983	0.060467	0.062661	0.076029	0.078653	0.044683	0.023258	0.063445	0.057071	0.047908	0.043532	0.059126	0.063995	0.057355	0.078154	0.090681	79069.5	79068.5
120	0.292702	0.210412	0.207605	0.289281	0.324250	0.158698	0.256689	0.257239	0.092825	0.060549	0.063009	0.076320	0.078457	0.044215	0.023467	0.064273	0.057223	0.047383	0.043633	0.059366	0.063255	0.056900	0.077275	0.091851	79068.5	79068.5
121	0.291760	0.209047	0.207383	0.291810	0.324295	0.160551	0.259218	0.257081	0.092768	0.059145	0.064160	0.075688	0.077913	0.044626	0.023499	0.063009	0.057589	0.047724	0.044702	0.057368	0.063173	0.056780	0.079191	0.092666	79068.5	79068.5
122	0.291443	0.208275	0.211551	0.288731	0.320983	0.160647	0.259650	0.255818	0.092237	0.060492	0.063028	0.075688	0.078515	0.044582	0.022847	0.062326	0.058918	0.047750	0.045467	0.059417	0.061371	0.057223	0.078451	0.091687	79068.5	79068.0
123	0.291041	0.210047	0.209794	0.289118	0.320840	0.159908	0.259051	0.255238	0.091188	0.060695	0.064439	0.074715	0.078977	0.044057	0.024150	0.062864	0.058728	0.047004	0.044696	0.059367	0.063888	0.057268	0.076915	0.091049	79068.0	79067.5
124	0.292781	0.209024	0.210200	0.287994	0.322307	0.159946	0.259898	0.253657	0.092819	0.059696	0.064141	0.076125	0.078844	0.044196	0.023442	0.062541	0.058482	0.047852	0.044456	0.059411	0.062674	0.056230	0.078401	0.090688	79067.5	79067.5
125	0.292819	0.207974	0.210440	0.288766	0.324602	0.157871	0.259108	0.255984	0.093224	0.059860	0.063016	0.076719	0.077105	0.043210	0.023031	0.064628	0.058425	0.047188	0.044443	0.060385	0.063047	0.056534	0.077573	0.091612	79067.5	79067.5
126	0.291801	0.206792	0.208063	0.293344	0.326303	0.157245	0.256635	0.257166	0.092219	0.060138	0.062794	0.076650	0.077756	0.043691	0.022588	0.062757	0.057786	0.047131	0.043836	0.059310	0.064097	0.057381	0.078528	0.093338	79067.5	79067.5
127	0.291858	0.208341	0.207747	0.292054	0.326748	0.157461	0.257478	0.257181	0.093914	0.059943	0.062327	0.075676	0.078206	0.044311	0.023012	0.062814	0.058381	0.047283	0.042856	0.059222	0.063668	0.056566	0.078332	0.093490	79067.5	79067.0
128	0.294168	0.208102	0.206527	0.291202	0.326816	0.157356	0.260447	0.255837	0.094782	0.059545	0.064174	0.075671	0.078118	0.043824	0.022905	0.063245	0.057553	0.046689	0.043938	0.058350	0.064029	0.056434	0.078409	0.092334	79067.0	79066.0
129	0.294482	0.206492	0.209426	0.289600	0.327819	0.158484	0.262000	0.255347	0.094764	0.058743	0.063871	0.077107	0.077664	0.043319	0.022450	0.063062	0.058306	0.047657	0.045058	0.058408	0.063334	0.056352	0.077291	0.092614	79066.0	79065.0
130	0.294066	0.206076	0.208669	0.291189	0.327992	0.158940	0.257701	0.255007	0.094062	0.061007	0.062139	0.076861	0.077279	0.043540	0.022905	0.062348	0.056707	0.047702	0.044793	0.059464	0.064207	0.056258	0.077867	0.092861	79065.5	79064.5
131	0.292255	0.208507	0.207704	0.291534	0.327273	0.158093	0.256874	0.255192	0.093722	0.059724	0.062494	0.076318	0.078670	0.044350	0.022950	0.062532	0.057814	0.047948	0.042845	0.059098	0.064530	0.055607	0.078696	0.092703	79064.5	79064.0
132	0.294736	0.207629	0.206984	0.290651	0.328856	0.157958	0.259771	0.256900	0.094660	0.059656	0.063336	0.077085	0.078261	0.043795	0.022514	0.063058	0.057626	0.047501	0.044149	0.057702	0.063570	0.056506	0.077041	0.093541	79064.0	79062.0
133	0.294117	0.207457	0.207040	0.291385	0.324973	0.158161	0.258000	0.256090	0.093186	0.061180	0.063551	0.076200	0.077401	0.044920	0.022444	0.062691	0.058030	0.047564	0.043232	0.058214	0.064589	0.057480	0.078318	0.090998	79062.0	79062.0
134	0.293207	0.211144	0.207546	0.288103	0.324385	0.159426	0.258512	0.258342	0.093465	0.060345	0.063817	0.075580	0.078982	0.045452	0.022678	0.064032	0.057796	0.047861	0.043434	0.058454	0.063204	0.056721	0.076042	0.092137	79062.0	79062.0
135	0.293447	0.210379	0.205971	0.290203	0.326514	0.159339	0.258693	0.257004	0.093662	0.059606	0.063204	0.076979	0.079072	0.045364	0.023052	0.062894	0.057532	0.046629	0.044295	0.057506	0.063805	0.056678	0.077655	0.092068	79062.0	79061.0
136	0.294073	0.208280	0.208204	0.289444	0.327003	0.157658	0.259864	0.255323	0.093618	0.059094	0.063951	0.077415	0.078857	0.043821	0.022805	0.062800	0.058019	0.046755	0.044276	0.059157	0.063148	0.055881	0.077580	0.092821	79062.0	79060.5
137	0.293642	0.205551	0.208612	0.292194	0.329539	0.157753	0.259099	0.256557	0.093757	0.061105	0.062161	0.076619	0.077302	0.042866	0.023039	0.062345	0.058607	0.047274	0.044573	0.058158	0.063926	0.056109	0.076922	0.095237	79060.5	79060.5
138	0.293592	0.207354	0.206696	0.292358	0.330565	0.155464	0.257418	0.255863	0.094586	0.060796	0.061732	0.076480	0.078485	0.043075	0.022831	0.062965	0.057956	0.046414	0.043144	0.059183	0.065596	0.055920	0.076935	0.093903	79060.5	79060.0
139	0.296623	0.206204	0.204642	0.292531	0.329992	0.155908	0.260696	0.256041	0.095966	0.059904	0.063699	0.077050	0.077941	0.043923	0.022230	0.062111	0.057419	0.046142	0.043613	0.057469	0.063187	0.056217	0.079339	0.093790	79060.0	79059.5
140	0.294510	0.206185	0.208879	0.290425	0.329600	0.156585	0.260620	0.256010	0.094929	0.059050	0.063503	0.077031	0.077657	0.043733	0.022300	0.062497	0.058557	0.046920	0.043632	0.059771	0.063870	0.056008	0.076771	0.093771	79060.0	79059.5
141	0.295012	0.205712	0.206205	0.293070	0.330567	0.158014	0.256762	0.255643	0.094619	0.060113	0.062282	0.077998	0.077796	0.043809	0.022894	0.061213	0.056274	0.047724	0.043587	0.058620	0.063933	0.056603	0.078517	0.094018	79059.5	79059.5
142	0.292621	0.208248	0.207281	0.291850	0.326779	0.157808	0.257988	0.256299	0.092419	0.059520	0.064042	0.076640	0.078525	0.043569	0.023502	0.062657	0.057338	0.046548	0.044189	0.059203	0.064370	0.056724	0.077405	0.093349	79059.5	79058.0
143	0.292650	0.206360	0.209143	0.291847	0.326562	0.157371	0.257752	0.254837	0.093001	0.059285	0.062846	0.077519	0.078170	0.042450	0.022875	0.062865	0.057856	0.047996	0.044050	0.059241	0.063896	0.057375	0.078429	0.092147	79058.5	79058.5
144	0.292922	0.207106	0.208200	0.291771	0.328139	0.157555	0.257248	0.255167	0.092502	0.059444	0.063245	0.077734	0.078619	0.043386	0.022812	0.062290	0.057224	0.047079	0.044278	0.059621	0.064706	0.056294	0.077570	0.093197	79058.5	79058.0
145	0.293051	0.206203	0.207904	0.292842	0.328681	0.156779	0.256334	0.256378	0.093091	0.060159	0.062278	0.077520	0.077988	0.043355	0.022509	0.062354	0.057553	0.047504	0.043412	0.059432	0.064574	0.057174	0.077602	0.093496	79058.0	79057.0
146	0.293206	0.208192	0.205801	0.292801	0.328938	0.156395	0.256242	0.255907	0.093377	0.058939	0.062728	0.078160	0.079039	0.042723	0.022838	0.063594	0.056530	0.047226	0.043608	0.058440	0.064581	0.056770	0.078628	0.092820	79057.0	79056.0
147	0.293524	0.205657	0.207801	0.293018	0.329482	0.156057	0.258006	0.254951	0.093398	0.060174	0.062881	0.077080	0.078275	0.042477	0.022617	0.062286	0.057815	0.047050	0.043913	0.059016	0.064405	0.055588	0.078427	0.094599	79056.5	79054.5
148	0.293890	0.205287	0.207843	0.292980	0.331324	0.155128	0.259569	0.255616	0.094625	0.058865	0.062887	0.077504	0.078567	0.042692	0.022105	0.061926	0.059124	0.047398	0.042933	0.058390	0.064374	0.056177	0.077612	0.094821	79055.0	79054.0
149	0.296690	0.205132	0.205537	0.292642	0.332089	0.155343	0.260006	0.254952	0.096175	0.059592	0.063419	0.077504	0.078162	0.042414	0.022434	0.062122	0.056044	0.046127	0.044368	0.058998	0.063887	0.055892	0.078339	0.094524	79054.0	79054.0
150	0.294267	0.204025	0.208560	0.293148	0.331995	0.157111	0.258992	0.254040	0.095171	0.059132	0.062313	0.077651	0.077101	0.042320	0.022884	0.061725	0.057835	0.048234	0.043674	0.058815	0.065166	0.055988	0.077986	0.094007	79054.0	79052.5
151	0.295272	0.205673	0.206856	0.292198	0.331992	0.154848	0.258736	0.256548	0.095482	0.059967	0.061688	0.078133	0.077355	0.042504	0.022308	0.063509	0.057633	0.046103	0.043933	0.059189	0.064578	0.056735	0.077083	0.093800	79052.5	79051.5
152	0.295048	0.205309	0.205012	0.294631	0.333112	0.154956	0.257269	0.256801	0.094046	0.058987	0.063901	0.078114	0.077538	0.043661	0.022220	0.061890	0.057045	0.046799	0.042276	0.058892	0.066027	0.056324	0.077355	0.094925	79051.5	79051.5
153	0.294656	0.205771	0.205752	0.293821	0.331811	0.155014	0.258087	0.257068	0.094395	0.059727	0.063016	0.077513	0.078607	0.043776	0.021935	0.061454	0.057248	0.045875	0.043428	0.059202	0.065205	0.057140	0.076780	0.094698	79051.5	79051.0
154	0.295455	0.206519	0.205159	0.292868	0.332079	0.154521	0.257570	0.256108	0.094971	0.059563	0.062814	0.078108	0.077349	0.043074	0.022581	0.063516	0.056983	0.046065	0.042802	0.059304	0.066148	0.056666	0.077204	0.092852	79051.0	79050.5
155	0.295450	0.205369	0.205400	0.293781	0.330080	0.154869	0.257253	0.255843	0.093194	0.060917	0.063194	0.078146	0.077375	0.042542	0.023150	0.062302	0.057248	0.045559	0.043618	0.058975	0.064769	0.057027	0.078013	0.093972	79050.5	79050.5
156	0.292590	0.206044	0.207973	0.293393	0.331153	0.155491	0.257092	0.254252	0.093404	0.058849	0.062328	0.078014	0.078596	0.041955	0.023112	0.062385	0.057230	0.046294	0.044131	0.060317	0.065832	0.056009	0.077641	0.093903	79051.0	79049.5
