Offset	A	C	G	T	A/T	C/G	A/G	C/T	AA	AC	AG	AT	CA	CC	CG	CT	GA	GC	GG	GT	TA	TC	TG	TT	N	NN
-50	0.297119	0.203922	0.200544	0.298416	0.344818	0.151656	0.256441	0.260141	0.098441	0.057244	0.061419	0.080015	0.076941	0.043075	0.022379	0.061526	0.056030	0.045650	0.040552	0.058313	0.067333	0.056510	0.075543	0.099029	158095.0	158095.0
-49	0.298743	0.202485	0.199891	0.298882	0.341293	0.151535	0.257160	0.260513	0.097890	0.059053	0.062399	0.079401	0.075087	0.042171	0.022107	0.063120	0.054745	0.045131	0.042126	0.057889	0.066371	0.057592	0.077288	0.097631	158096.0	158096.0
-48	0.294093	0.203946	0.203920	0.298040	0.339644	0.153205	0.257674	0.259059	0.096493	0.056940	0.062481	0.078175	0.077264	0.042228	0.022360	0.062096	0.056959	0.046877	0.041741	0.058345	0.067339	0.057099	0.075967	0.097637	158096.0	158095.0
-47	0.298059	0.203142	0.202548	0.296250	0.338883	0.153919	0.256661	0.258545	0.096713	0.059369	0.062310	0.079667	0.075106	0.043562	0.022309	0.062165	0.055163	0.045574	0.042474	0.059337	0.065960	0.056276	0.077472	0.096543	158096.0	158096.0
-46	0.292937	0.204789	0.204562	0.297712	0.335182	0.154081	0.256719	0.258768	0.093979	0.057742	0.063125	0.078090	0.077894	0.042638	0.022119	0.062138	0.056174	0.045883	0.043441	0.059064	0.066642	0.057521	0.077078	0.096471	158099.0	158099.0
-45	0.294683	0.203786	0.205766	0.295765	0.333386	0.157632	0.255974	0.259181	0.094116	0.059544	0.061966	0.079057	0.075622	0.044351	0.021916	0.061897	0.055939	0.047412	0.043953	0.058462	0.064806	0.057526	0.078026	0.095407	158102.0	158102.0
-44	0.290488	0.208832	0.205859	0.294820	0.333017	0.156012	0.255112	0.261165	0.094008	0.056691	0.061498	0.078291	0.078240	0.043839	0.022397	0.064357	0.056210	0.046381	0.043396	0.059872	0.064502	0.056754	0.077348	0.096216	158103.0	158103.0
-43	0.292957	0.203668	0.204642	0.298732	0.333766	0.155118	0.254388	0.258676	0.093292	0.058347	0.062674	0.078644	0.076727	0.043130	0.022144	0.061668	0.055280	0.046703	0.043142	0.059517	0.065887	0.057936	0.078967	0.095943	158105.0	158105.0
-42	0.291191	0.206115	0.206924	0.295770	0.334851	0.155402	0.256214	0.262273	0.095063	0.057088	0.061079	0.077960	0.077524	0.042838	0.021669	0.064084	0.056487	0.047310	0.043585	0.059542	0.064172	0.057695	0.076246	0.097656	158106.0	158106.0
-41	0.293249	0.204930	0.202583	0.299238	0.335543	0.153528	0.256293	0.260752	0.095953	0.058941	0.061123	0.077232	0.077738	0.043211	0.022314	0.061667	0.056284	0.045070	0.042933	0.058296	0.064677	0.058194	0.078687	0.097680	158108.0	158108.0
-40	0.294656	0.205414	0.205060	0.294871	0.339175	0.154506	0.258067	0.260768	0.096768	0.056973	0.062147	0.078768	0.077364	0.043584	0.022238	0.062229	0.056562	0.046094	0.042591	0.059813	0.065220	0.056537	0.074695	0.098419	158110.0	158110.0
-39	0.295912	0.203193	0.201668	0.299226	0.339951	0.151887	0.255808	0.260659	0.096717	0.057871	0.062443	0.078881	0.075466	0.042439	0.022351	0.062937	0.055303	0.045753	0.041344	0.059268	0.066352	0.057283	0.077591	0.098001	158111.0	158111.0
-38	0.293842	0.203343	0.203729	0.299085	0.337295	0.154670	0.258066	0.260102	0.095971	0.057105	0.062633	0.078129	0.075751	0.042888	0.023446	0.061261	0.056302	0.045177	0.043160	0.059091	0.065675	0.058434	0.077458	0.097520	158112.0	158111.0
-37	0.293693	0.203613	0.206699	0.295995	0.333766	0.157330	0.260319	0.259319	0.096481	0.056877	0.063486	0.076850	0.075572	0.043292	0.022136	0.062613	0.056194	0.047744	0.044158	0.058603	0.064688	0.057667	0.077893	0.095747	158114.0	158114.0
-36	0.292939	0.205578	0.207672	0.293811	0.330905	0.157215	0.257528	0.256984	0.093887	0.058154	0.062834	0.078063	0.077298	0.042981	0.023281	0.062018	0.056775	0.046922	0.044031	0.059944	0.064244	0.057275	0.077583	0.094710	158115.0	158115.0
-35	0.292205	0.205332	0.207729	0.294735	0.327243	0.159030	0.256421	0.256472	0.092509	0.059609	0.063277	0.076811	0.077791	0.043519	0.022395	0.061626	0.056035	0.048515	0.044600	0.058578	0.063663	0.057066	0.079746	0.094261	158115.0	158115.0
-34	0.289996	0.208708	0.210017	0.291280	0.327405	0.158675	0.256590	0.256900	0.092938	0.056496	0.062770	0.077791	0.078790	0.043702	0.023325	0.062891	0.057015	0.047781	0.043867	0.061354	0.063340	0.056971	0.077633	0.093337	158116.0	158116.0
-33	0.292081	0.204949	0.207599	0.295370	0.329332	0.157453	0.256487	0.257758	0.093880	0.059254	0.062353	0.076595	0.076418	0.043367	0.022616	0.062549	0.055826	0.047041	0.044429	0.060303	0.064686	0.057672	0.078840	0.094171	158117.0	158117.0
-32	0.290813	0.207331	0.208242	0.293614	0.332155	0.156838	0.255826	0.258217	0.095099	0.057134	0.061068	0.077511	0.078137	0.043948	0.022489	0.062757	0.056723	0.047464	0.042936	0.061119	0.065438	0.057406	0.076664	0.094106	158119.0	158119.0
-31	0.295398	0.205952	0.203157	0.295493	0.333774	0.155528	0.256345	0.260955	0.095352	0.059689	0.062440	0.077916	0.076955	0.043752	0.022666	0.062579	0.055730	0.046288	0.042822	0.058317	0.064148	0.058266	0.076721	0.096358	158119.0	158119.0
-30	0.292189	0.207994	0.204648	0.295168	0.336150	0.155097	0.255534	0.262623	0.094833	0.056716	0.061864	0.078776	0.077353	0.043151	0.023160	0.064331	0.056312	0.046262	0.042525	0.059550	0.064565	0.057165	0.075462	0.097976	158120.0	158120.0
-29	0.293060	0.203294	0.203009	0.300637	0.337143	0.154965	0.255951	0.262010	0.095826	0.059701	0.060992	0.076543	0.075196	0.043290	0.022768	0.062035	0.055673	0.045446	0.043461	0.058430	0.065931	0.057842	0.078023	0.098843	158121.0	158120.0
-28	0.292626	0.206280	0.205243	0.295851	0.333713	0.155593	0.256581	0.259218	0.094480	0.056888	0.062592	0.078669	0.077214	0.042829	0.023691	0.062542	0.056123	0.045687	0.043385	0.060044	0.064015	0.057299	0.077992	0.096548	158120.0	158118.0
-27	0.291831	0.202702	0.207666	0.297801	0.330492	0.158336	0.258002	0.258470	0.094498	0.058443	0.062687	0.076202	0.075007	0.043290	0.022534	0.061871	0.056135	0.047831	0.044682	0.059019	0.064938	0.058456	0.079554	0.094853	158119.0	158119.0
-26	0.290583	0.208019	0.209455	0.291943	0.328150	0.158949	0.257760	0.259714	0.092607	0.056697	0.063736	0.077542	0.076347	0.043897	0.023811	0.063964	0.057330	0.047154	0.044087	0.060884	0.063395	0.057248	0.076695	0.094605	158120.0	158120.0
-25	0.289680	0.204992	0.208331	0.296997	0.323394	0.161697	0.255788	0.260746	0.090955	0.059055	0.063874	0.075795	0.073923	0.045914	0.022527	0.062628	0.055836	0.048133	0.045123	0.059239	0.063482	0.059043	0.081310	0.093162	158123.0	158123.0
-24	0.284196	0.212145	0.212834	0.290824	0.321503	0.162367	0.254416	0.257110	0.090411	0.056589	0.061983	0.075214	0.080260	0.045155	0.023716	0.063014	0.057613	0.049088	0.044408	0.061724	0.063267	0.056330	0.078616	0.092611	158123.0	158123.0
-23	0.291556	0.207160	0.208722	0.292562	0.323120	0.162177	0.256134	0.259885	0.092206	0.060870	0.062887	0.075593	0.076339	0.045793	0.023273	0.061755	0.056544	0.048614	0.044497	0.059068	0.061755	0.058770	0.078470	0.093566	158124.0	158124.0
-22	0.286847	0.214051	0.209124	0.289978	0.323660	0.159961	0.254107	0.259628	0.090554	0.057037	0.062191	0.077065	0.080252	0.045451	0.023279	0.065068	0.056771	0.046640	0.044591	0.061122	0.063576	0.056645	0.077293	0.092464	158126.0	158126.0
-21	0.291155	0.205775	0.207356	0.295714	0.325057	0.160698	0.256234	0.263291	0.092602	0.060141	0.062879	0.075533	0.073914	0.045773	0.022962	0.063126	0.056517	0.047727	0.044236	0.058876	0.062291	0.059761	0.079030	0.094632	158129.0	158129.0
-20	0.285327	0.213399	0.209105	0.292169	0.326685	0.159305	0.255731	0.263035	0.091905	0.055555	0.062069	0.075798	0.080402	0.045437	0.022829	0.064731	0.057838	0.047119	0.043919	0.060229	0.063296	0.057180	0.076007	0.095686	158131.0	158131.0
-19	0.293445	0.205291	0.204823	0.296442	0.329383	0.158349	0.256766	0.261585	0.094320	0.059950	0.063036	0.076139	0.075728	0.045487	0.022285	0.061790	0.055207	0.046373	0.044204	0.059039	0.063276	0.058660	0.078858	0.095648	158132.0	158132.0
-18	0.288524	0.210483	0.208384	0.292609	0.329421	0.159750	0.257925	0.263256	0.094685	0.055977	0.061840	0.076024	0.078363	0.045284	0.023303	0.063534	0.057375	0.047137	0.044026	0.059848	0.062567	0.058292	0.075600	0.096146	158136.0	158135.0
-17	0.292993	0.206694	0.204765	0.295548	0.327438	0.157876	0.256132	0.263550	0.093615	0.059942	0.062857	0.076579	0.073917	0.044601	0.022809	0.065367	0.055857	0.046662	0.043804	0.058443	0.061877	0.058215	0.080089	0.095367	158137.0	158137.0
-16	0.285265	0.209420	0.209559	0.295756	0.326141	0.159855	0.255057	0.262513	0.091022	0.055958	0.062414	0.075871	0.078805	0.043842	0.023423	0.063350	0.057008	0.047977	0.044613	0.059961	0.063021	0.059094	0.077414	0.096227	158137.0	158137.0
-15	0.289857	0.206867	0.207860	0.295415	0.323416	0.163007	0.254351	0.261743	0.091223	0.059732	0.062849	0.076053	0.075022	0.045352	0.023188	0.063305	0.055944	0.050133	0.044334	0.057449	0.062217	0.059163	0.080113	0.093923	158140.0	158140.0
-14	0.284406	0.214380	0.210484	0.290730	0.319710	0.162919	0.256058	0.258315	0.090521	0.056109	0.063513	0.074263	0.081655	0.044891	0.024409	0.063425	0.056918	0.048514	0.045106	0.059947	0.062875	0.057949	0.077855	0.092051	158140.0	158140.0
-13	0.291964	0.207470	0.210879	0.289687	0.316574	0.165736	0.259898	0.259613	0.091164	0.062949	0.064031	0.073819	0.075204	0.046205	0.023087	0.062975	0.057062	0.048804	0.047640	0.057372	0.060085	0.058928	0.079169	0.091506	158143.0	158143.0
-12	0.283512	0.216896	0.213924	0.285668	0.318195	0.163255	0.259249	0.259825	0.091226	0.055721	0.062740	0.073825	0.082551	0.045806	0.023649	0.064890	0.059281	0.047798	0.046002	0.060843	0.060748	0.056733	0.075791	0.092396	158145.0	158145.0
-11	0.293809	0.206061	0.208180	0.291950	0.323073	0.161419	0.255553	0.260593	0.092104	0.063713	0.062511	0.075480	0.075209	0.046431	0.022492	0.061930	0.057029	0.048588	0.043909	0.058654	0.062050	0.058793	0.077668	0.093438	158147.0	158147.0
-10	0.286392	0.217525	0.206580	0.289503	0.326993	0.158169	0.254567	0.263634	0.093034	0.055322	0.061481	0.076555	0.082973	0.045679	0.023946	0.064927	0.058338	0.046830	0.041714	0.059698	0.061342	0.056966	0.075133	0.096063	158147.0	158147.0
-9	0.295696	0.204794	0.202271	0.297239	0.334280	0.156998	0.256764	0.263467	0.095530	0.059855	0.062561	0.077749	0.074164	0.044287	0.023522	0.062821	0.055277	0.045792	0.043396	0.057806	0.062100	0.057458	0.078780	0.098900	158149.0	158149.0
-8	0.287069	0.207392	0.208258	0.297281	0.327746	0.159127	0.250458	0.274512	0.087537	0.057736	0.063914	0.077882	0.076137	0.043838	0.022548	0.064869	0.054587	0.048321	0.044420	0.060929	0.056845	0.060322	0.074632	0.105482	158150.0	158150.0
-7	0.275106	0.210218	0.205514	0.309162	0.310066	0.168814	0.229219	0.296390	0.072362	0.061808	0.062985	0.077951	0.066462	0.050572	0.022738	0.070446	0.048378	0.050009	0.045495	0.061631	0.051900	0.067518	0.081891	0.107853	158150.0	158150.0
-6	0.239105	0.229912	0.213105	0.317878	0.264587	0.188629	0.265232	0.229216	0.071621	0.043332	0.075491	0.048662	0.095471	0.043585	0.037527	0.053328	0.056850	0.046247	0.061270	0.048738	0.068055	0.056054	0.117520	0.076249	158152.0	158152.0
-5	0.292002	0.189216	0.291806	0.226976	0.240154	0.232041	0.289169	0.221343	0.070969	0.084583	0.071911	0.064539	0.062983	0.055244	0.021897	0.049092	0.075180	0.083792	0.071108	0.061725	0.046525	0.058886	0.063445	0.058121	158153.0	158153.0
-4	0.255654	0.282501	0.228371	0.233473	0.265324	0.175304	0.260360	0.221164	0.074035	0.045291	0.067833	0.068497	0.120699	0.047985	0.035510	0.078310	0.068876	0.042193	0.049616	0.067681	0.061946	0.034024	0.076659	0.060846	158155.0	158154.0
-3	0.325554	0.169498	0.229617	0.275331	0.247201	0.217647	0.211059	0.264747	0.062255	0.120774	0.064848	0.077677	0.048731	0.068540	0.014246	0.037982	0.042673	0.093579	0.041282	0.052082	0.046859	0.097815	0.070248	0.060409	158155.0	158155.0
-2	0.200517	0.380706	0.190622	0.228154	0.272611	0.141803	0.222578	0.275797	0.080364	0.023154	0.040157	0.056843	0.171786	0.046960	0.035667	0.126293	0.068818	0.025936	0.033239	0.062628	0.063893	0.031033	0.061718	0.071512	158156.0	158156.0
-1	0.384864	0.127083	0.170780	0.317273	0.222121	0.179986	0.340611	0.164830	0.075431	0.106065	0.153563	0.049805	0.043811	0.038203	0.027081	0.017988	0.038778	0.041863	0.072839	0.017299	0.059719	0.071473	0.148915	0.037166	158157.0	158157.0
0	0.217740	0.257611	0.402394	0.122255	0.187783	0.238953	0.239471	0.235545	0.044398	0.051745	0.041603	0.079994	0.077921	0.062734	0.017634	0.099323	0.079476	0.084591	0.073994	0.164333	0.021219	0.031316	0.027548	0.042172	158161.0	158161.0
1	0.223012	0.230390	0.160778	0.385820	0.309486	0.155113	0.170572	0.346385	0.055449	0.050417	0.049987	0.067159	0.062316	0.061431	0.021314	0.085330	0.034345	0.041578	0.030791	0.054065	0.077471	0.090218	0.108724	0.109407	158162.0	158162.0
2	0.229582	0.243649	0.210810	0.315959	0.284884	0.189270	0.119741	0.359369	0.032131	0.069528	0.033522	0.094401	0.059754	0.074061	0.022919	0.086915	0.028167	0.066367	0.025922	0.090354	0.052394	0.092435	0.065172	0.105958	158166.0	158166.0
3	0.172445	0.302391	0.147535	0.377629	0.369146	0.110284	0.150134	0.329302	0.051143	0.030930	0.025518	0.064856	0.127247	0.043657	0.022502	0.108981	0.048260	0.018911	0.025214	0.055151	0.126400	0.049916	0.074568	0.126747	158166.0	158165.0
4	0.353049	0.143414	0.147801	0.355736	0.367888	0.107255	0.321222	0.153498	0.117017	0.055796	0.110195	0.070041	0.072254	0.022850	0.020959	0.027351	0.049998	0.019435	0.044011	0.034357	0.124667	0.047134	0.127772	0.056163	158165.0	158165.0
5	0.363942	0.145213	0.302937	0.187908	0.284862	0.187592	0.359744	0.125721	0.102922	0.082811	0.087925	0.090284	0.065038	0.025738	0.021401	0.033034	0.092010	0.063565	0.076887	0.070476	0.054720	0.030012	0.066240	0.036935	158168.0	158168.0
6	0.314693	0.202124	0.252456	0.230726	0.301239	0.162743	0.339407	0.177448	0.103142	0.057489	0.085117	0.068945	0.097585	0.032617	0.021325	0.050597	0.087324	0.044977	0.063824	0.056332	0.072043	0.037125	0.064450	0.057109	158170.0	158170.0
7	0.360094	0.172207	0.234716	0.232983	0.209401	0.222925	0.245401	0.245097	0.053303	0.140273	0.091478	0.075040	0.038421	0.069122	0.017557	0.047108	0.041835	0.077461	0.058785	0.056635	0.028602	0.076411	0.075514	0.052456	158170.0	158170.0
8	0.162161	0.363267	0.243333	0.231239	0.220864	0.186546	0.179920	0.327426	0.041803	0.036025	0.034457	0.049877	0.129886	0.072428	0.027824	0.133129	0.063261	0.045894	0.040400	0.093779	0.054422	0.047108	0.054947	0.074761	158170.0	158170.0
9	0.289372	0.201454	0.157628	0.351546	0.251830	0.158886	0.264412	0.230866	0.065057	0.059461	0.109970	0.054884	0.073585	0.039641	0.035860	0.052368	0.039508	0.033508	0.049877	0.034735	0.058443	0.065411	0.154245	0.073446	158170.0	158170.0
10	0.236602	0.198017	0.349946	0.215435	0.243499	0.209853	0.259659	0.215618	0.058777	0.053600	0.047543	0.076682	0.073502	0.042510	0.017443	0.064562	0.089029	0.085590	0.064309	0.111018	0.046791	0.047296	0.060099	0.061249	158173.0	158173.0
11	0.268099	0.228996	0.189394	0.313511	0.251257	0.182680	0.223806	0.256194	0.058487	0.065340	0.077820	0.066453	0.076100	0.050148	0.034557	0.068191	0.038205	0.048681	0.049294	0.053214	0.057665	0.069203	0.117991	0.068653	158173.0	158173.0
12	0.230457	0.233371	0.279662	0.256510	0.230779	0.233706	0.220682	0.287489	0.057146	0.062583	0.050065	0.060661	0.067085	0.070979	0.023677	0.071630	0.057867	0.083447	0.055604	0.082745	0.045039	0.076947	0.066592	0.067932	158173.0	158173.0
13	0.227137	0.293957	0.195937	0.282969	0.250928	0.199275	0.228421	0.269249	0.073236	0.051197	0.054548	0.048156	0.113603	0.066048	0.037946	0.076359	0.054959	0.049604	0.045678	0.045697	0.061085	0.058392	0.095042	0.068450	158173.0	158173.0
14	0.302882	0.225246	0.233212	0.238661	0.291160	0.177735	0.287803	0.234710	0.100775	0.061148	0.070030	0.070928	0.085861	0.049009	0.024593	0.065782	0.065428	0.052562	0.051570	0.063651	0.049313	0.049774	0.069430	0.070144	158174.0	158174.0
15	0.301377	0.212494	0.215623	0.270506	0.313674	0.166513	0.272181	0.254644	0.101243	0.060124	0.065403	0.074608	0.075284	0.046967	0.023626	0.066617	0.060497	0.050881	0.045039	0.059207	0.053150	0.056387	0.076296	0.084673	158174.0	158174.0
16	0.290174	0.214359	0.210363	0.285104	0.324497	0.162460	0.262641	0.262135	0.097450	0.055407	0.062880	0.074437	0.079552	0.045867	0.024644	0.064296	0.057924	0.047562	0.044388	0.060490	0.058436	0.057797	0.074696	0.094175	158174.0	158174.0
17	0.293360	0.206633	0.206608	0.293398	0.320628	0.161468	0.262730	0.260416	0.094352	0.058733	0.065877	0.074399	0.074892	0.043863	0.024644	0.063234	0.057279	0.047739	0.045222	0.056368	0.058512	0.059953	0.081568	0.093366	158174.0	158174.0
18	0.285034	0.210287	0.217311	0.287367	0.315773	0.165381	0.261718	0.261092	0.093479	0.057500	0.062659	0.071396	0.077352	0.045336	0.024391	0.063209	0.059220	0.049294	0.046360	0.062438	0.057835	0.059485	0.076985	0.093062	158174.0	158174.0
19	0.287885	0.211615	0.210395	0.290105	0.309185	0.167373	0.258690	0.260245	0.089850	0.060680	0.065049	0.072306	0.077149	0.046525	0.024947	0.062994	0.057481	0.049591	0.046310	0.057013	0.057538	0.061236	0.081840	0.089490	158174.0	158174.0
20	0.282019	0.218032	0.218146	0.281804	0.305271	0.172784	0.257059	0.261604	0.088068	0.059593	0.063538	0.070821	0.080582	0.049104	0.024770	0.063576	0.057797	0.051254	0.047656	0.061439	0.056229	0.058771	0.076650	0.090154	158174.0	158174.0
21	0.282676	0.218721	0.212614	0.285989	0.302799	0.171223	0.256553	0.261497	0.087505	0.060838	0.064100	0.070233	0.080178	0.048200	0.025554	0.064789	0.058044	0.050565	0.046904	0.057102	0.056501	0.059947	0.080980	0.088561	158174.0	158174.0
22	0.282227	0.219549	0.217539	0.280685	0.302559	0.171071	0.261010	0.258633	0.088997	0.059074	0.065030	0.069126	0.082276	0.046948	0.024732	0.065592	0.058967	0.051374	0.048017	0.059182	0.056931	0.058587	0.077661	0.087505	158174.0	158174.0
23	0.287171	0.215984	0.215440	0.281405	0.304310	0.170034	0.263393	0.258247	0.090407	0.060471	0.065959	0.070334	0.079842	0.046506	0.025289	0.064347	0.059770	0.050982	0.047258	0.057430	0.055110	0.058935	0.078900	0.088460	158174.0	158174.0
24	0.285129	0.216894	0.217406	0.280571	0.305720	0.169111	0.261554	0.256496	0.089104	0.058423	0.066010	0.071592	0.081334	0.046778	0.024694	0.064088	0.059201	0.050400	0.047239	0.060566	0.057253	0.057860	0.077687	0.087770	158174.0	158174.0
25	0.286893	0.213461	0.215630	0.284016	0.307908	0.171052	0.260624	0.259980	0.090280	0.060130	0.064606	0.071877	0.076606	0.046853	0.025402	0.064600	0.058651	0.051709	0.047087	0.058183	0.056558	0.059333	0.078932	0.089193	158174.0	158174.0
26	0.282094	0.218026	0.216028	0.283852	0.309678	0.168618	0.258766	0.262496	0.090230	0.058031	0.062918	0.070916	0.080184	0.046948	0.024713	0.066180	0.058385	0.049724	0.047233	0.060686	0.057519	0.058353	0.076966	0.091014	158174.0	158174.0
27	0.286318	0.213057	0.211830	0.288796	0.309969	0.169105	0.258266	0.261655	0.090167	0.060370	0.064764	0.071017	0.076675	0.046898	0.025061	0.064423	0.056767	0.050577	0.046569	0.057917	0.058259	0.059808	0.080203	0.090527	158174.0	158174.0
28	0.281867	0.217653	0.216597	0.283884	0.308022	0.171134	0.258077	0.262559	0.089888	0.058214	0.062703	0.071061	0.080057	0.047909	0.024637	0.065049	0.058069	0.051171	0.047416	0.059940	0.056918	0.059447	0.077364	0.090154	158174.0	158174.0
29	0.284933	0.216742	0.212121	0.286204	0.304772	0.169706	0.257021	0.260814	0.088238	0.060440	0.065377	0.070878	0.079330	0.048567	0.024637	0.064208	0.057380	0.050476	0.046025	0.058240	0.057570	0.059953	0.080595	0.088087	158174.0	158174.0
30	0.282518	0.219436	0.216635	0.281412	0.306258	0.172519	0.258690	0.259986	0.089616	0.058379	0.062690	0.071832	0.080494	0.048700	0.024960	0.065283	0.058284	0.050761	0.048099	0.059491	0.057304	0.058499	0.078104	0.087505	158174.0	158174.0
31	0.285698	0.216338	0.213853	0.284111	0.302136	0.168631	0.257704	0.257160	0.088099	0.061002	0.065516	0.071080	0.080721	0.046392	0.024745	0.064480	0.057734	0.051140	0.046354	0.058625	0.056324	0.059656	0.081499	0.086632	158174.0	158174.0
32	0.282878	0.218190	0.218114	0.280817	0.302686	0.172196	0.257729	0.260125	0.086841	0.060124	0.064606	0.071308	0.080380	0.048997	0.024056	0.064758	0.058549	0.051412	0.047732	0.060421	0.056438	0.058271	0.078009	0.088099	158174.0	158174.0
33	0.282208	0.218803	0.214403	0.284585	0.304171	0.169010	0.257773	0.261231	0.086607	0.059706	0.065251	0.070644	0.080468	0.048023	0.024669	0.065643	0.059099	0.049502	0.046816	0.058986	0.058594	0.059239	0.078426	0.088327	158174.0	158174.0
34	0.284769	0.216470	0.215162	0.283599	0.307193	0.170079	0.258494	0.260220	0.088921	0.059744	0.064423	0.071681	0.078932	0.048434	0.024416	0.064688	0.058056	0.050135	0.047094	0.059877	0.058094	0.058600	0.078407	0.088497	158174.0	158174.0
35	0.284004	0.216913	0.214340	0.284743	0.306445	0.168513	0.258522	0.259793	0.089656	0.060668	0.063431	0.070253	0.079357	0.046702	0.025137	0.065713	0.058538	0.049775	0.046898	0.059132	0.058531	0.059372	0.078832	0.088005	158174.0	158172.0
36	0.286081	0.216517	0.214298	0.283103	0.309410	0.165978	0.258883	0.257966	0.089820	0.058746	0.064689	0.072826	0.080425	0.046140	0.024739	0.065214	0.058291	0.049016	0.046083	0.060908	0.058006	0.057855	0.078484	0.088758	158172.0	158172.0
37	0.286542	0.211757	0.213995	0.287706	0.311383	0.165263	0.259578	0.258124	0.090762	0.059966	0.064069	0.071745	0.078200	0.045792	0.024252	0.063513	0.059410	0.049882	0.045337	0.059366	0.058847	0.058790	0.080039	0.090029	158172.0	158172.0
38	0.287219	0.214431	0.213698	0.284652	0.309612	0.167937	0.260324	0.261367	0.089675	0.060112	0.065264	0.072168	0.078130	0.047322	0.024296	0.064683	0.058082	0.049016	0.047303	0.059296	0.057463	0.059056	0.077827	0.090307	158172.0	158172.0
39	0.283350	0.215506	0.214690	0.286454	0.303513	0.167445	0.257557	0.258859	0.086982	0.060808	0.065505	0.070057	0.079730	0.046538	0.024442	0.064797	0.059164	0.050559	0.045906	0.059063	0.057893	0.058943	0.081033	0.088581	158172.0	158171.0
40	0.283769	0.216848	0.216886	0.282498	0.304696	0.169879	0.256621	0.258505	0.087222	0.060081	0.064797	0.071669	0.080179	0.048100	0.024164	0.064405	0.058108	0.051122	0.046494	0.061162	0.057564	0.057760	0.078934	0.088240	158171.0	158171.0
41	0.283073	0.217063	0.214388	0.285476	0.302818	0.168830	0.255527	0.258018	0.086400	0.060213	0.065783	0.070677	0.080166	0.047019	0.024404	0.065473	0.055984	0.050047	0.047360	0.060997	0.059467	0.059252	0.080483	0.086274	158171.0	158171.0
42	0.282018	0.216531	0.218030	0.283421	0.303823	0.170581	0.255104	0.258366	0.085698	0.059796	0.063899	0.072624	0.079465	0.047562	0.023797	0.065707	0.057842	0.051558	0.047664	0.060966	0.058342	0.057937	0.079983	0.087159	158171.0	158171.0
43	0.281347	0.216854	0.215343	0.286456	0.304436	0.168400	0.256710	0.258018	0.086248	0.060473	0.064386	0.070240	0.080653	0.046456	0.024562	0.065183	0.058854	0.050161	0.047221	0.059107	0.059872	0.058304	0.080204	0.088076	158171.0	158171.0
44	0.285628	0.215393	0.216373	0.282606	0.305878	0.170316	0.257708	0.258347	0.086963	0.060239	0.065625	0.072801	0.079540	0.047335	0.024119	0.064399	0.057918	0.051659	0.047202	0.059594	0.058323	0.058822	0.077669	0.087791	158171.0	158171.0
45	0.282745	0.218055	0.214616	0.284584	0.306801	0.169747	0.256235	0.260269	0.087633	0.059941	0.063514	0.071657	0.080154	0.047310	0.024878	0.065714	0.057887	0.050357	0.047202	0.059170	0.059297	0.059031	0.078042	0.088215	158171.0	158171.0
46	0.284970	0.216639	0.213636	0.284755	0.309035	0.167636	0.258867	0.257362	0.088436	0.059721	0.065038	0.071777	0.079718	0.047019	0.025030	0.064873	0.058298	0.048492	0.047095	0.059752	0.060201	0.056850	0.079079	0.088620	158171.0	158170.0
47	0.286654	0.212082	0.216242	0.285022	0.307854	0.168781	0.261284	0.257396	0.088943	0.060992	0.065285	0.071436	0.078353	0.045951	0.024493	0.063287	0.058754	0.050035	0.048303	0.059146	0.058077	0.058760	0.078789	0.089398	158170.0	158169.0
48	0.284126	0.215738	0.216869	0.283267	0.306748	0.167157	0.259678	0.259204	0.088273	0.059417	0.065183	0.071253	0.080281	0.046653	0.023494	0.065310	0.059247	0.050035	0.046975	0.060612	0.058393	0.058412	0.077632	0.088829	158169.0	158169.0
49	0.286194	0.214517	0.213285	0.286004	0.304061	0.169098	0.258546	0.258224	0.087147	0.060524	0.067023	0.071499	0.078663	0.046817	0.024480	0.064558	0.057729	0.051154	0.046646	0.057755	0.057565	0.059000	0.081590	0.087849	158169.0	158169.0
50	0.281104	0.217495	0.219740	0.281661	0.304624	0.169654	0.257611	0.257901	0.087078	0.059215	0.063280	0.071531	0.080193	0.046950	0.024025	0.066328	0.058829	0.050256	0.048423	0.062231	0.058551	0.057160	0.078486	0.087463	158169.0	158169.0
51	0.284651	0.213582	0.214214	0.287553	0.304655	0.166366	0.259267	0.255796	0.086629	0.061352	0.066302	0.070368	0.080123	0.045534	0.024430	0.063495	0.059184	0.049251	0.047152	0.058627	0.059746	0.058855	0.081040	0.087912	158169.0	158169.0
52	0.285682	0.214992	0.218924	0.280403	0.303656	0.169907	0.258508	0.255486	0.086401	0.060537	0.065999	0.072745	0.079485	0.047576	0.023886	0.064045	0.058697	0.051034	0.047411	0.061782	0.058121	0.057476	0.078416	0.086389	158169.0	158169.0
53	0.282704	0.216623	0.215712	0.284961	0.305673	0.168219	0.255562	0.258325	0.086420	0.059835	0.064197	0.072252	0.080288	0.046868	0.024727	0.064741	0.059082	0.050762	0.045862	0.060005	0.058494	0.058210	0.079750	0.088507	158169.0	158169.0
54	0.284285	0.215674	0.214536	0.285505	0.306040	0.169015	0.256112	0.258508	0.086755	0.060745	0.065221	0.071563	0.078935	0.047228	0.024752	0.064760	0.057426	0.050326	0.046710	0.060075	0.059335	0.058134	0.079649	0.088386	158169.0	158169.0
55	0.282451	0.216433	0.216332	0.284784	0.307445	0.166285	0.257909	0.257618	0.087072	0.058577	0.063850	0.072954	0.081186	0.045806	0.024044	0.065399	0.060954	0.050402	0.046033	0.058937	0.059304	0.058299	0.079068	0.088115	158169.0	158168.0
56	0.288516	0.213084	0.212995	0.285405	0.311201	0.165830	0.258434	0.258169	0.089139	0.060354	0.065430	0.073593	0.078467	0.046014	0.024480	0.064122	0.057648	0.049119	0.046217	0.060012	0.059317	0.058880	0.078056	0.089152	158168.0	158168.0
57	0.284571	0.214367	0.214184	0.286879	0.310018	0.167663	0.258649	0.258086	0.088084	0.059121	0.065601	0.071765	0.079188	0.045148	0.024632	0.065399	0.057471	0.050389	0.047494	0.058830	0.060657	0.058027	0.078682	0.089512	158168.0	158168.0
58	0.285399	0.212685	0.216409	0.285507	0.310596	0.167551	0.257968	0.258429	0.089184	0.059779	0.064002	0.072436	0.078164	0.045850	0.024493	0.064179	0.058622	0.051047	0.046160	0.060575	0.058179	0.057604	0.078929	0.090796	158168.0	158167.0
59	0.284149	0.214280	0.213584	0.287987	0.307898	0.166098	0.257078	0.258791	0.088274	0.059931	0.064281	0.071659	0.080289	0.046483	0.024089	0.063421	0.058135	0.049138	0.046388	0.059924	0.059419	0.060342	0.079682	0.088546	158167.0	158166.0
60	0.286117	0.215893	0.214439	0.283550	0.306861	0.168121	0.257786	0.257325	0.087718	0.060291	0.065494	0.072614	0.079935	0.047058	0.024677	0.064224	0.058894	0.050706	0.045680	0.059159	0.059096	0.058609	0.078411	0.087433	158166.0	158166.0
61	0.285643	0.216665	0.214262	0.283430	0.305293	0.169468	0.257400	0.257464	0.088325	0.060803	0.064559	0.071956	0.080188	0.047621	0.024177	0.064679	0.057933	0.051086	0.046584	0.058660	0.058135	0.058287	0.080131	0.086877	158166.0	158166.0
62	0.284581	0.217796	0.215451	0.282172	0.308145	0.167868	0.257097	0.257274	0.087225	0.059665	0.064818	0.072873	0.080542	0.046464	0.024323	0.066468	0.059014	0.051041	0.046040	0.059355	0.060462	0.056757	0.077368	0.087585	158166.0	158166.0
63	0.287243	0.213927	0.212549	0.286282	0.309609	0.166384	0.258106	0.257663	0.088781	0.061626	0.063839	0.073000	0.078766	0.046376	0.024152	0.064635	0.059141	0.049512	0.046344	0.057554	0.060007	0.058831	0.079614	0.087820	158166.0	158164.0
64	0.286696	0.216345	0.213949	0.283010	0.309015	0.166593	0.258270	0.255836	0.088775	0.060071	0.064863	0.072988	0.081036	0.046104	0.024279	0.064926	0.058079	0.049657	0.046553	0.059660	0.059407	0.056960	0.078798	0.087846	158164.0	158164.0
65	0.287297	0.212792	0.214493	0.285419	0.310798	0.166207	0.260356	0.255621	0.089850	0.061266	0.063883	0.072298	0.079019	0.045314	0.024102	0.064357	0.059160	0.049329	0.047463	0.058541	0.059906	0.057206	0.079563	0.088743	158164.0	158164.0
66	0.287935	0.213114	0.215011	0.283939	0.310433	0.166265	0.259896	0.256400	0.089952	0.060811	0.064655	0.072520	0.079039	0.045991	0.023836	0.064250	0.058825	0.049974	0.046465	0.059742	0.059799	0.057997	0.077983	0.088162	158164.0	158163.0
67	0.287615	0.214772	0.212939	0.284675	0.311158	0.166166	0.258186	0.258553	0.089561	0.060483	0.064529	0.073046	0.078888	0.045922	0.023982	0.065983	0.057732	0.049899	0.046364	0.058940	0.059844	0.057941	0.078180	0.088707	158163.0	158161.0
68	0.286025	0.214244	0.213055	0.286676	0.310456	0.165863	0.255904	0.258616	0.088701	0.059800	0.063960	0.073564	0.079179	0.046491	0.023539	0.065035	0.057871	0.050461	0.045371	0.059351	0.059844	0.058744	0.079742	0.088347	158161.0	158161.0
69	0.285595	0.215496	0.212612	0.286297	0.311861	0.168020	0.258491	0.260780	0.090225	0.059661	0.063935	0.071775	0.078376	0.048122	0.024146	0.064852	0.057910	0.049330	0.046421	0.058953	0.060192	0.058137	0.078294	0.089669	158161.0	158160.0
70	0.286703	0.215250	0.212797	0.285249	0.313082	0.166692	0.257682	0.259010	0.089770	0.059661	0.063088	0.074184	0.079597	0.046719	0.023641	0.065295	0.058131	0.049640	0.046693	0.058333	0.059750	0.057619	0.078503	0.089378	158160.0	158160.0
71	0.287247	0.213638	0.211925	0.287190	0.312458	0.166029	0.256198	0.258291	0.089056	0.059914	0.063974	0.074305	0.079319	0.046409	0.023767	0.064144	0.057012	0.049697	0.046156	0.059061	0.060174	0.058814	0.079275	0.088923	158160.0	158159.0
72	0.285561	0.214834	0.213172	0.286433	0.310487	0.166074	0.257483	0.257161	0.089556	0.060085	0.063854	0.072067	0.079990	0.046852	0.024444	0.063544	0.058511	0.049217	0.045562	0.059883	0.060452	0.058353	0.079218	0.088412	158159.0	158158.0
73	0.288509	0.214507	0.213078	0.283906	0.311157	0.165859	0.258710	0.255852	0.090163	0.060768	0.064410	0.073167	0.080179	0.046220	0.024140	0.063968	0.057993	0.049356	0.046144	0.059586	0.059858	0.057695	0.078384	0.087969	158158.0	158158.0
74	0.288191	0.214044	0.213077	0.284688	0.311518	0.164380	0.258608	0.257964	0.090138	0.061015	0.064031	0.073009	0.080211	0.045998	0.023192	0.064638	0.058132	0.048881	0.046308	0.059757	0.059965	0.058922	0.077397	0.088405	158159.0	158158.0
75	0.288446	0.214817	0.210928	0.285809	0.313060	0.163975	0.257685	0.257673	0.089575	0.060427	0.064948	0.073496	0.080780	0.045341	0.023243	0.065454	0.057373	0.049602	0.045790	0.058163	0.060907	0.057797	0.078023	0.089082	158158.0	158158.0
76	0.288635	0.213167	0.212003	0.286195	0.313977	0.164437	0.256977	0.256414	0.090410	0.060547	0.063702	0.073977	0.080034	0.045910	0.023717	0.063506	0.057436	0.049381	0.045429	0.059757	0.059927	0.057335	0.079269	0.089664	158158.0	158158.0
77	0.287807	0.213173	0.212117	0.286903	0.313522	0.164336	0.257666	0.257964	0.089916	0.060225	0.063829	0.073838	0.079971	0.045644	0.023748	0.063810	0.058252	0.049274	0.045670	0.058922	0.059889	0.058631	0.078504	0.089878	158158.0	158158.0
78	0.288028	0.213774	0.211750	0.286448	0.314034	0.163963	0.259108	0.257774	0.090043	0.060907	0.064878	0.072200	0.079585	0.045581	0.023831	0.064777	0.058732	0.049096	0.045455	0.058467	0.061963	0.057588	0.077069	0.089828	158158.0	158158.0
79	0.290324	0.213173	0.211232	0.285272	0.313985	0.164248	0.260197	0.257466	0.091555	0.060642	0.064720	0.073408	0.079244	0.045828	0.023717	0.064385	0.058195	0.048977	0.045727	0.058334	0.060566	0.058796	0.077448	0.088456	158158.0	158157.0
80	0.289560	0.214243	0.211613	0.284584	0.313893	0.165754	0.259541	0.257752	0.091397	0.059391	0.064828	0.073940	0.079719	0.046884	0.023768	0.063874	0.057658	0.049445	0.045657	0.058853	0.060320	0.058758	0.077272	0.088236	158157.0	158156.0
81	0.289099	0.214477	0.211524	0.284900	0.312512	0.164906	0.260001	0.256460	0.090669	0.059978	0.065226	0.073225	0.080167	0.046833	0.023451	0.064025	0.058284	0.048800	0.045822	0.058619	0.060491	0.057475	0.078808	0.088128	158157.0	158157.0
82	0.289611	0.213086	0.213307	0.283996	0.313039	0.165280	0.258681	0.256032	0.089273	0.061307	0.064297	0.074736	0.078871	0.046043	0.024014	0.064158	0.058992	0.049103	0.046119	0.059087	0.060453	0.057254	0.077714	0.088577	158157.0	158156.0
83	0.287589	0.213707	0.212145	0.286559	0.313014	0.164679	0.256816	0.256696	0.088514	0.059625	0.065372	0.074079	0.080857	0.046170	0.023572	0.063109	0.057703	0.049710	0.045227	0.059505	0.061003	0.058000	0.078138	0.089418	158156.0	158156.0
84	0.288076	0.213504	0.212309	0.286110	0.315545	0.162227	0.258253	0.258032	0.090373	0.060087	0.064279	0.073333	0.080035	0.045645	0.023161	0.064664	0.058790	0.048611	0.044810	0.060099	0.062129	0.058013	0.076261	0.089709	158156.0	158155.0
85	0.291328	0.212355	0.208511	0.287806	0.315319	0.161482	0.258343	0.257540	0.091196	0.060315	0.065923	0.073896	0.079682	0.045140	0.023268	0.064260	0.056685	0.048535	0.044539	0.058753	0.060327	0.058241	0.079340	0.089900	158155.0	158154.0
86	0.287890	0.212230	0.213071	0.286809	0.314312	0.163261	0.258656	0.255937	0.090856	0.060258	0.063616	0.073164	0.078880	0.045526	0.023958	0.063869	0.058697	0.048289	0.045488	0.060594	0.061687	0.057938	0.078576	0.088605	158154.0	158152.0
87	0.290120	0.212011	0.211638	0.286231	0.316145	0.163356	0.259276	0.255008	0.091665	0.060176	0.064141	0.074138	0.079613	0.045507	0.024078	0.062813	0.058412	0.048713	0.045058	0.059455	0.061093	0.057438	0.078450	0.089250	158152.0	158152.0
88	0.290784	0.211834	0.211727	0.285656	0.316215	0.163412	0.261293	0.256563	0.091526	0.059702	0.065601	0.073954	0.078886	0.045804	0.023465	0.063679	0.057691	0.047669	0.046474	0.059892	0.060480	0.056825	0.078096	0.090255	158152.0	158152.0
89	0.288583	0.210001	0.213636	0.287780	0.315858	0.164711	0.259671	0.256668	0.091110	0.060013	0.062959	0.074505	0.078495	0.045273	0.023459	0.062770	0.058988	0.049365	0.046614	0.058672	0.060392	0.058773	0.078761	0.089851	158152.0	158150.0
90	0.288985	0.213424	0.211793	0.285798	0.316143	0.163370	0.259311	0.257648	0.090768	0.060120	0.064502	0.073595	0.079905	0.045666	0.023629	0.064224	0.058672	0.048707	0.045368	0.059045	0.060929	0.056908	0.077110	0.090850	158150.0	158150.0
91	0.290275	0.211401	0.210610	0.287714	0.316168	0.162118	0.259412	0.256535	0.090907	0.060999	0.064660	0.073709	0.078773	0.045520	0.023162	0.063946	0.058634	0.048226	0.045210	0.058539	0.062112	0.057629	0.078533	0.089440	158150.0	158150.0
92	0.290427	0.212374	0.211565	0.285634	0.316193	0.165191	0.259311	0.255877	0.091451	0.060816	0.064085	0.074075	0.078697	0.045893	0.024078	0.063705	0.057812	0.049257	0.045963	0.058533	0.061043	0.056655	0.078312	0.089624	158150.0	158150.0
93	0.289004	0.212621	0.212438	0.285937	0.313637	0.163967	0.258701	0.255666	0.090131	0.060816	0.064433	0.073627	0.079666	0.045495	0.023636	0.063826	0.058565	0.049264	0.045571	0.059027	0.060816	0.057282	0.078781	0.089062	158150.0	158148.0
94	0.289178	0.212858	0.212421	0.285543	0.313786	0.164120	0.257869	0.256693	0.090315	0.060697	0.064074	0.074090	0.079148	0.045837	0.023794	0.064080	0.058528	0.049537	0.044952	0.059401	0.060640	0.058035	0.078130	0.088741	158148.0	158146.0
95	0.288632	0.214106	0.210951	0.286311	0.316349	0.160663	0.257207	0.257479	0.090417	0.059408	0.064106	0.074704	0.080129	0.045193	0.023346	0.065440	0.059256	0.048696	0.043428	0.059572	0.061538	0.057156	0.077922	0.089690	158146.0	158145.0
96	0.291340	0.210452	0.208802	0.289405	0.319715	0.159873	0.259270	0.253958	0.091246	0.059888	0.065409	0.074799	0.080028	0.044403	0.023099	0.062924	0.057663	0.047419	0.044953	0.058763	0.063512	0.056474	0.079263	0.090158	158145.0	158144.0
97	0.292449	0.208184	0.212724	0.286644	0.318895	0.162195	0.262617	0.256040	0.092568	0.060901	0.064638	0.074338	0.077784	0.044061	0.023289	0.063051	0.059162	0.048595	0.046249	0.058719	0.061172	0.058112	0.076545	0.090817	158144.0	158143.0
98	0.290686	0.211669	0.210721	0.286924	0.317407	0.162437	0.260521	0.257258	0.092000	0.059902	0.064354	0.074434	0.078607	0.044669	0.023998	0.064398	0.058423	0.048027	0.045744	0.058524	0.060471	0.057689	0.078259	0.090502	158143.0	158141.0
99	0.289501	0.210287	0.212355	0.287857	0.315613	0.163178	0.259365	0.257013	0.090818	0.060712	0.064367	0.073606	0.078412	0.046307	0.023239	0.062331	0.058815	0.048267	0.045365	0.059909	0.061091	0.058277	0.078386	0.090097	158141.0	158140.0
100	0.289136	0.213564	0.211357	0.285943	0.317206	0.163292	0.257177	0.257980	0.090685	0.059972	0.063374	0.075104	0.080049	0.045567	0.023606	0.064342	0.057841	0.048843	0.045276	0.059397	0.060661	0.057316	0.077210	0.090755	158140.0	158140.0
101	0.289237	0.211698	0.209466	0.289598	0.316995	0.162738	0.257617	0.257705	0.090902	0.059442	0.064147	0.074751	0.079083	0.045612	0.023524	0.063476	0.057576	0.048609	0.044992	0.058291	0.060751	0.058025	0.080227	0.090592	158140.0	158138.0
102	0.288311	0.211689	0.212890	0.287110	0.316757	0.162612	0.258744	0.256126	0.091124	0.059284	0.064027	0.073879	0.079621	0.045227	0.024055	0.062781	0.059423	0.049160	0.044171	0.060138	0.061048	0.057412	0.077945	0.090706	158138.0	158137.0
103	0.291216	0.211083	0.210197	0.287504	0.317990	0.162362	0.259185	0.256959	0.092365	0.059766	0.064584	0.074506	0.078807	0.045322	0.023259	0.063693	0.056345	0.047890	0.045891	0.060063	0.061227	0.058052	0.078339	0.089892	158137.0	158134.0
104	0.288742	0.211030	0.212073	0.288154	0.318974	0.162181	0.258151	0.256210	0.091209	0.060753	0.062663	0.074115	0.079029	0.044836	0.023208	0.063959	0.058445	0.048301	0.045835	0.059495	0.062707	0.056472	0.078030	0.090943	158134.0	158132.0
105	0.291394	0.210361	0.209735	0.288510	0.319136	0.160574	0.257758	0.258131	0.091942	0.060335	0.063326	0.075791	0.078308	0.046006	0.022633	0.063415	0.058116	0.047561	0.044374	0.059684	0.060576	0.057882	0.079224	0.090829	158133.0	158133.0
106	0.288940	0.211784	0.209558	0.289718	0.319714	0.160467	0.256488	0.257943	0.090968	0.059950	0.062853	0.075165	0.079826	0.044798	0.023145	0.064016	0.058122	0.047979	0.044545	0.058913	0.062220	0.057768	0.078371	0.091360	158133.0	158132.0
107	0.291137	0.210495	0.208914	0.289454	0.320612	0.159670	0.260365	0.258120	0.093896	0.059982	0.063997	0.073262	0.078434	0.045152	0.023158	0.063751	0.058356	0.047245	0.044115	0.059197	0.061499	0.057262	0.078738	0.091955	158132.0	158132.0
108	0.292186	0.209641	0.210008	0.288164	0.323110	0.162282	0.258076	0.256526	0.093776	0.059798	0.062328	0.076284	0.078460	0.045222	0.023335	0.062625	0.057142	0.048896	0.044830	0.059140	0.061778	0.057408	0.077707	0.091272	158132.0	158132.0
109	0.291155	0.211323	0.208199	0.289322	0.320475	0.160038	0.257660	0.256591	0.092619	0.060779	0.063245	0.074514	0.079662	0.043856	0.023607	0.064200	0.057566	0.048346	0.044229	0.058059	0.063081	0.058274	0.077701	0.090261	158132.0	158131.0
110	0.292928	0.211255	0.208783	0.287034	0.321626	0.161638	0.260796	0.257059	0.093973	0.059931	0.064409	0.074615	0.078612	0.045228	0.023733	0.063681	0.056902	0.047163	0.045513	0.059204	0.061202	0.056314	0.077682	0.091835	158131.0	158131.0
111	0.290689	0.208637	0.211337	0.289336	0.321103	0.161336	0.259951	0.255840	0.091577	0.060444	0.063498	0.075172	0.078625	0.044312	0.023082	0.062613	0.058825	0.047891	0.046051	0.058572	0.062607	0.057168	0.077816	0.091747	158131.0	158130.0
112	0.291633	0.209815	0.210447	0.288105	0.320820	0.161887	0.259276	0.256417	0.092304	0.059938	0.063986	0.075407	0.076887	0.045785	0.023595	0.063549	0.058275	0.047796	0.044710	0.059660	0.062525	0.056498	0.078499	0.090584	158130.0	158129.0
113	0.289991	0.210018	0.210790	0.289201	0.319165	0.161243	0.259454	0.255666	0.092375	0.060154	0.063651	0.073814	0.078563	0.044192	0.023633	0.063632	0.058421	0.048410	0.045008	0.058952	0.062171	0.057036	0.079183	0.090806	158129.0	158128.0
114	0.291530	0.209792	0.211474	0.287204	0.321010	0.160480	0.258427	0.254114	0.092401	0.060964	0.063121	0.075041	0.079487	0.044680	0.023108	0.062520	0.058504	0.048291	0.044401	0.060281	0.062779	0.056126	0.077508	0.090788	158128.0	158126.0
115	0.293171	0.210060	0.208138	0.288631	0.322365	0.161214	0.257366	0.256468	0.093945	0.061293	0.062318	0.075617	0.078368	0.045142	0.023273	0.063279	0.056879	0.048575	0.044225	0.058460	0.062084	0.057328	0.078495	0.090719	158126.0	158125.0
116	0.291276	0.212338	0.208310	0.288076	0.323063	0.160463	0.258114	0.257665	0.093110	0.059523	0.062811	0.075833	0.079906	0.044490	0.023678	0.064266	0.057126	0.047229	0.045066	0.058884	0.062818	0.057607	0.076351	0.091302	158125.0	158124.0
117	0.292960	0.208849	0.207906	0.290285	0.322766	0.158667	0.258228	0.256248	0.092257	0.060857	0.063640	0.076206	0.078843	0.043877	0.022628	0.063501	0.057417	0.047248	0.044914	0.058328	0.061907	0.056475	0.079507	0.092396	158124.0	158124.0
118	0.290424	0.208457	0.210689	0.290430	0.323265	0.160077	0.258468	0.257595	0.092946	0.060206	0.062767	0.074505	0.077509	0.044731	0.023437	0.062780	0.058656	0.047811	0.044098	0.060124	0.063026	0.057297	0.077319	0.092788	158124.0	158124.0
119	0.292138	0.210044	0.207622	0.290196	0.323687	0.159383	0.256245	0.256176	0.092979	0.060466	0.062660	0.076030	0.078654	0.044687	0.023261	0.063445	0.057070	0.047900	0.043536	0.059119	0.063995	0.057361	0.078155	0.090683	158124.0	158122.0
120	0.292698	0.210413	0.207612	0.289277	0.324256	0.158707	0.256682	0.257244	0.092821	0.060548	0.063002	0.076327	0.078452	0.044219	0.023469	0.064273	0.057222	0.047381	0.043637	0.059372	0.063249	0.056893	0.077276	0.091859	158122.0	158122.0
121	0.291743	0.209041	0.207384	0.291832	0.324313	0.160553	0.259192	0.257080	0.092770	0.059144	0.064134	0.075695	0.077915	0.044617	0.023501	0.063008	0.057582	0.047729	0.044706	0.057367	0.063179	0.056785	0.079198	0.092669	158122.0	158122.0
122	0.291446	0.208276	0.211539	0.288739	0.320995	0.160655	0.259630	0.255836	0.092233	0.060492	0.063028	0.075695	0.078503	0.044586	0.022850	0.062332	0.058898	0.047748	0.045472	0.059423	0.061371	0.057222	0.078453	0.091696	158122.0	158121.0
123	0.291005	0.210048	0.209801	0.289146	0.320851	0.159910	0.259031	0.255256	0.091178	0.060675	0.064426	0.074722	0.078984	0.044061	0.024140	0.062864	0.058728	0.047009	0.044700	0.059366	0.063895	0.057273	0.076923	0.091057	158121.0	158120.0
124	0.292784	0.209018	0.210188	0.288009	0.322331	0.159923	0.259885	0.253668	0.092822	0.059695	0.064135	0.076132	0.078839	0.044188	0.023444	0.062547	0.058487	0.047850	0.044441	0.059411	0.062680	0.056236	0.078396	0.090697	158120.0	158120.0
125	0.292828	0.207969	0.210416	0.288787	0.324621	0.157867	0.259101	0.255995	0.093227	0.059866	0.063015	0.076720	0.077100	0.043214	0.023033	0.064622	0.058424	0.047186	0.044435	0.060372	0.063053	0.056539	0.077574	0.091620	158120.0	158120.0
126	0.291804	0.206805	0.208057	0.293334	0.326290	0.157235	0.256634	0.257172	0.092215	0.060138	0.062794	0.076657	0.077764	0.043688	0.022590	0.062762	0.057785	0.047116	0.043840	0.059316	0.064078	0.057380	0.078535	0.093341	158120.0	158120.0
127	0.291842	0.208323	0.207760	0.292076	0.326754	0.157464	0.257477	0.257180	0.093910	0.059930	0.062326	0.075677	0.078207	0.044315	0.023002	0.062801	0.058380	0.047287	0.042860	0.059228	0.063674	0.056571	0.078340	0.093493	158120.0	158119.0
128	0.294171	0.208103	0.206528	0.291198	0.326815	0.157352	0.260440	0.255836	0.094772	0.059551	0.064180	0.075672	0.078119	0.043816	0.022907	0.063251	0.057552	0.046693	0.043936	0.058349	0.064029	0.056427	0.078404	0.092343	158119.0	158117.0
129	0.294472	0.206486	0.209427	0.289615	0.327825	0.158480	0.261993	0.255346	0.094754	0.058736	0.063878	0.077108	0.077671	0.043317	0.022452	0.063049	0.058306	0.047655	0.045056	0.058413	0.063340	0.056358	0.077286	0.092622	158117.0	158115.0
130	0.294069	0.206070	0.208670	0.291191	0.328016	0.158942	0.257687	0.255006	0.094065	0.061007	0.062132	0.076869	0.077273	0.043538	0.022908	0.062347	0.056700	0.047706	0.044790	0.059470	0.064213	0.056251	0.077862	0.092870	158116.0	158114.0
131	0.292251	0.208501	0.207692	0.291555	0.327285	0.158083	0.256873	0.255197	0.093724	0.059729	0.062487	0.076313	0.078672	0.044348	0.022946	0.062531	0.057813	0.047940	0.042849	0.059091	0.064536	0.055606	0.078703	0.092712	158114.0	158113.0
132	0.294745	0.207624	0.206985	0.290647	0.328862	0.157935	0.259770	0.256886	0.094663	0.059655	0.063342	0.077086	0.078262	0.043780	0.022516	0.063064	0.057631	0.047505	0.044134	0.057707	0.063576	0.056505	0.077035	0.093537	158113.0	158109.0
133	0.294133	0.207445	0.207028	0.291394	0.324978	0.158144	0.257987	0.256089	0.093183	0.061186	0.063557	0.076207	0.077396	0.044918	0.022447	0.062685	0.058030	0.047562	0.043217	0.058219	0.064588	0.057486	0.078319	0.091001	158109.0	158109.0
134	0.293196	0.211152	0.207540	0.288111	0.324384	0.159422	0.258512	0.258353	0.093461	0.060344	0.063817	0.075574	0.078983	0.045456	0.022674	0.064038	0.057802	0.047859	0.043432	0.058447	0.063210	0.056720	0.076042	0.092139	158109.0	158109.0
135	0.293456	0.210380	0.205966	0.290199	0.326526	0.159335	0.258705	0.256997	0.093664	0.059605	0.063210	0.076980	0.079073	0.045368	0.023048	0.062894	0.057537	0.046627	0.044293	0.057499	0.063811	0.056664	0.077656	0.092071	158109.0	158107.0
136	0.294088	0.208268	0.208204	0.289440	0.327021	0.157666	0.259870	0.255316	0.093627	0.059093	0.063951	0.077423	0.078846	0.043819	0.022807	0.062800	0.058012	0.046760	0.044280	0.059157	0.063154	0.055880	0.077575	0.092817	158109.0	158106.0
137	0.293638	0.205552	0.208613	0.292196	0.329545	0.157749	0.259092	0.256562	0.093760	0.061105	0.062148	0.076626	0.077309	0.042864	0.023035	0.062344	0.058606	0.047272	0.044578	0.058157	0.063919	0.056114	0.076923	0.095240	158106.0	158106.0
138	0.293594	0.207355	0.206684	0.292367	0.330578	0.155460	0.257405	0.255868	0.094589	0.060795	0.061731	0.076481	0.078486	0.043079	0.022827	0.062964	0.057943	0.046412	0.043142	0.059189	0.065596	0.055912	0.076943	0.093912	158106.0	158105.0
139	0.296613	0.206198	0.204642	0.292546	0.329992	0.155897	0.260702	0.256040	0.095968	0.059897	0.063699	0.077044	0.077942	0.043920	0.022232	0.062105	0.057424	0.046134	0.043611	0.057475	0.063186	0.056222	0.079347	0.093793	158105.0	158104.0
140	0.294519	0.206173	0.208886	0.290421	0.329625	0.156580	0.260626	0.256002	0.094938	0.059050	0.063496	0.077038	0.077658	0.043724	0.022295	0.062497	0.058556	0.046925	0.043636	0.059771	0.063869	0.056001	0.076766	0.093780	158105.0	158104.0
141	0.295021	0.205700	0.206193	0.293086	0.330574	0.157991	0.256768	0.255629	0.094615	0.060119	0.062288	0.077999	0.077803	0.043807	0.022890	0.061200	0.056279	0.047709	0.043585	0.058620	0.063939	0.056602	0.078524	0.094020	158104.0	158104.0
142	0.292636	0.208236	0.207288	0.291840	0.326797	0.157804	0.257993	0.256292	0.092428	0.059525	0.064041	0.076641	0.078519	0.043561	0.023498	0.062662	0.057330	0.046553	0.044193	0.059209	0.064377	0.056717	0.077394	0.093352	158104.0	158101.0
143	0.292653	0.206354	0.209131	0.291862	0.326580	0.157379	0.257745	0.254835	0.093010	0.059285	0.062833	0.077526	0.078171	0.042447	0.022878	0.062858	0.057849	0.048001	0.044054	0.059228	0.063895	0.057381	0.078437	0.092149	158102.0	158102.0
144	0.292925	0.207113	0.208201	0.291761	0.328145	0.157558	0.257253	0.255166	0.092492	0.059443	0.063251	0.077741	0.078621	0.043384	0.022815	0.062296	0.057229	0.047078	0.044282	0.059614	0.064705	0.056280	0.077564	0.093206	158102.0	158101.0
145	0.293047	0.206185	0.207911	0.292857	0.328680	0.156775	0.256339	0.256371	0.093087	0.060165	0.062277	0.077515	0.077989	0.043353	0.022505	0.062341	0.057559	0.047502	0.043416	0.059431	0.064573	0.057173	0.077610	0.093505	158101.0	158099.0
146	0.293209	0.208192	0.205808	0.292791	0.328925	0.156404	0.256235	0.255894	0.093367	0.058945	0.062727	0.078167	0.079040	0.042727	0.022840	0.063588	0.056529	0.047224	0.043612	0.058445	0.064574	0.056763	0.078635	0.092816	158099.0	158097.0
147	0.293508	0.205657	0.207814	0.293021	0.329488	0.156053	0.258005	0.254969	0.093400	0.060167	0.062874	0.077074	0.078283	0.042475	0.022607	0.062292	0.057814	0.047054	0.043917	0.059022	0.064405	0.055594	0.078415	0.094608	158098.0	158094.0
148	0.293899	0.205288	0.207818	0.292995	0.331337	0.155124	0.259556	0.255615	0.094634	0.058864	0.062887	0.077505	0.078568	0.042684	0.022107	0.061932	0.059098	0.047396	0.042937	0.058390	0.064380	0.056182	0.077619	0.094818	158095.0	158093.0
149	0.296680	0.205126	0.205550	0.292644	0.332083	0.155339	0.260005	0.254951	0.096178	0.059592	0.063412	0.077499	0.078169	0.042412	0.022430	0.062115	0.056049	0.046131	0.044366	0.059003	0.063880	0.055897	0.078340	0.094527	158093.0	158093.0
150	0.294276	0.204032	0.208548	0.293144	0.331988	0.157113	0.258992	0.254045	0.095174	0.059137	0.062319	0.077646	0.077095	0.042324	0.022886	0.061731	0.057821	0.048226	0.043678	0.058821	0.065165	0.055987	0.077987	0.094003	158093.0	158090.0
151	0.295256	0.205674	0.206870	0.292201	0.331980	0.154850	0.258748	0.256547	0.095485	0.059960	0.061693	0.078115	0.077349	0.042502	0.022310	0.063515	0.057639	0.046107	0.043931	0.059195	0.064584	0.056734	0.077084	0.093796	158090.0	158088.0
152	0.295057	0.205303	0.205019	0.294621	0.333099	0.154945	0.257274	0.256800	0.094049	0.058992	0.063907	0.078108	0.077539	0.043647	0.022222	0.061896	0.057044	0.046803	0.042274	0.058898	0.066014	0.056329	0.077349	0.094928	158088.0	158088.0
153	0.294646	0.205771	0.205752	0.293830	0.331817	0.155003	0.258073	0.257067	0.094385	0.059720	0.063016	0.077521	0.078615	0.043767	0.021937	0.061454	0.057253	0.045880	0.043419	0.059202	0.065205	0.057139	0.076781	0.094707	158088.0	158087.0
154	0.295458	0.206507	0.205153	0.292883	0.332072	0.154523	0.257562	0.256114	0.094967	0.059569	0.062820	0.078103	0.077338	0.043078	0.022583	0.063510	0.056975	0.046064	0.042799	0.059309	0.066148	0.056672	0.077211	0.092855	158087.0	158086.0
155	0.295428	0.205382	0.205414	0.293777	0.330067	0.154871	0.257233	0.255835	0.093183	0.060916	0.063174	0.078154	0.077382	0.042546	0.023146	0.062308	0.057254	0.045557	0.043622	0.058981	0.064775	0.057026	0.078021	0.093955	158086.0	158086.0
156	0.292598	0.206045	0.207961	0.293395	0.331166	0.155468	0.257097	0.254264	0.093406	0.058848	0.062334	0.078015	0.078597	0.041952	0.023114	0.062385	0.057235	0.046279	0.044122	0.060322	0.065832	0.056015	0.077630	0.093912	158087.0	158084.0
