121.72
175.791
237.295
293.989
348.891
402.484
441.761
483.585
524.047
556.364
583.405
613.286
643.562
673.378
692.837
720.482
758.396
782.691
811.711
845.152
876.629
901.858
927.906
948.446
968.76
992.982
1015.889
1039.503
1055.904
1067.552
1079.955
1091.987
1101.786
1107.506
1117.364
1122.17
1125.605
1133.051
1140.224
1145.263
1152.071
1153.643
1160.894
1163.61
1170.445
1178.963
1185.5
1192.618
1195.363
1198.357
1196.774
1194.859
1193.713
1195.898
1204.961
1208.687
1209.796
1209.255
1208.161
1206.508
1205.379
1202.336
1201.737
1197.852
1194.862
1188.062
1184.27
1182.084
1174.2
1165.128
1152.365
1139.791
1124.977
1107.456
1091.478
1076.627
1060.168
1043.048
1024.264
1002.622
976.296
955.94
929.424
895.748
858.608
819.761
777.142
729.218
678.064
624.431
569.49
510.883
450.723
391.743
331.405
270.411
213.199
159.647
111.45
57.121
