422.897
526.175
626.767
718.055
815.222
910.122
1003.725
1093.897
1166.005
1229.966
1296.351
1358.099
1399.187
1450.462
1509.592
1555.547
1598.398
1641.204
1685.765
1721.715
1752.199
1786.015
1813.942
1864.853
1878.573
1888.901
1905.96
1936.641
1963.79
1987.112
2015.536
2031.954
2053.814
2065.017
2087.645
2107.505
2109.942
2116.465
2116.32
2139.011
2148.834
2154.822
2155.963
2166.871
2174.882
2197.792
2209.882
2210.017
2207.144
2209.573
2214.264
2236.79
2236.728
2235.583
2228.881
2215.396
2201.87
2195.831
2184.105
2181.369
2176.306
2172.575
2169.417
2169.511
2160.336
2155.535
2149.872
2164.979
2151.346
2141.725
2128.732
2097.308
2076.661
2044.662
2022.401
2004.216
1987.886
1972.416
1961.015
1945.41
1917.778
1891.385
1853.842
1811.431
1763.411
1702.61
1660.422
1628.504
1593.372
1542.016
1483.184
1410.066
1349.708
1286.223
1224.23
1159.139
1089.618
1030.202
973.024
903.042
