866.333
874.574
880.675
891.856
898.033
913.664
923.58
931.666
936.896
943.447
948.437
955.648
966.835
971.51
979.07
982.956
988.722
995.441
1000.54
1006.866
1013.046
1022.723
1028.724
1033.675
1040.167
1048.23
1058.737
1064.275
1069.804
1076.371
1083.802
1090.944
1098.848
1104.991
1113.485
1122.483
1131.694
1138.812
1144.596
1152.344
1160.336
1170.55
1179.379
1187.475
1195.088
1203.421
1220.733
1228.5
1234.842
1242.243
1251.07
1263.164
1273.123
1284.011
1291.528
1297.899
1306.4
1314.658
1320.41
1327.037
1334.721
1340.76
1347.676
1354.145
1358.12
1360.097
1366.573
1374.148
1380.364
1389.563
1403.517
1411.348
1429.789
1437.534
1446.368
1455.738
1463.179
1470.981
1476.839
1486.669
1495.842
1505.424
1515.353
1524.705
1532.132
1539.803
1549.223
1557.993
1564.14
1571.753
1585.087
1584.24
1591.692
1604.262
1611.745
1617.225
1631.659
1640.356
1647.686
1657.285
1662.583
1669.946
1675.538
1681.552
1692.385
1697.176
1703.615
1717.657
1719.3063
1729.2883
1727.3663
1734.5486
1737.8308
1744.6877
1753.933
1762.3153
1771.8779
1778.4104
1785.7728
1788.7635
1796.6633
1802.9259
1799.8878
1804.8788
1807.509
1813.7886
1815.7314
1819.8667
1826.4359
1831.0771
1831.3807
1835.8717
1837.6703
1839.1774
1845.0381
1842.3677
1847.6904
1847.7445
1845.9098
1849.5831
1850.7074
1853.4098
1857.1072
1860.9459
1857.7695
1856.494
1857.1564
1860.3276
1863.7004
1864.1864
1864.3838
1866.016
1864.6543
1870.3126
1878.9119
1882.7816
1885.6393
1888.7715
1886.0712
1885.6833
1884.0441
1885.5
1889.1914
1890.2374
1893.9298
1895.6793
1902.019
1906.8788
1910.9398
1916.2876
1917.6122
1924.3196
1930.3176
1932.1954
1934.8057
1933.8217
1939.029
1943.7041
1943.97
1947.0511
1948.8094
1945.8285
1948.7864
1945.648
1944.353
1945.637
1952.5457
1961.5487
1968.6028
1969.4182
1968.2678
1970.8154
1974.686
1975.7623
1973.4905
1976.1094
1977.357
1985.7021
1989.0531
1987.6038
1987.5245
1986.2478
1981.6289
1982.3822
1984.5897
1985.9438
1991.4493
1989.1113
1992.0461
1993.1044
1998.0402
1992.9087
1989.3099
1995.3019
1996.0231
1995.7612
1998.5345
2001.2347
2000.7231
2003.333
2003.8085
2009.7372
2010.643
2006.8435
2001.5286
2002.7502
2011.5397
2015.8696
2019.0502
2015.4589
2017.6597
2017.502
2018.4297
2017.3424
2012.8685
2012.1477
2011.1226
2015.1095
2018.5347
2020.1196
2020.7236
2023.7115
2029.3739
2030.8804
2029.7789
2033.2382
2038.9758
2048.98
2041.7778
2045.4713
2049.6035
2047.3522
2048.4023
2052.0684
2050.719
2052.6304
2052.565
2042.9567
2040.9094
2043.4109
2042.712
2044.7379
2039.6361
2035.8499
2034.1099
2036.4174
2049.636
2048.9143
2043.4083
2038.6432
2041.1562
2040.9718
2034.9293
2033.4269
2028.0656
2014.5055
2014.778
2013.2997
2016.1372
2021.508
2018.8505
2023.108
2021.6613
2023.2012
2027.416
2023.8573
2026.1671
2024.9149
2017.7386
2017.775
2014.3854
2009.709
2006.7931
2007.2333
2005.5344
2003.3204
2006.3949
2010.3303
2008.3872
2008.4136
2004.309
2008.5519
2009.3832
2007.0336
2003.5712
1992.5305
1992.2994
1985.7057
1984.3934
1981.9745
1977.7278
1973.8798
1962.7142
1962.9255
1960.7041
1959.7566
1945.5848
1945.0706
1946.5726
1943.2843
1941.499
1941.3047
1938.131
1939.2344
1943.1823
1946.7255
1952.5231
1948.7416
1951.9764
1953.0349
1951.9938
1951.48
1946.3391
1948.1296
1951.033
1953.5721
1951.5299
1948.6628
1951.3953
1944.677
1947.9247
1948.548
1950.5238
1954.5553
1954.9845
1958.8911
1967.5078
1973.288
1974.4568
1972.5802
1973.1533
1973.3257
1965.547
1964.5538
1963.6862
1965.778
1964.2036
1960.0671
1960.312
1960.2742
1954.3761
1955.4038
1956.4836
1951.3113
1959.54
1953.1676
1951.609
1947.0674
1942.8947
1940.0802
1943.6547
1943.8264
1943.5349
1942.9597
1940.2701
1940.1156
1935.4751
1935.2283
1948.7173
1945.2319
1935.466
1935.634
1937.6965
1937.2058
1937.6073
1931.1782
1936.5673
1926.5814
1916.9475
1915.9313
1921.5602
1916.6265
1917.1821
1913.7047
1918.7054
1923.4508
1920.7708
1922.4626
1919.5677
1916.544
1907.8826
1900.6797
1899.0927
1899.2805
1901.8501
1900.6451
1885.2203
1886.9824
1882.3213
1874.1809
1868.147
1869.1263
1869.088
1866.4478
1855.5985
1852.6227
1853.1188
1843.8612
1850.0796
1852.4191
1853.8593
1852.1355
1849.8323
1840.1067
1838.8645
1834.4293
1832.8442
1840.4109
1841.0736
1840.4241
1846.7894
1834.6987
1830.7604
1830.2332
1823.6693
1814.4337
1809.0022
1810.8839
1810.3047
1803.6512
1802.228
1796.9109
1793.035
1791.3627
1789.3688
1786.7701
1793.1055
1794.2806
1784.9556
1784.5771
1782.4341
1783.2017
1790.9401
1788.9111
1781.7104
1778.3495
1781.5591
1776.2607
1774.5778
1773.0023
1767.7526
1770.1014
1774.0852
1773.2076
1770.5012
1766.5867
1759.3306
1750.191
1749.567
1746.2742
1751.7118
1752.9988
1753.1205
1752.3263
1750.7325
1751.1361
1751.4958
1750.3477
1759.3893
1757.6139
1758.339
1760.2594
1772.8363
1772.9574
1771.3727
1759.3861
1757.7537
1755.1638
1754.1028
1754.7867
1758.9657
1753.8405
1755.9312
1756.181
1755.5087
1770.5396
1764.0125
1767.202
1764.9664
1771.2823
1770.8989
1767.8328
1781.2836
1771.4244
1777.8524
1768.8506
1768.2661
1765.0063
1762.6484
1762.0458
1765.8066
1768.2446
1767.1097
1762.8954
1765.3248
1776.8796
1776.6158
1777.7115
1782.4929
1787.4308
1787.6244
1780.7941
1778.1467
1777.3607
1773.7252
1768.4081
1768.8181
1762.4023
1758.4783
1757.5165
1756.9302
1755.7915
1754.4155
1753.7097
1747.595
1745.1056
1749.0238
1748.1365
1749.6614
1750.502
1748.6511
1739.4727
1746.3832
1741.1709
1741.6265
1739.5863
1736.8593
1740.9478
1742.7087
1742.7423
1744.2957
1741.9542
1740.9274
1737.753
1730.4662
1730.273
1729.1708
1722.496
1722.6997
1715.7401
1718.0886
1724.4836
1717.4657
1716.7561
1713.411
1712.9573
1712.0923
1710.708
1709.7975
1713.1848
1717.0775
1714.5021
1715.3713
1712.4742
1714.9038
1711.0447
1716.6132
1717.9762
1710.0392
1710.8976
1710.3184
1711.2444
1716.6017
1714.0677
1711.2504
1718.2164
1722.761
1721.017
1723.8213
1730.2614
1735.0582
1739.2983
1727.5171
1726.6628
1723.54
1737.0671
1735.7963
1734.6571
1732.9354
1734.095
1750.8605
1759.4
1763.9193
1761.2438
1771.9822
1767.8875
1761.9644
1757.7236
1757.4866
1754.9911
1756.9388
1768.072
1764.3118
1758.1973
1768.6974
1770.3086
1766.646
1769.4636
1770.1685
1769.5471
1764.3572
1763.0944
1767.2229
1768.2875
1763.5498
1764.9019
1762.6575
1760.1337
1751.6846
1758.5577
1759.2632
1751.0543
1759.6604
1762.1406
1760.3918
1762.2179
1774.6289
1783.0079
1779.3893
1779.4388
1783.9218
1785.109
1786.7633
1789.5298
1778.8535
1777.3613
1778.3981
1778.3204
1796.2366
1794.039
1794.8279
1791.539
1786.0487
1776.159
1776.53
1774.826
1781.215
1782.0884
1784.6272
1784.069
1782.1466
1792.25
1795.1824
1795.0315
1789.5009
1792.391
1791.7467
1795.6344
1790.7863
1793.5092
1784.2529
1780.5729
1785.9312
1785.325
1799.8418
1799.831
1801.3796
1804.8997
1801.9471
1783.4113
1775.113
1779.1653
1774.537
1774.7461
1772.8325
1767.1976
1765.4565
1761.3315
1752.1635
1746.4487
1742.9634
1746.3578
1737.4625
1734.0471
1725.3776
1728.2452
1724.6918
1726.3456
1730.8821
1731.3304
1725.7333
1720.6042
1717.4
1719.4672
1719.4644
1712.8431
1716.025
1728.2607
1723.625
1717.725
1715.9373
1719.9567
1718.1083
1726.4203
1722.9927
1719.4473
1707.9308
1702.0219
1699.7112
1695.8428
1692.0293
1691.6033
1687.4132
1694.8624
1697.4447
1694.294
1689.3049
1682.2482
1682.1654
1677.2253
1673.9609
1668.658
1670.0922
1667.8757
1667.7997
1668.8334
1665.5825
1656.5687
1658.1111
1655.5536
1655.501
1652.5221
1650.0308
1643.8212
1641.5885
1644.6833
1644.4758
1641.4816
1634.0078
1638.6194
1635.0155
1634.9747
1626.5175
1621.998
1616.3223
1620.9021
1621.4872
1617.8408
1630.6083
1632.7056
1632.0297
1631.75
1635.1816
1655.822
1657.7695
1664.9075
1672.9939
1667.1417
1673.6735
1684.2458
1691.0514
1691.609
1690.068
1697.9772
1706.144
1696.9664
1689.6589
1694.4789
1695.7505
1693.2157
1694.0403
1686.845
1684.7367
1696.6099
1699.9421
1696.3341
1696.2747
1688.2404
1682.7318
1687.6366
1693.0259
1698.3347
1696.4924
1694.1512
1697.4935
1696.0563
1693.2771
1681.1432
1675.564
1681.1086
1679.5403
1677.2527
1681.1633
1677.6084
1674.9601
1671.6586
1666.5698
1675.0334
1671.434
1671.5157
1669.7319
1664.1487
1670.8054
1668.4069
1665.825
1672.7964
1676.1267
1678.0947
1674.0647
1672.4296
1670.5497
1662.7552
1662.0209
1662.9907
1669.0653
1669.6932
1668.0446
1666.2606
1663.1737
1662.9623
1650.6863
1648.3357
1653.0803
1655.5474
1660.4033
1651.7847
1660.262
1660.4602
1659.8865
1649.3116
1650.3462
1649.3801
1655.2645
1652.3041
1650.3488
1631.0
1626.6978
1627.6167
1627.516
1627.9064
1622.2241
1617.5394
1616.4469
1615.1951
1619.6716
1615.4575
1615.564
1610.9172
1603.3108
1604.485
1611.5718
1620.1222
1623.0127
1625.6923
1632.7275
1635.4679
1638.0259
1631.5621
1628.3446
1628.5896
1629.7266
1626.2266
1615.8151
1612.3281
1617.0968
1612.4319
1612.6273
1606.0394
1612.9443
1603.7207
1593.5612
1593.2793
1591.0826
1586.8854
1590.7393
1590.1156
1593.2108
1589.0162
1609.7174
1606.3043
1612.4082
1614.7451
1611.7091
1605.8698
1600.1083
1600.078
1604.7899
1607.441
1600.5309
1603.5916
1606.483
1606.8588
1593.5354
1590.0935
1586.66
1583.5156
1580.9318
1576.9517
1569.2585
1564.1847
1562.6781
1567.1863
1572.0603
1568.4281
1579.6696
1574.655
1580.1575
1582.5542
1581.1907
1579.2323
1589.0326
1588.2899
1586.8373
1594.5343
1597.0964
1592.9368
1585.741
1582.6174
1583.5469
1579.9575
1575.7866
1570.1006
1576.8379
1583.368
1581.2484
1583.9753
1581.5969
1568.123
1570.1077
1568.9816
1567.4462
1567.3385
1565.637
1577.1184
1573.2648
1576.0437
1577.4608
1581.4843
1591.6804
1595.2953
1599.2166
1601.4984
1615.8
1616.0742
1610.7355
1608.9935
1608.0518
1612.2987
1612.7987
1607.117
1599.3896
1607.621
1622.1738
1621.4557
1626.3158
1628.2542
1635.447
1635.4669
1638.1096
1635.4651
1633.5316
1633.0764
1632.3289
1636.4233
1635.6466
1640.6522
1638.5552
1643.0973
1640.7719
1642.4006
1639.6027
1636.2559
1634.4377
1642.7407
1642.4781
1640.4882
1651.1212
1654.1993
1653.527
1645.0068
1630.8577
1641.8704
1642.7611
1640.9589
1612.4811
1613.4364
1616.083
1630.6713
1635.5625
1637.0521
1639.3867
1639.4008
1638.9547
1646.2622
1651.8105
1650.6737
1640.6492
1640.0386
1636.6737
1636.8982
1634.0842
1636.214
1639.0
1636.1655
1632.5282
1629.8522
1628.1691
1626.426
1622.9578
1619.3064
1616.8767
1618.629
1621.5654
1618.1979
1623.5709
1621.3652
1616.2837
1622.5801
1621.3025
1615.2527
1615.4377
1612.0356
1609.5765
1606.6228
1614.3943
1592.57
1591.742
1593.7133
1597.946
1593.946
1591.9965
1587.3862
1583.8231
1588.4312
1588.8478
1588.692
1589.1377
1591.0725
1586.2572
1588.5709
1585.5746
1588.9489
1588.2993
1585.4088
1584.2904
1580.6729
1579.2096
1576.6104
1572.7169
1575.2694
1599.626
1610.9111
1607.3259
1607.3407
1605.5852
1602.1222
1597.8112
1597.0707
1591.7955
1598.5709
1602.5671
1611.6067
1620.2697
1616.4757
1618.094
1616.7782
1613.6504
1612.8496
1613.312
1611.9436
1612.8834
1611.7744
1609.8496
1609.9888
1610.3082
1621.7019
1624.6453
1622.0717
1621.8378
1623.1622
1620.4529
1624.197
1626.8517
1625.4144
1630.542
1641.313
1637.6222
1622.416
1622.8206
1621.4008
1622.0878
1619.439
1622.7587
1627.1915
1635.4943
1632.9807
1630.7529
1629.1969
1627.1351
1628.6023
1626.3243
1623.7645
1628.1008
1635.8179
1643.5465
1643.7714
1640.7751
1642.9532
1647.207
1602.553
1607.4606
1605.5472
1608.9291
1605.7795
1606.1732
1598.2795
1597.5591
1600.2677
1649.8606
1651.1434
1654.1913
1657.272
1655.816
1653.332
1661.3976
1660.5903
1659.1084
1657.0803
1658.261
1657.3011
1657.3267
1656.2258
1657.7701
1658.0604
1659.8826
1655.6923
1645.1821
1644.1052
1649.0244
1660.8943
1670.8699
1676.7837
1670.8271
1667.9958
1683.823
1679.4445
1681.4774
1696.6888
1702.9333
1703.5708
1719.0042
1719.1542
1717.1292
1723.1632
1719.4812
1716.5774
1720.4327
1719.6932
1713.7227
1708.0844
1713.7246
1690.3009
1683.5339
1679.7881
1678.572
1685.217
1681.4213
1680.1915
1680.1234
1677.6979
1670.6979
1666.5914
1671.641
1666.641
1665.1111
1674.103
1675.6309
1671.6138
1669.4507
1671.5776
1668.9353
1666.7112
1672.7273
1677.613
1675.8566
1673.0565
1671.0087
1664.1609
1641.1348
1619.6696
1618.5131
1616.1261
1612.1565
1608.7739
1594.1782
1600.4934
1599.4192
1598.8472
1596.5895
1593.31
1574.3538
1575.2664
1576.7991
1583.9912
1585.7904
1585.3145
1589.465
1605.75
1603.7764
1594.807
1589.1754
1593.5463
1596.0616
1596.1637
1594.1549
1587.6858
1588.1947
1585.7434
1588.5664
1593.2267
1592.4177
1591.44
1593.8667
1588.2444
1586.4756
1583.7644
1570.0623
1574.5067
1575.08
1574.2711
1578.4777
1575.8125
1583.7657
1584.3694
1584.7388
1588.581
1574.3468
1554.6621
1550.1666
1563.4955
1559.9369
1560.0991
1565.9592
1568.1765
1567.3892
1569.9095
1568.7964
1593.991
1593.3168
1600.0591
1599.8818
1599.5454
1599.0773
1602.2228
1599.8773
1600.0409
1597.8046
1597.4636
1595.1637
1591.741
1597.3882
1595.9178
1605.7788
1613.0463
1611.9166
1609.3518
1605.4398
1615.1581
1611.3163
1610.1628
1612.1069
1618.6074
1618.6915
1618.9113
1631.3334
1627.9202
1634.651
1630.4481
1650.9476
1650.2572
1674.2296
1683.7837
1676.9279
1680.8937
1680.8213
1681.372
1682.7922
1685.3914
1688.5121
1692.2947
1680.4445
1681.5314
1688.2281
1692.8204
1691.3593
1691.5194
1709.4418
1711.5582
1713.1505
1714.9661
1718.9951
1716.2913
1713.3252
1708.1165
1702.6019
1699.4467
1701.1117
1700.2621
1700.0923
1700.5388
1702.8156
1706.3123
1705.3219
1703.0975
1699.683
1697.8829
1656.7219
1653.8536
1655.054
1652.7991
1651.152
1648.8726
1647.5392
1644.8628
1644.5686
1646.7354
1655.1183
1656.0344
1652.4581
1653.0394
1649.8226
1649.4778
1652.803
1660.896
1657.297
1652.8762
1650.5544
1659.0348
1658.3035
1659.9502
1658.398
1659.6865
1668.44
1676.0201
1682.0555
1672.3081
1668.399
1668.5101
1678.1625
1678.7056
1684.4694
1682.8469
1688.6154
1685.4513
1681.5897
1684.3846
1683.6
1689.6359
1689.2474
1689.8196
1691.83
1690.4897
1688.0619
1713.0518
1709.4352
1706.1244
1700.7823
1697.8342
1683.1354
1681.0677
1684.8063
1679.178
1677.691
1645.3561
1625.1473
1625.8789
1624.8527
1627.4053
1626.0526
1625.0631
1623.8684
1624.079
1620.3527
1622.8315
1622.7158
1619.3105
1616.0264
1613.2158
1608.8948
1604.6158
1600.4053
1596.7
1590.6842
1587.7947
1587.821
1594.9421
1595.2737
1593.8579
1592.8
1599.6614
1604.7394
1612.1016
1610.861
1609.7754
1608.3156
1610.9198
1608.1498
1609.9785
1609.5537
1607.7688
1615.427
1615.7028
1623.1467
1624.7174
1668.625
1667.4076
1669.3369
1670.5
1668.5164
1667.2283
1663.4565
1664.1793
1661.8369
1659.3695
1659.5326
1659.3914
1658.4022
1674.3737
1670.2693
1672.8682
1668.1208
1678.9171
1677.9282
1674.9226
1670.652
1669.7458
1670.5359
1678.4333
1675.3889
1674.4
1672.2667
1669.2667
1678.1611
1675.1389
1673.4944
1670.8722
1677.3185
1678.6145
1674.6425
1671.4637
1651.163
1658.8248
1664.2034
1663.7288
1662.7627
1663.6554
1658.7119
1659.1752
1659.2881
1658.5142
1664.0625
1681.4261
1684.6079
1677.1932
1674.5284
1674.5227
1674.9204
1684.8171
1684.8
1687.2
1690.8114
1700.9028
1701.2343
1697.52
1696.4514
1716.2229
1712.24
1709.88
1705.8114
1705.6
1693.52
1694.7372
1697.9714
1696.3772
1695.2172
1691.08
1691.2343
1688.9257
1686.7943
1687.4081
1686.6034
1692.6954
1693.5057
1692.8046
1688.9425
1704.4023
1700.2759
1706.5317
1685.6012
1683.422
1678.6185
1685.5349
1681.0698
1679.4825
1676.1511
1675.1395
1672.7965
1670.0175
1670.0409
1676.9117
1672.3765
1645.5117
1620.3412
1613.4117
1607.0824
1600.4176
1608.5883
1605.9059
1600.3059
1598.8647
1594.0236
1593.6058
1590.7882
1590.2412
1588.9353
1588.6412
1577.4764
1572.9941
1570.6118
1565.1177
1561.8706
1564.7588
1577.7798
1575.2084
1578.1317
1586.024
1585.1807
1582.7048
1581.7108
1584.4121
1584.7212
1585.8545
1585.6727
1585.1212
1582.9879
1579.5333
1579.7212
1577.0848
1572.8182
1578.5
1574.8049
1583.8895
1580.9019
1575.4785
1573.0369
1570.1902
1564.9939
1567.9012
1565.0555
1560.7716
1557.9691
1554.3827
1562.9506
1555.321
1550.6482
1547.6852
1543.179
1538.7778
1520.1234
1517.7963
1519.9198
1512.2654
1507.679
1502.0988
1498.5555
1491.963
1493.2299
1525.0807
1532.8
1535.625
1537.9875
1546.5563
1542.6375
1552.522
1552.3334
1549.6981
1558.3038
1563.9172
1574.4679
1583.0839
1580.4517
1577.3419
1572.3484
1570.6064
1567.0646
1540.8258
1526.2323
1534.0195
1531.9286
1532.052
1526.1428
1528.0845
1528.0065
1525.4286
1533.7059
1532.8693
1532.1896
1540.1842
1547.894
1549.3245
1551.5364
1550.1987
1552.298
1556.2517
1552.3774
1555.4503
1551.9934
1549.9867
1555.4
1553.98
1552.9066
1554.0867
1551.4066
1562.6846
1570.2028
1578.1293
1572.8096
1571.5646
1574.0137
1572.5137
1572.1918
1568.8151
1563.7534
1562.8356
1560.2877
1559.2329
1555.3835
1571.4097
1567.1459
1558.1597
1554.493
1548.7361
1542.868
1537.9791
1547.007
1543.6573
1533.5105
1542.2113
1539.7253
1535.8098
1533.3944
1542.7163
1549.6143
1546.0215
1543.8357
1541.6571
1538.6857
1548.2302
1548.7123
1540.6691
1574.59
1568.5828
1568.036
1563.741
1563.0719
1562.7338
1569.884
1571.0797
1573.0435
1569.7754
1567.674
1561.8406
1561.7898
1560.0725
1558.0508
1561.0725
1559.0508
1562.4203
1558.8623
1559.8623
1560.6594
1553.174
1545.1522
1544.1377
1543.5
1541.6884
1540.1014
1539.174
1537.7029
1533.616
1529.6957
1524.8188
1522.558
1527.292
1525.2482
1523.0438
1521.7153
1519.7007
1513.5693
1514.365
1510.5767
1510.0365
1502.1752
1495.1533
1492.2043
1489.5182
1491.7794
1514.1323
1511.1985
1506.8015
1510.4741
1504.1038
1461.5408
1456.8223
1451.0592
1446.7556
1440.9333
1433.1555
1436.403
1438.4888
1434.2406
1430.9774
1428.3384
1425.9248
1431.4546
1428.0454
1428.159
1426.9015
1423.75
1421.4166
1421.1288
1412.447
1410.2954
1419.0382
1419.71
1418.1298
1414.626
1418.0
1418.8245
1429.4885
1431.6718
1424.3512
1425.4122
1427.3893
1428.6412
1429.0763
1428.9542
1436.9385
1435.4923
1445.248
1447.31
1449.938
1482.2869
1483.2249
1496.1641
1504.8268
1514.4603
1511.0238
1510.3016
1505.8492
1506.9286
1501.4445
1499.754
1494.3254
1505.304
1503.944
1501.56
1499.264
1499.896
1492.24
1482.944
1489.3146
1499.626
1502.1626
1505.8699
1506.3252
1510.6179
1506.8374
1501.2114
1499.1382
1495.5284
1494.1544
1492.8618
1493.1951
1492.1476
1485.5819
1483.6311
1488.6558
1484.1476
1479.7623
1475.9508
1470.5574
1470.9836
1463.1476
1473.0
1466.9421
1463.438
1460.9752
1456.1736
1453.6033
1447.1901
1457.2
1452.9
1444.7583
1446.2583
1442.325
1438.4584
1433.8
1431.3583
1427.5333
1425.3417
1422.6167
1433.0
1428.8823
1434.5424
1455.6207
1449.3018
1441.5479
1438.8435
1447.2
1443.8783
1468.6106
1464.3363
1463.4602
1456.1858
1454.1681
1455.8673
1451.7168
1449.4071
1446.8053
1443.6637
1440.5221
1436.6018
1438.4425
1431.9469
1446.1786
1441.1697
1438.4553
1433.4911
1401.2883
1401.8182
1397.3727
1389.2545
1383.1
1388.4728
1384.8455
1393.6422
1389.211
1386.789
1394.9445
1388.6018
1394.8878
1399.1887
1389.1604
1397.5428
1392.5524
1389.0667
1385.6381
1386.762
1385.2095
1381.3619
1380.7047
1378.5619
1375.5619
1372.3524
1370.4952
1368.0286
1377.8846
1391.3107
1384.4661
1383.6117
1376.6699
1374.9612
1372.5825
1363.7573
1359.3689
1354.4757
1348.9126
1343.8738
1340.4175
1337.0194
1334.1262
1333.6407
1331.7573
1330.0874
1329.8446
1338.4509
1330.4215
1351.94
1346.15
1345.43
1345.08
1378.2245
1375.1938
1376.9387
1371.5817
1368.0
1364.6735
1372.9072
1373.2474
1369.7834
1367.4227
1356.7113
1354.3505
1353.2166
1332.134
1343.4479
1345.4062
1360.7684
1377.2979
1391.8064
1389.1936
1422.8022
1416.5165
1416.956
1414.8022
1408.3187
1410.3407
1419.2222
1413.2667
1408.0333
1404.7
1419.2697
1418.4944
1416.3933
1416.0449
1414.6967
1411.0449
1408.663
1424.9318
1422.909
1418.466
1412.5454
1425.3907
1422.4368
1422.2413
1417.6781
1415.3334
1419.3907
1416.1265
1410.4482
1400.885
1413.2675
1414.8954
1415.4535
1414.3256
1412.9302
1408.2441
1408.093
1406.5581
1405.8837
1406.6395
1416.8942
1417.553
1416.5411
1413.3765
1412.5764
1409.9764
1407.3176
1403.3096
1400.5596
1401.5834
1396.119
1390.4524
1391.9286
1389.25
1384.4762
1413.5244
1414.8414
1410.1951
1410.0488
1408.2805
1411.7439
1411.9512
1410.6097
1407.9878
1404.683
1399.939
1398.1342
1399.4025
1399.2561
1397.5
1392.5853
1410.0247
1407.1975
1404.0247
1402.1975
1398.2098
1396.605
1394.3086
