2
3
3
3
5
6
6
7
7
7
7
8
9
9
11
13
14
14
15
15
15
15
16
17
18
18
19
20
20
22
23
24
24
24
24
24
24
25
25
25
25
25
25
25
25
26
26
26
27
27
27
28
28
28
29
29
29
29
31
31
31
31
31
31
32
32
32
32
32
32
32
33
33
33
33
33
33
34
34
34
34
34
35
35
35
35
35
35
37
37
37
37
37
37
39
40
40
40
41
41
41
42
42
42
42
42
43
43
43
44
45
45
45
46
47
48
48
48
48
49
49
49
49
50
50
50
50
50
51
51
51
51
52
52
52
52
52
53
53
54
54
54
54
54
54
55
56
56
56
57
57
57
58
58
59
60
60
60
60
60
62
63
63
63
63
63
63
63
63
63
64
64
64
65
65
65
66
66
66
66
67
68
68
68
69
69
69
69
70
70
71
71
71
71
71
72
72
72
73
73
74
74
74
75
75
76
76
76
76
76
76
77
77
77
77
77
77
78
78
78
78
78
78
79
79
79
80
80
80
80
80
81
81
81
82
82
82
83
83
84
84
85
85
85
85
85
86
86
86
87
87
87
88
88
89
89
89
90
90
90
90
91
91
91
92
92
92
92
92
93
93
93
94
94
94
94
95
95
95
95
95
95
95
96
96
96
96
96
96
97
97
97
97
97
97
97
98
98
99
100
100
101
102
102
102
102
102
102
103
104
104
105
105
105
105
105
106
106
106
106
107
107
107
108
108
108
108
108
109
109
109
109
109
109
110
111
111
111
111
111
111
111
112
113
114
114
114
114
114
114
115
115
115
116
116
117
117
117
118
119
119
119
120
120
120
120
120
120
120
120
120
121
121
121
122
122
122
122
123
123
123
124
124
125
126
126
127
127
129
129
129
130
130
130
130
131
131
131
131
131
132
132
132
132
132
132
132
132
132
133
134
135
135
136
136
136
137
137
137
137
137
137
137
138
138
139
139
139
139
139
139
139
139
139
139
139
140
140
140
140
140
142
142
142
143
144
144
144
144
144
144
145
145
147
148
148
148
148
149
149
149
150
150
151
151
151
152
152
153
154
154
155
156
156
156
157
157
157
158
158
158
159
159
159
160
160
160
160
161
162
162
162
163
163
163
163
164
164
165
166
166
166
166
168
168
169
169
169
169
169
169
170
170
170
171
171
171
171
171
172
172
172
173
173
173
173
174
175
175
175
176
177
177
177
177
178
178
179
179
180
182
183
183
185
187
188
189
190
192
192
192
192
192
192
192
192
192
192
193
193
194
195
196
196
196
196
197
197
197
198
198
198
198
199
200
202
204
204
204
205
207
207
207
207
207
208
209
209
210
210
210
210
210
210
211
211
212
212
212
212
213
214
214
214
214
214
216
216
216
218
218
219
219
220
222
222
222
224
224
224
224
225
227
227
227
229
229
230
230
231
231
232
232
232
232
233
234
234
234
235
236
236
236
236
236
237
237
237
237
239
241
242
242
243
243
243
245
246
246
246
246
246
246
247
248
249
250
251
252
252
252
253
253
254
254
254
254
254
255
255
258
258
259
260
260
260
261
261
263
264
264
265
265
266
266
267
268
268
269
269
269
271
271
273
274
275
276
277
278
279
280
280
280
281
281
281
282
282
282
282
283
283
284
284
286
286
289
289
289
291
291
293
294
295
297
297
299
299
299
301
301
302
303
304
304
306
306
307
307
308
309
309
309
312
313
315
315
315
317
318
318
318
319
320
320
321
321
322
322
323
325
326
327
327
328
328
328
330
330
333
333
335
336
336
337
338
342
344
345
345
346
346
349
350
350
350
351
351
352
354
354
356
357
357
360
363
364
364
367
367
368
370
370
373
377
378
381
381
384
386
386
388
389
391
391
395
395
396
396
396
400
401
402
402
407
408
408
409
412
412
413
413
414
414
415
415
417
420
421
421
421
423
424
425
426
426
426
429
432
433
438
439
439
440
440
440
442
442
443
447
448
448
450
450
453
453
454
455
457
458
458
458
458
465
465
465
468
471
473
474
475
477
477
478
482
483
489
490
492
492
492
493
495
497
498
498
498
498
498
501
505
507
508
509
509
513
513
517
518
520
522
523
525
526
527
528
528
532
533
534
536
536
539
540
540
540
543
543
544
546
547
550
552
553
555
556
558
560
563
564
565
566
570
572
573
573
576
579
579
582
582
585
586
590
592
592
594
594
597
599
601
602
603
605
605
605
606
606
608
608
612
612
615
617
621
622
626
629
630
630
633
633
638
642
642
644
645
645
649
650
651
657
658
665
669
670
674
674
680
680
684
687
690
693
693
701
702
708
718
721
727
732
735
735
739
740
741
744
748
750
752
754
755
757
761
762
764
765
766
767
774
776
786
791
799
807
807
807
813
831
834
837
839
839
840
844
852
855
861
870
873
874
882
891
895
896
900
903
906
906
909
916
924
925
942
942
945
945
946
946
951
952
958
960
963
966
969
972
976
979
990
990
994
998
1010
1011
1011
1014
1023
1024
1026
1027
1032
1035
1038
1041
1044
1045
1048
1050
1053
1053
1056
1062
1062
1063
1068
1068
1072
1077
1088
1089
1092
1092
1092
1094
1102
1106
1113
1120
1121
1135
1137
1140
1143
1149
1151
1158
1173
1173
1176
1190
1190
1196
1206
1210
1220
1226
1227
1227
1243
1250
1250
1255
1260
1263
1276
1276
1278
1280
1293
1294
1298
1298
1302
1308
1314
1314
1322
1323
1323
1331
1338
1353
1365
1374
1374
1380
1397
1398
1409
1410
1412
1419
1430
1433
1452
1458
1459
1459
1464
1464
1464
1470
1473
1482
1485
1491
1494
1497
1500
1503
1515
1516
1524
1527
1531
1539
1552
1566
1578
1579
1581
1582
1608
1610
1635
1659
1666
1668
1671
1672
1688
1692
1695
1698
1707
1716
1731
1731
1731
1739
1758
1780
1782
1784
1794
1800
1803
1812
1839
1842
1854
1860
1878
1904
1912
1914
1917
1953
1959
1967
1984
1992
2021
2022
2028
2028
2048
2097
2136
2153
2166
2166
2177
2185
2197
2230
2295
2348
2451
2502
2511
2578
2583
2598
2633
2646
2682
2874
2927
2997
3001
3144
3156
3171
3171
3221
3288
3312
3552
3576
4038
4044
4413
