3
3
3
3
3
4
4
4
4
4
4
4
4
4
5
5
5
5
5
5
5
5
6
6
6
6
6
6
6
6
6
6
6
7
7
7
7
7
7
7
7
8
8
8
8
8
8
8
9
9
9
9
10
10
10
11
11
11
12
12
12
12
12
12
12
12
12
12
13
13
14
14
14
14
15
15
15
16
16
16
17
17
17
17
17
18
18
18
18
18
18
18
19
20
20
20
20
20
20
20
20
21
21
21
21
21
21
22
22
22
23
23
23
23
23
23
23
24
24
24
24
24
25
25
25
25
25
25
25
26
26
26
26
26
26
26
26
26
27
27
27
27
28
28
28
28
28
28
28
28
28
29
29
29
29
29
29
30
30
30
31
31
31
31
31
31
31
31
31
31
31
32
32
32
32
32
32
32
32
32
32
33
33
33
33
33
33
33
33
33
34
34
34
34
35
35
35
35
35
35
35
36
36
36
37
37
37
37
37
37
38
38
38
39
39
39
39
39
40
40
40
40
40
41
41
41
41
41
42
42
42
42
42
42
42
42
43
43
43
43
43
44
44
45
45
45
45
45
45
46
46
47
47
47
48
48
48
48
49
49
49
49
49
49
50
50
50
50
50
50
50
50
51
51
51
51
52
52
52
52
52
52
52
53
53
53
53
53
54
54
54
54
54
54
54
54
54
54
54
55
55
55
55
56
56
56
56
56
56
56
57
57
57
57
57
57
57
57
58
58
58
59
59
59
59
59
60
60
60
60
60
61
62
62
63
63
63
63
63
63
63
63
63
63
63
63
63
63
63
63
63
63
64
64
64
64
64
65
65
65
65
66
66
66
66
66
66
68
68
68
69
69
69
69
69
69
69
70
70
71
71
71
71
71
72
72
72
72
73
73
73
74
74
74
74
74
74
75
75
75
75
76
76
76
76
76
76
76
76
76
76
77
77
77
77
77
77
77
77
78
78
78
78
78
78
78
78
78
78
78
79
79
79
79
80
80
80
80
80
81
81
81
82
82
82
82
82
83
83
83
83
83
84
84
84
85
85
85
85
85
85
85
86
86
87
87
87
87
87
88
88
89
90
90
90
90
90
90
90
91
91
91
91
91
91
91
91
92
92
92
92
92
92
92
92
93
93
93
93
93
94
94
94
94
94
94
95
95
95
95
95
96
96
96
96
96
97
97
97
97
97
98
98
98
98
98
99
99
99
99
100
100
100
101
101
102
102
102
102
102
102
103
103
103
103
104
104
104
105
105
105
105
105
105
106
106
106
107
107
107
107
108
108
108
108
108
108
108
109
109
109
109
109
109
109
109
110
110
110
111
111
111
111
111
111
111
112
113
113
113
114
114
114
114
115
115
115
116
116
117
117
117
117
117
118
118
118
118
118
119
119
119
120
120
120
120
120
120
120
121
121
122
122
122
122
122
122
122
122
122
123
123
123
124
124
124
125
125
125
126
126
127
127
127
128
128
129
129
129
129
129
130
130
130
130
130
130
130
131
131
131
131
131
132
132
132
132
132
132
133
133
133
134
135
135
135
136
136
136
136
136
137
137
137
137
137
137
138
138
138
138
139
139
139
139
139
139
139
139
139
139
139
139
139
139
140
140
140
140
140
140
141
142
142
142
142
143
144
144
144
144
144
144
145
145
145
146
146
146
147
147
147
148
148
148
148
148
148
148
148
148
148
148
148
149
149
150
150
150
150
150
150
151
151
152
153
153
153
153
153
153
154
154
154
155
156
156
156
156
156
156
156
157
157
158
158
158
159
159
160
160
160
160
161
162
162
162
163
163
163
164
164
164
164
164
165
166
168
168
168
169
169
169
169
169
170
170
170
170
171
171
172
172
172
172
173
173
173
173
174
174
175
175
175
176
177
177
177
178
178
179
179
179
180
183
183
185
187
188
189
189
189
189
189
189
190
190
192
192
192
192
192
192
192
192
192
192
192
192
193
194
194
194
195
196
197
197
197
198
198
198
198
198
198
199
200
200
200
201
202
202
204
204
204
204
205
205
207
207
207
207
208
209
209
209
210
210
210
210
211
212
212
212
212
213
213
213
213
213
214
214
214
215
215
216
216
216
218
218
219
219
219
220
222
222
222
222
223
224
224
225
225
227
227
227
229
229
230
230
230
230
231
231
231
232
232
232
232
233
234
234
234
234
235
235
236
236
236
236
237
237
237
237
237
237
241
241
242
242
242
242
243
243
244
244
244
245
245
245
246
246
246
246
246
246
246
246
246
246
246
246
247
248
250
251
252
252
253
253
253
254
255
255
256
258
258
258
260
260
260
261
261
262
263
264
265
265
266
266
267
268
268
268
269
270
271
271
271
271
271
273
273
273
273
273
273
273
274
275
275
275
275
276
276
277
278
278
279
279
279
279
279
280
281
281
282
283
283
284
285
286
286
289
289
291
291
292
293
294
295
297
297
297
299
299
299
300
301
301
301
302
303
303
304
304
306
306
307
307
307
308
308
309
309
310
312
315
315
315
316
318
319
320
320
320
321
321
321
321
323
323
324
326
327
328
330
330
333
333
333
333
333
333
336
336
337
342
346
348
350
350
350
352
352
354
355
356
357
357
364
364
367
367
368
368
370
371
373
373
375
375
377
377
378
381
381
381
382
384
386
386
387
388
389
390
391
391
395
395
396
396
396
397
398
399
400
401
401
401
402
402
402
402
402
404
405
405
408
409
409
409
410
411
412
412
412
412
413
413
414
414
415
415
417
417
417
420
420
420
421
421
422
423
423
425
426
428
429
429
429
430
430
432
435
435
438
439
439
440
440
442
442
442
443
443
444
447
448
450
450
450
450
452
453
455
456
456
457
458
459
462
462
465
465
468
469
471
471
473
474
475
476
479
479
482
483
485
486
487
489
489
492
492
492
493
495
495
497
498
501
501
505
507
508
509
513
514
517
519
524
525
525
525
528
528
529
532
534
534
537
539
540
540
540
543
543
544
546
550
552
552
553
558
560
563
564
564
564
564
565
565
567
569
570
570
572
573
573
573
573
575
576
576
579
579
582
582
583
583
586
586
588
589
589
590
592
592
594
594
594
597
599
600
600
601
603
605
605
605
606
608
609
612
615
617
618
621
621
624
626
627
628
630
633
633
633
636
642
643
645
648
649
650
651
654
656
657
657
658
670
671
674
674
680
680
684
685
690
690
693
693
693
696
696
699
702
708
709
711
714
720
723
727
729
730
734
735
735
738
739
741
741
742
744
744
748
750
750
753
754
755
757
759
761
762
762
762
764
765
765
765
765
765
766
767
771
783
786
786
789
795
795
795
799
801
805
810
812
816
816
819
833
837
839
839
840
844
849
852
855
858
860
861
861
867
869
870
874
877
879
888
891
891
891
902
906
906
909
909
915
916
918
924
927
933
936
936
939
942
945
946
947
949
951
951
951
957
960
960
960
960
966
967
969
972
972
972
972
979
979
981
984
984
987
987
990
992
993
998
999
1001
1002
1003
1008
1008
1010
1011
1011
1011
1011
1011
1012
1012
1014
1020
1023
1024
1026
1026
1033
1035
1035
1035
1037
1041
1042
1044
1044
1047
1047
1048
1050
1053
1056
1056
1056
1060
1062
1068
1071
1071
1074
1077
1079
1084
1086
1086
1087
1088
1089
1091
1092
1092
1094
1101
1102
1104
1110
1113
1113
1116
1120
1128
1128
1137
1140
1143
1144
1149
1150
1155
1173
1173
1176
1182
1182
1185
1185
1188
1190
1191
1200
1203
1206
1206
1210
1211
1214
1218
1221
1222
1225
1227
1227
1229
1232
1235
1239
1242
1248
1250
1250
1251
1251
1254
1255
1257
1266
1275
1276
1280
1281
1286
1290
1294
1296
1296
1298
1302
1307
1308
1311
1314
1314
1316
1322
1323
1326
1332
1347
1350
1350
1352
1352
1374
1375
1383
1386
1392
1393
1395
1396
1397
1407
1410
1413
1416
1416
1424
1428
1431
1433
1433
1437
1440
1443
1459
1464
1467
1470
1470
1473
1479
1479
1482
1491
1491
1494
1494
1500
1503
1503
1506
1507
1509
1515
1516
1518
1518
1520
1521
1521
1523
1524
1527
1530
1530
1531
1539
1539
1540
1552
1556
1566
1566
1569
1579
1582
1584
1587
1597
1602
1608
1610
1611
1611
1614
1614
1620
1620
1635
1635
1638
1638
1644
1644
1647
1656
1659
1666
1671
1672
1674
1674
1674
1686
1686
1688
1694
1695
1698
1699
1704
1713
1716
1719
1731
1731
1731
1731
1733
1734
1737
1739
1746
1746
1752
1752
1758
1760
1766
1776
1784
1788
1794
1803
1808
1815
1830
1836
1839
1848
1854
1859
1860
1872
1878
1904
1905
1908
1910
1911
1914
1917
1917
1944
1950
1952
1953
1959
1959
1962
1965
1967
1971
1984
1989
1989
2004
2013
2021
2022
2045
2054
2061
2067
2073
2075
2079
2086
2094
2097
2112
2136
2148
2153
2163
2166
2166
2177
2197
2208
2211
2211
2217
2229
2230
2241
2250
2275
2280
2286
2295
2298
2308
2338
2346
2348
2357
2362
2376
2391
2456
2466
2469
2487
2502
2511
2529
2532
2536
2568
2578
2583
2598
2604
2633
2634
2637
2640
2682
2695
2736
2763
2763
2763
2800
2847
2865
2874
2892
2892
2895
2904
2922
2922
2922
2927
2934
2940
2945
2946
2998
3021
3021
3027
3033
3033
3036
3045
3135
3143
3144
3162
3171
3201
3221
3234
3272
3297
3303
3312
3348
3396
3444
3555
3567
3576
3592
3828
3855
3876
3982
4002
4017
4044
4089
4095
4110
4125
4170
4176
4386
4413
4509
4533
4581
4593
4676
4692
5043
5073
5514
5868
7035
7233
8439
14154
