# table produced by calculations.DamageProfiler
# using mapped file 1564AM_TGGTATAGTCTCG_L001_R1_001.fastq.merged.fq.MT.remap.remapped.MT.sortedCM.sorted_rmdup_onlyMerged.bam
# Sample ID: 1564AM_TGGTATAGTCTCG_L001_R1_001.fastq.merged.fq.MT.remap.remapped.MT.sortedCM.sorted_rmdup_onlyMerged.bam
Pos	C>T	G>A	A>C	A>G	A>T	C>A	C>G	G>C	G>T	T>A	T>C	T>G	->ACGT	ACGT>-
24	0.005997	0.005566	0.000000	0.004980	0.000453	0.004123	0.000000	0.000000	0.003711	0.000000	0.004735	0.000000	0.000723	0.000000
23	0.006642	0.004143	0.000000	0.003330	0.000476	0.000738	0.000000	0.000377	0.005650	0.000000	0.004515	0.000000	0.001136	0.000000
22	0.006546	0.003400	0.000000	0.006162	0.000000	0.002695	0.000000	0.000000	0.000756	0.000000	0.004155	0.000000	0.000826	0.000000
21	0.007457	0.005208	0.000000	0.004352	0.000435	0.003356	0.000373	0.000000	0.001488	0.000000	0.003484	0.000000	0.001240	0.000000
20	0.002703	0.004323	0.000000	0.005086	0.000000	0.001158	0.000000	0.000000	0.002522	0.000000	0.001867	0.000000	0.001758	0.000000
19	0.004501	0.003716	0.000000	0.008156	0.000000	0.002251	0.000000	0.000000	0.002601	0.000000	0.003314	0.000000	0.001550	0.000000
18	0.004159	0.006608	0.000000	0.007246	0.000453	0.003781	0.000000	0.000000	0.004405	0.000000	0.004278	0.000000	0.001136	0.000000
17	0.003040	0.005670	0.000000	0.003343	0.000000	0.001900	0.000000	0.000000	0.006024	0.000000	0.004690	0.000000	0.001240	0.000000
16	0.004198	0.006781	0.000000	0.003620	0.000000	0.002290	0.000000	0.000000	0.004996	0.000000	0.004885	0.000000	0.001446	0.000000
15	0.003075	0.006252	0.000000	0.003233	0.000462	0.000769	0.000384	0.000347	0.003821	0.000000	0.004921	0.000000	0.001240	0.000000
14	0.003943	0.006215	0.000000	0.010885	0.000000	0.004338	0.000000	0.000000	0.003108	0.000000	0.004212	0.000000	0.001033	0.000000
13	0.005405	0.007246	0.000000	0.002761	0.000460	0.003089	0.000000	0.000000	0.003623	0.000463	0.003704	0.000000	0.001033	0.000000
12	0.004737	0.007065	0.000000	0.004513	0.000000	0.001974	0.000000	0.000000	0.002473	0.000000	0.002384	0.000954	0.001447	0.000000
11	0.004594	0.007746	0.000000	0.007036	0.000000	0.004211	0.000000	0.000000	0.002951	0.000000	0.005853	0.000450	0.001550	0.000000
10	0.002369	0.006884	0.000000	0.005770	0.000000	0.003948	0.000395	0.000000	0.002899	0.000000	0.005613	0.000000	0.000620	0.000000
9	0.003104	0.009081	0.000000	0.008570	0.000000	0.001940	0.000388	0.000000	0.003632	0.000000	0.009841	0.000469	0.001033	0.000000
8	0.001916	0.014020	0.000000	0.002687	0.000448	0.002683	0.000000	0.000379	0.004547	0.000453	0.004533	0.000453	0.000516	0.000000
7	0.002753	0.020603	0.000447	0.004470	0.000000	0.003932	0.000786	0.000368	0.002575	0.001369	0.005477	0.001826	0.000310	0.000000
6	0.003483	0.015430	0.000859	0.003866	0.000430	0.006966	0.000387	0.000735	0.003674	0.000974	0.005358	0.005358	0.000516	0.000000
5	0.004699	0.020360	0.000883	0.003092	0.001325	0.003132	0.001566	0.001958	0.002349	0.000865	0.006053	0.007350	0.000620	0.000000
4	0.003660	0.022947	0.000845	0.005495	0.001268	0.006507	0.000813	0.002013	0.003221	0.001682	0.005467	0.010093	0.000619	0.000000
3	0.003629	0.035094	0.002846	0.008537	0.002439	0.007258	0.002419	0.004528	0.007170	0.003337	0.011439	0.014299	0.000516	0.000000
2	0.003240	0.042343	0.004307	0.006265	0.003524	0.009316	0.004050	0.006332	0.004749	0.002334	0.012605	0.012138	0.000103	0.000000
1	0.003661	0.070889	0.005412	0.007004	0.002865	0.009153	0.005950	0.006292	0.005453	0.006556	0.020676	0.017146	0.000000	0.000000
0	0.006676	0.141982	0.007155	0.007155	0.002044	0.013352	0.011922	0.005448	0.004426	0.010441	0.030162	0.019722	0.000000	0.000000
