# table produced by calculations.DamageProfiler
# using mapped file 1564AM_TGGTATAGTCTCG_L001_R1_001.fastq.merged.fq.MT.remap.remapped.MT.sortedCM.sorted_rmdup_onlyMerged.bam
# Sample ID: 1564AM_TGGTATAGTCTCG_L001_R1_001.fastq.merged.fq.MT.remap.remapped.MT.sortedCM.sorted_rmdup_onlyMerged.bam
Pos	C>T	G>A	A>C	A>G	A>T	C>A	C>G	G>C	G>T	T>A	T>C	T>G	->ACGT	ACGT>-
0	0.132952	0.001413	0.004657	0.004657	0.005239	0.000673	0.001346	0.007065	0.009892	0.000694	0.004165	0.001736	0.000000	0.000000
1	0.065925	0.003000	0.001026	0.008209	0.003592	0.002568	0.000428	0.000857	0.005572	0.000325	0.004881	0.000651	0.000206	0.000000
2	0.034568	0.002331	0.000954	0.005725	0.001431	0.003292	0.000412	0.000389	0.003108	0.000000	0.003472	0.001157	0.000103	0.000000
3	0.028646	0.000808	0.000478	0.003820	0.000000	0.002604	0.000000	0.000000	0.002828	0.000000	0.006571	0.000000	0.000103	0.000000
4	0.026840	0.001924	0.000000	0.003856	0.000000	0.002440	0.000000	0.000000	0.002693	0.000000	0.003045	0.000000	0.000103	0.000000
5	0.017928	0.002627	0.000000	0.003489	0.000000	0.000398	0.000000	0.000000	0.003377	0.000000	0.003599	0.000000	0.000103	0.000000
6	0.013909	0.004699	0.000000	0.003712	0.000000	0.001830	0.000366	0.000000	0.003915	0.000000	0.006228	0.000000	0.000310	0.000000
7	0.017039	0.002668	0.000000	0.003655	0.000000	0.002272	0.000000	0.000381	0.003430	0.000447	0.005369	0.000000	0.000413	0.000000
8	0.009306	0.002268	0.000000	0.004898	0.000000	0.001939	0.000000	0.000756	0.004159	0.000000	0.003605	0.000000	0.000000	0.000000
9	0.006887	0.004302	0.000000	0.005507	0.000000	0.001087	0.000362	0.000000	0.001955	0.000000	0.005018	0.000000	0.000516	0.000000
10	0.010830	0.003023	0.000000	0.007767	0.000485	0.002166	0.001444	0.000000	0.002268	0.000000	0.004991	0.000000	0.000826	0.000000
11	0.005069	0.003466	0.000000	0.004885	0.000000	0.003621	0.000000	0.000000	0.001925	0.000000	0.003861	0.000000	0.000516	0.000000
12	0.008073	0.003890	0.000000	0.002285	0.000457	0.004037	0.000000	0.000000	0.002334	0.000000	0.005460	0.000000	0.000310	0.000000
13	0.006259	0.002261	0.000000	0.007069	0.000000	0.001473	0.000000	0.000000	0.004145	0.000000	0.002278	0.000000	0.000310	0.000000
14	0.003625	0.001946	0.000000	0.007572	0.000000	0.001087	0.000000	0.000000	0.002335	0.000000	0.002372	0.000000	0.000723	0.000000
15	0.005505	0.004760	0.000000	0.004405	0.000000	0.001835	0.000000	0.000000	0.003662	0.000000	0.003208	0.000000	0.000723	0.000000
16	0.008895	0.001900	0.000000	0.008431	0.000468	0.002595	0.000000	0.000000	0.004181	0.000000	0.002700	0.000000	0.000206	0.000000
17	0.005799	0.001508	0.000000	0.007003	0.000000	0.001812	0.000000	0.000000	0.004902	0.000000	0.003752	0.000000	0.000207	0.000000
18	0.005058	0.003011	0.000000	0.008902	0.000000	0.002529	0.000000	0.000000	0.004893	0.000000	0.005376	0.000000	0.000723	0.000000
19	0.008246	0.003685	0.000000	0.003324	0.000475	0.002999	0.000000	0.000000	0.004422	0.000000	0.004570	0.000457	0.000723	0.000000
20	0.002213	0.004407	0.000000	0.001810	0.000000	0.002582	0.000000	0.000000	0.003305	0.000000	0.003445	0.000000	0.000723	0.000000
21	0.004405	0.003830	0.000000	0.003373	0.000000	0.002937	0.000000	0.000000	0.002681	0.000000	0.003527	0.000000	0.000620	0.000000
22	0.003797	0.005109	0.000000	0.003700	0.000463	0.003417	0.000000	0.000000	0.002555	0.000466	0.005121	0.000000	0.000413	0.000000
23	0.003920	0.009716	0.000000	0.007661	0.000000	0.001568	0.000000	0.000000	0.002616	0.000448	0.001345	0.000448	0.000413	0.000000
24	0.003372	0.004746	0.000000	0.007470	0.000000	0.004496	0.000000	0.000365	0.004016	0.000000	0.004215	0.001405	0.000516	0.000000
