# table produced by calculations.DamageProfiler
# using mapped file 1564AM_TGGTATAGTCTCG_L001_R1_001.fastq.merged.fq.MT.remap.remapped.MT.sortedCM.sorted_rmdup_onlyMerged.bam
# Sample ID: 1564AM_TGGTATAGTCTCG_L001_R1_001.fastq.merged.fq.MT.remap.remapped.MT.sortedCM.sorted_rmdup_onlyMerged.bam
End	Std	Pos	A	C	G	T	Total
3p	+	1	1803	1464	872	766	4905
3p	+	2	1775	1516	723	891	4905
3p	+	3	1400	1670	842	993	4905
3p	+	4	1364	1670	909	962	4905
3p	+	5	1296	1666	866	1077	4905
3p	+	6	1274	1682	875	1074	4905
3p	+	7	1305	1698	992	910	4905
3p	+	8	1271	1709	941	984	4905
3p	+	9	1223	1753	937	992	4905
3p	+	10	1239	1695	1004	967	4905
3p	+	11	1278	1741	950	936	4905
3p	+	12	1233	1679	974	1019	4905
3p	+	13	1213	1651	1047	994	4905
3p	+	14	1238	1737	936	994	4905
3p	+	15	1211	1695	1051	948	4905
3p	+	16	1216	1715	1039	935	4905
3p	+	17	1265	1804	939	897	4905
3p	+	18	1191	1738	994	982	4905
3p	+	19	1268	1674	961	1002	4905
3p	+	20	1259	1813	893	940	4905
3p	+	21	1232	1685	1013	975	4905
3p	+	22	1304	1745	926	930	4905
3p	+	23	1243	1771	908	983	4905
3p	+	24	1191	1771	911	1032	4905
3p	+	25	1230	1719	994	962	4905
3p	+	26	1296	1727	897	985	4905
3p	+	27	1115	1796	931	1063	4905
3p	+	28	1174	1811	954	966	4905
3p	+	29	1258	1788	899	960	4905
3p	+	30	1223	1629	905	1148	4905
3p	+	31	1161	1714	844	992	4711
3p	+	32	1137	1591	786	1009	4523
3p	+	33	1085	1440	778	1010	4313
3p	+	34	1002	1502	754	844	4102
3p	+	35	966	1340	702	852	3860
3p	+	36	865	1231	628	895	3619
3p	+	37	833	1122	618	822	3395
3p	+	38	773	1114	511	742	3140
3p	+	39	679	1032	479	712	2902
3p	+	40	694	887	447	639	2667
3p	+	41	639	871	395	573	2478
3p	+	42	536	775	364	610	2285
3p	+	43	502	734	350	521	2107
3p	+	44	497	656	323	457	1933
3p	+	45	456	601	273	442	1772
3p	+	46	382	613	250	406	1651
3p	+	47	373	530	219	370	1492
3p	+	48	352	442	218	350	1362
3p	+	49	276	413	210	341	1240
3p	+	50	295	386	150	292	1123
3p	+	51	228	364	144	290	1026
3p	+	52	238	307	150	246	941
3p	+	53	205	285	135	218	843
3p	+	54	181	249	117	227	774
3p	+	55	173	257	96	179	705
3p	+	56	148	229	95	166	638
3p	+	57	126	196	92	171	585
3p	+	58	127	188	76	136	527
3p	+	59	115	172	75	124	486
3p	+	60	102	128	75	133	438
3p	+	61	90	118	51	132	391
3p	+	62	74	135	46	100	355
3p	+	63	64	127	46	96	333
3p	+	64	89	108	39	75	311
3p	+	65	78	103	37	65	283
3p	+	66	64	83	30	84	261
3p	+	67	68	69	40	62	239
3p	+	68	53	82	26	62	223
3p	+	69	54	64	30	61	209
3p	+	70	44	60	28	58	190
3p	+	71	36	65	27	44	172
3p	+	72	40	39	23	53	155
3p	+	73	37	40	22	37	136
3p	+	74	32	41	25	29	127
3p	+	75	33	32	22	32	119
3p	+	76	29	31	17	32	109
3p	+	77	18	33	16	28	95
3p	+	78	25	24	13	26	88
3p	+	79	26	23	7	22	78
3p	+	80	16	28	12	18	74
3p	+	81	18	22	13	19	72
3p	+	82	16	21	13	14	64
3p	+	83	13	19	15	12	59
3p	+	84	9	17	5	23	54
3p	+	85	17	13	5	15	50
3p	+	86	12	13	8	13	46
3p	+	87	9	8	3	18	38
3p	+	88	7	16	4	8	35
3p	+	89	8	10	6	8	32
3p	+	90	8	9	6	7	30
3p	+	91	9	9	6	5	29
3p	+	92	10	7	4	7	28
3p	+	93	6	11	6	4	27
3p	+	94	8	10	6	2	26
3p	+	95	7	6	4	8	25
3p	+	96	5	12	2	3	22
3p	+	97	8	5	3	5	21
3p	+	98	8	4	2	6	20
3p	+	99	6	7	2	3	18
3p	+	100	5	5	3	4	17
3p	-	1	1547	655	1699	887	4788
3p	-	2	1520	701	1533	1034	4788
3p	-	3	1254	812	1602	1120	4788
3p	-	4	1182	822	1675	1109	4788
3p	-	5	1129	787	1592	1280	4788
3p	-	6	1041	871	1647	1229	4788
3p	-	7	1075	874	1699	1140	4788
3p	-	8	1025	829	1731	1203	4788
3p	-	9	1049	857	1661	1221	4788
3p	-	10	993	892	1738	1165	4788
3p	-	11	993	788	1800	1207	4788
3p	-	12	917	929	1732	1210	4788
3p	-	13	1021	875	1775	1117	4788
3p	-	14	960	842	1804	1182	4788
3p	-	15	909	830	1849	1200	4788
3p	-	16	963	890	1825	1110	4788
3p	-	17	966	813	1844	1165	4788
3p	-	18	923	892	1807	1166	4788
3p	-	19	952	962	1756	1118	4788
3p	-	20	948	845	1809	1186	4788
3p	-	21	938	903	1765	1182	4788
3p	-	22	1011	917	1759	1101	4788
3p	-	23	1033	816	1743	1196	4788
3p	-	24	918	933	1730	1207	4788
3p	-	25	994	935	1690	1169	4788
3p	-	26	940	921	1774	1153	4788
3p	-	27	944	927	1737	1180	4788
3p	-	28	1010	896	1695	1187	4788
3p	-	29	937	897	1736	1218	4788
3p	-	30	902	901	1702	1283	4788
3p	-	31	966	833	1558	1254	4611
3p	-	32	868	752	1599	1207	4426
3p	-	33	886	715	1462	1141	4204
3p	-	34	908	716	1348	1022	3994
3p	-	35	829	620	1278	1046	3773
3p	-	36	659	589	1265	1013	3526
3p	-	37	705	556	1092	926	3279
3p	-	38	602	550	1065	836	3053
3p	-	39	589	517	922	803	2831
3p	-	40	540	446	888	749	2623
3p	-	41	505	407	784	707	2403
3p	-	42	473	367	698	672	2210
3p	-	43	430	345	610	635	2020
3p	-	44	409	287	598	549	1843
3p	-	45	389	284	528	495	1696
3p	-	46	310	291	495	450	1546
3p	-	47	303	208	451	424	1386
3p	-	48	273	212	388	387	1260
3p	-	49	245	218	335	342	1140
3p	-	50	212	160	338	322	1032
3p	-	51	183	162	323	287	955
3p	-	52	184	154	254	259	851
3p	-	53	158	158	221	222	759
3p	-	54	131	121	230	223	705
3p	-	55	137	117	191	198	643
3p	-	56	136	85	194	174	589
3p	-	57	109	100	173	166	548
3p	-	58	91	94	154	154	493
3p	-	59	90	74	155	129	448
3p	-	60	83	67	138	120	408
3p	-	61	88	73	97	117	375
3p	-	62	63	74	106	95	338
3p	-	63	67	39	105	96	307
3p	-	64	64	49	80	86	279
3p	-	65	59	46	82	61	248
3p	-	66	49	36	84	63	232
3p	-	67	54	39	45	76	214
3p	-	68	36	40	65	58	199
3p	-	69	36	22	62	60	180
3p	-	70	47	29	45	46	167
3p	-	71	26	22	67	44	159
3p	-	72	28	22	46	53	149
3p	-	73	33	22	38	47	140
3p	-	74	32	26	38	32	128
3p	-	75	26	15	37	36	114
3p	-	76	20	11	29	37	97
3p	-	77	19	17	23	30	89
3p	-	78	14	8	24	34	80
3p	-	79	23	10	13	23	69
3p	-	80	16	8	22	16	62
3p	-	81	14	4	16	24	58
3p	-	82	5	11	19	17	52
3p	-	83	15	8	11	13	47
3p	-	84	7	7	8	20	42
3p	-	85	12	10	7	5	34
3p	-	86	11	3	8	10	32
3p	-	87	8	3	8	12	31
3p	-	88	9	5	8	7	29
3p	-	89	8	4	7	8	27
3p	-	90	4	1	7	13	25
3p	-	91	10	3	6	6	25
3p	-	92	7	2	9	6	24
3p	-	93	4	5	11	4	24
3p	-	94	5	1	5	12	23
3p	-	95	4	3	7	7	21
3p	-	96	3	7	5	6	21
3p	-	97	2	4	8	7	21
3p	-	98	7	5	2	6	20
3p	-	99	2	10	2	5	19
3p	-	100	4	3	7	5	19
5p	+	1	860	1789	688	1568	4905
5p	+	2	1089	1524	781	1511	4905
5p	+	3	1180	1588	909	1228	4905
5p	+	4	1117	1757	867	1164	4905
5p	+	5	1375	1581	805	1144	4905
5p	+	6	1232	1681	976	1016	4905
5p	+	7	1217	1737	870	1081	4905
5p	+	8	1176	1764	916	1049	4905
5p	+	9	1243	1707	925	1030	4905
5p	+	10	1197	1757	894	1057	4905
5p	+	11	1194	1847	887	977	4905
5p	+	12	1211	1823	921	950	4905
5p	+	13	1202	1703	953	1047	4905
5p	+	14	1230	1826	894	955	4905
5p	+	15	1249	1803	905	948	4905
5p	+	16	1161	1790	921	1033	4905
5p	+	17	1247	1787	853	1018	4905
5p	+	18	1167	1845	913	980	4905
5p	+	19	1098	1838	958	1011	4905
5p	+	20	1176	1814	935	980	4905
5p	+	21	1238	1850	964	853	4905
5p	+	22	1180	1768	930	1027	4905
5p	+	23	1233	1780	931	961	4905
5p	+	24	1210	1708	977	1010	4905
5p	+	25	1161	1735	986	1023	4905
5p	+	26	1255	1732	925	993	4905
5p	+	27	1243	1768	951	943	4905
5p	+	28	1250	1698	919	1038	4905
5p	+	29	1206	1748	902	1049	4905
5p	+	30	1276	1763	925	941	4905
5p	+	31	1264	1535	944	968	4711
5p	+	32	1258	1564	768	933	4523
5p	+	33	1220	1455	765	873	4313
5p	+	34	1061	1378	776	887	4102
5p	+	35	1059	1346	682	773	3860
5p	+	36	987	1244	659	729	3619
5p	+	37	945	1116	597	737	3395
5p	+	38	890	1018	556	676	3140
5p	+	39	823	972	541	566	2902
5p	+	40	734	862	520	551	2667
5p	+	41	744	831	410	493	2478
5p	+	42	686	697	427	475	2285
5p	+	43	607	650	416	434	2107
5p	+	44	571	607	326	429	1933
5p	+	45	530	580	320	342	1772
5p	+	46	497	546	265	343	1651
5p	+	47	455	463	242	332	1492
5p	+	48	425	424	258	255	1362
5p	+	49	343	404	240	253	1240
5p	+	50	345	380	182	216	1123
5p	+	51	340	310	156	220	1026
5p	+	52	290	273	159	219	941
5p	+	53	255	239	174	175	843
5p	+	54	250	239	126	159	774
5p	+	55	226	198	121	160	705
5p	+	56	182	199	129	128	638
5p	+	57	170	183	113	119	585
5p	+	58	159	147	98	123	527
5p	+	59	149	148	87	102	486
5p	+	60	143	152	57	86	438
5p	+	61	122	105	58	106	391
5p	+	62	95	100	81	79	355
5p	+	63	98	118	56	61	333
5p	+	64	84	102	52	73	311
5p	+	65	75	96	45	67	283
5p	+	66	60	84	56	61	261
5p	+	67	71	87	37	44	239
5p	+	68	73	69	34	47	223
5p	+	69	64	61	41	43	209
5p	+	70	58	62	34	36	190
5p	+	71	43	49	31	49	172
5p	+	72	46	45	29	35	155
5p	+	73	49	26	24	37	136
5p	+	74	43	50	13	21	127
5p	+	75	37	40	16	26	119
5p	+	76	37	24	19	29	109
5p	+	77	30	27	22	16	95
5p	+	78	26	34	20	8	88
5p	+	79	21	28	12	17	78
5p	+	80	23	15	16	20	74
5p	+	81	26	30	9	7	72
5p	+	82	18	20	18	8	64
5p	+	83	18	15	14	12	59
5p	+	84	19	16	7	12	54
5p	+	85	13	17	9	11	50
5p	+	86	15	14	11	6	46
5p	+	87	13	14	4	7	38
5p	+	88	10	17	3	5	35
5p	+	89	10	7	2	13	32
5p	+	90	9	6	10	5	30
5p	+	91	11	11	3	4	29
5p	+	92	8	9	1	10	28
5p	+	93	9	6	4	8	27
5p	+	94	8	11	5	2	26
5p	+	95	8	4	2	11	25
5p	+	96	10	4	2	6	22
5p	+	97	11	6	2	2	21
5p	+	98	6	5	7	2	20
5p	+	99	5	7	1	5	18
5p	+	100	4	5	3	5	17
5p	-	1	840	816	1413	1719	4788
5p	-	2	849	671	1550	1718	4788
5p	-	3	914	761	1666	1447	4788
5p	-	4	978	864	1607	1339	4788
5p	-	5	962	813	1791	1222	4788
5p	-	6	1061	793	1681	1253	4788
5p	-	7	948	967	1672	1201	4788
5p	-	8	1020	842	1699	1227	4788
5p	-	9	1003	853	1713	1219	4788
5p	-	10	986	993	1661	1148	4788
5p	-	11	869	896	1768	1255	4788
5p	-	12	1051	926	1678	1133	4788
5p	-	13	1002	1003	1613	1169	4787
5p	-	14	890	874	1761	1263	4788
5p	-	15	991	951	1674	1172	4788
5p	-	16	896	924	1801	1167	4788
5p	-	17	883	886	1783	1236	4788
5p	-	18	970	904	1739	1175	4788
5p	-	19	921	927	1703	1237	4788
5p	-	20	942	839	1770	1237	4788
5p	-	21	987	862	1749	1190	4788
5p	-	22	908	949	1677	1254	4788
5p	-	23	946	849	1799	1194	4788
5p	-	24	1023	835	1694	1236	4788
5p	-	25	994	924	1750	1120	4788
5p	-	26	963	866	1738	1221	4788
5p	-	27	1019	858	1725	1186	4788
5p	-	28	989	940	1715	1144	4788
5p	-	29	926	900	1788	1174	4788
5p	-	30	1107	800	1685	1196	4788
5p	-	31	1078	855	1606	1072	4611
5p	-	32	948	770	1604	1104	4426
5p	-	33	1034	710	1499	961	4204
5p	-	34	897	717	1369	1011	3994
5p	-	35	831	603	1325	1014	3773
5p	-	36	820	604	1285	817	3526
5p	-	37	770	582	1089	838	3279
5p	-	38	735	521	1026	771	3053
5p	-	39	723	439	974	696	2832
5p	-	40	639	459	887	638	2623
5p	-	41	571	363	847	622	2403
5p	-	42	583	344	769	514	2210
5p	-	43	510	322	681	507	2020
5p	-	44	428	309	660	446	1843
5p	-	45	471	271	529	425	1696
5p	-	46	381	236	537	392	1546
5p	-	47	354	201	470	361	1386
5p	-	48	321	213	427	299	1260
5p	-	49	281	186	388	285	1140
5p	-	50	279	150	351	252	1032
5p	-	51	250	140	338	227	955
5p	-	52	226	123	301	201	851
5p	-	53	178	121	238	222	759
5p	-	54	205	110	215	175	705
5p	-	55	180	100	211	152	643
5p	-	56	144	94	207	144	589
5p	-	57	158	89	184	117	548
5p	-	58	121	79	169	124	493
5p	-	59	116	56	151	125	448
5p	-	60	111	52	137	108	408
5p	-	61	93	55	125	102	375
5p	-	62	93	60	107	78	338
5p	-	63	94	45	90	78	307
5p	-	64	91	40	95	53	279
5p	-	65	75	33	77	63	248
5p	-	66	63	39	74	56	232
5p	-	67	59	37	67	51	214
5p	-	68	48	24	73	54	199
5p	-	69	51	30	55	44	180
5p	-	70	46	26	50	45	167
5p	-	71	35	22	44	58	159
5p	-	72	31	20	52	46	149
5p	-	73	36	16	55	33	140
5p	-	74	34	21	40	33	128
5p	-	75	28	20	36	30	114
5p	-	76	32	14	34	17	97
5p	-	77	21	18	34	16	89
5p	-	78	18	15	26	21	80
5p	-	79	21	6	18	24	69
5p	-	80	14	12	16	20	62
5p	-	81	16	8	21	13	58
5p	-	82	18	7	13	14	52
5p	-	83	18	4	16	9	47
5p	-	84	14	2	14	12	42
5p	-	85	5	7	13	9	34
5p	-	86	5	5	12	10	32
5p	-	87	8	3	10	10	31
5p	-	88	11	4	8	6	29
5p	-	89	8	2	10	7	27
5p	-	90	6	4	12	3	25
5p	-	91	13	1	4	7	25
5p	-	92	15	0	5	4	24
5p	-	93	5	3	10	6	24
5p	-	94	8	2	6	7	23
5p	-	95	4	4	7	6	21
5p	-	96	7	3	4	7	21
5p	-	97	8	0	4	9	21
5p	-	98	1	0	9	10	20
5p	-	99	4	2	6	7	19
5p	-	100	5	4	7	3	19
