# table produced by calculations.DamageProfiler
# using mapped file 1564AM_TGGTATAGTCTCG_L001_R1_001.fastq.merged.fq.MT.remap.remapped.MT.sortedCM.sorted_rmdup_onlyMerged.bam
# Sample ID: 1564AM_TGGTATAGTCTCG_L001_R1_001.fastq.merged.fq.MT.remap.remapped.MT.sortedCM.sorted_rmdup_onlyMerged.bam
Chr	End	Std	Pos	A	C	G	T	Total	G>A	C>T	A>G	T>C	A>C	A>T	C>G	C>A	T>G	T>A	G>C	G>T	A>-	T>-	C>-	G>-	->A	->T	->C	->G	S
fwd	3p	+	1	1647.0	1463.0	999.0	796.0	4905.0	151.0	12.0	9.0	29.0	15.0	2.0	17.0	22.0	8.0	9.0	8.0	2.0	0.0	0.0	0.0	0.0	0.0	0.0	0.0	0.0	0.0
fwd	3p	+	2	1721.0	1495.0	775.0	914.0	4905.0	62.0	7.0	7.0	22.0	15.0	4.0	8.0	11.0	5.0	7.0	10.0	0.0	0.0	0.0	0.0	0.0	0.0	0.0	0.0	0.0	0.0
fwd	3p	+	3	1368.0	1662.0	877.0	998.0	4905.0	44.0	3.0	9.0	11.0	9.0	6.0	6.0	11.0	5.0	1.0	8.0	3.0	0.0	0.0	0.0	0.0	0.0	0.0	0.0	0.0	0.0
fwd	3p	+	4	1350.0	1670.0	929.0	956.0	4905.0	31.0	7.0	17.0	7.0	6.0	5.0	3.0	10.0	6.0	1.0	7.0	8.0	0.0	0.0	0.0	0.0	0.0	0.0	0.0	0.0	0.0
fwd	3p	+	5	1271.0	1671.0	878.0	1084.0	4904.0	24.0	5.0	9.0	6.0	2.0	0.0	1.0	10.0	7.0	2.0	3.0	3.0	0.0	0.0	0.0	0.0	0.0	0.0	0.0	1.0	0.0
fwd	3p	+	6	1254.0	1693.0	889.0	1066.0	4902.0	20.0	8.0	3.0	2.0	1.0	2.0	4.0	5.0	2.0	1.0	2.0	3.0	0.0	0.0	0.0	0.0	0.0	0.0	1.0	2.0	0.0
fwd	3p	+	7	1270.0	1709.0	1017.0	906.0	4902.0	28.0	5.0	5.0	4.0	2.0	0.0	1.0	12.0	2.0	1.0	0.0	6.0	0.0	0.0	0.0	0.0	1.0	0.0	1.0	1.0	0.0
fwd	3p	+	8	1232.0	1719.0	967.0	984.0	4902.0	30.0	4.0	3.0	4.0	0.0	0.0	1.0	9.0	0.0	2.0	0.0	1.0	0.0	0.0	0.0	0.0	1.0	0.0	0.0	1.0	0.0
fwd	3p	+	9	1209.0	1758.0	948.0	986.0	4901.0	11.0	3.0	5.0	3.0	0.0	0.0	0.0	7.0	0.0	0.0	0.0	5.0	0.0	0.0	0.0	0.0	1.0	0.0	2.0	0.0	0.0
fwd	3p	+	10	1237.0	1698.0	1004.0	961.0	4900.0	9.0	6.0	11.0	6.0	0.0	0.0	1.0	3.0	0.0	0.0	0.0	4.0	0.0	0.0	0.0	0.0	1.0	0.0	1.0	1.0	0.0
fwd	3p	+	11	1270.0	1748.0	953.0	931.0	4902.0	7.0	3.0	6.0	2.0	0.0	0.0	0.0	7.0	0.0	0.0	0.0	2.0	0.0	0.0	0.0	0.0	0.0	0.0	1.0	0.0	0.0
fwd	3p	+	12	1223.0	1690.0	981.0	1005.0	4899.0	11.0	8.0	9.0	0.0	0.0	0.0	0.0	7.0	0.0	0.0	0.0	5.0	0.0	0.0	0.0	0.0	1.0	0.0	4.0	0.0	0.0
fwd	3p	+	13	1206.0	1654.0	1051.0	988.0	4899.0	12.0	4.0	9.0	0.0	0.0	0.0	0.0	3.0	0.0	0.0	0.0	1.0	0.0	0.0	0.0	0.0	1.0	0.0	4.0	0.0	0.0
fwd	3p	+	14	1226.0	1744.0	947.0	986.0	4903.0	7.0	4.0	2.0	1.0	0.0	0.0	0.0	6.0	0.0	1.0	0.0	6.0	0.0	0.0	0.0	0.0	0.0	0.0	2.0	0.0	0.0
fwd	3p	+	15	1216.0	1706.0	1041.0	941.0	4904.0	5.0	5.0	19.0	2.0	0.0	0.0	0.0	9.0	0.0	0.0	0.0	4.0	0.0	0.0	0.0	0.0	0.0	0.0	1.0	0.0	0.0
fwd	3p	+	16	1207.0	1719.0	1051.0	924.0	4901.0	12.0	5.0	5.0	1.0	0.0	0.0	1.0	2.0	0.0	0.0	0.0	6.0	0.0	0.0	0.0	0.0	0.0	0.0	3.0	0.0	0.0
fwd	3p	+	17	1253.0	1810.0	948.0	887.0	4898.0	8.0	3.0	5.0	0.0	0.0	0.0	0.0	6.0	0.0	0.0	0.0	7.0	0.0	0.0	0.0	0.0	3.0	0.0	3.0	1.0	0.0
fwd	3p	+	18	1186.0	1742.0	999.0	973.0	4900.0	7.0	3.0	7.0	1.0	0.0	0.0	0.0	3.0	0.0	0.0	0.0	6.0	0.0	0.0	0.0	0.0	2.0	0.0	1.0	1.0	0.0
fwd	3p	+	19	1266.0	1681.0	962.0	991.0	4900.0	9.0	6.0	12.0	1.0	0.0	0.0	0.0	5.0	0.0	0.0	0.0	5.0	0.0	0.0	0.0	0.0	0.0	0.0	3.0	1.0	0.0
fwd	3p	+	20	1264.0	1821.0	884.0	931.0	4900.0	4.0	6.0	15.0	0.0	0.0	0.0	0.0	5.0	0.0	0.0	0.0	2.0	0.0	0.0	0.0	0.0	1.0	0.0	3.0	0.0	0.0
fwd	3p	+	21	1230.0	1686.0	1012.0	970.0	4898.0	8.0	1.0	10.0	0.0	0.0	0.0	0.0	3.0	0.0	0.0	0.0	2.0	0.0	0.0	0.0	0.0	1.0	0.0	3.0	1.0	0.0
fwd	3p	+	22	1303.0	1752.0	924.0	921.0	4900.0	4.0	8.0	7.0	2.0	0.0	1.0	1.0	3.0	0.0	0.0	0.0	2.0	0.0	0.0	0.0	0.0	2.0	0.0	3.0	0.0	0.0
fwd	3p	+	23	1247.0	1777.0	900.0	976.0	4900.0	3.0	7.0	12.0	1.0	0.0	0.0	0.0	4.0	0.0	0.0	0.0	1.0	0.0	0.0	0.0	0.0	1.0	0.0	4.0	0.0	0.0
fwd	3p	+	24	1191.0	1777.0	917.0	1016.0	4901.0	4.0	9.0	5.0	1.0	0.0	1.0	0.0	1.0	0.0	0.0	0.0	7.0	0.0	0.0	0.0	0.0	1.0	0.0	3.0	0.0	0.0
fwd	3p	+	25	1224.0	1731.0	999.0	948.0	4902.0	8.0	10.0	7.0	1.0	0.0	1.0	0.0	6.0	0.0	0.0	0.0	4.0	0.0	0.0	0.0	0.0	0.0	0.0	3.0	0.0	0.0
fwd	3p	+	26	1283.0	1734.0	906.0	978.0	4901.0	11.0	5.0	4.0	1.0	0.0	0.0	0.0	3.0	0.0	0.0	0.0	3.0	0.0	0.0	0.0	0.0	3.0	0.0	0.0	1.0	0.0
fwd	3p	+	27	1112.0	1806.0	934.0	1047.0	4899.0	4.0	12.0	5.0	1.0	0.0	0.0	0.0	4.0	0.0	0.0	0.0	4.0	0.0	0.0	0.0	0.0	0.0	0.0	5.0	0.0	0.0
fwd	3p	+	28	1177.0	1827.0	955.0	944.0	4903.0	5.0	17.0	11.0	2.0	1.0	0.0	0.0	4.0	0.0	0.0	0.0	7.0	0.0	0.0	0.0	0.0	0.0	0.0	2.0	0.0	0.0
fwd	3p	+	29	1262.0	1804.0	900.0	935.0	4901.0	2.0	20.0	8.0	3.0	1.0	0.0	0.0	1.0	0.0	0.0	0.0	7.0	0.0	0.0	0.0	0.0	2.0	0.0	1.0	0.0	0.0
fwd	3p	+	30	1221.0	1650.0	905.0	1125.0	4901.0	5.0	23.0	6.0	2.0	1.0	0.0	0.0	4.0	0.0	0.0	0.0	2.0	0.0	0.0	0.0	0.0	0.0	0.0	3.0	1.0	0.0
fwd	3p	+	31	1163.0	1737.0	840.0	969.0	4709.0	3.0	23.0	8.0	2.0	1.0	1.0	0.0	5.0	0.0	0.0	0.0	1.0	0.0	0.0	0.0	0.0	0.0	0.0	2.0	0.0	0.0
fwd	3p	+	32	1135.0	1619.0	786.0	983.0	4523.0	1.0	25.0	4.0	2.0	0.0	0.0	0.0	5.0	0.0	0.0	0.0	3.0	0.0	0.0	0.0	0.0	0.0	0.0	0.0	0.0	0.0
fwd	3p	+	33	1089.0	1470.0	776.0	976.0	4311.0	1.0	31.0	7.0	2.0	0.0	1.0	0.0	2.0	0.0	0.0	1.0	3.0	0.0	0.0	0.0	0.0	1.0	0.0	0.0	0.0	0.0
fwd	3p	+	34	1003.0	1532.0	751.0	813.0	4099.0	1.0	28.0	8.0	2.0	0.0	1.0	0.0	5.0	0.0	0.0	0.0	4.0	0.0	0.0	0.0	0.0	2.0	0.0	1.0	0.0	0.0
fwd	3p	+	35	967.0	1363.0	701.0	825.0	3856.0	1.0	25.0	4.0	2.0	0.0	2.0	0.0	2.0	0.0	0.0	0.0	2.0	0.0	0.0	0.0	0.0	2.0	0.0	2.0	0.0	0.0
fwd	3p	+	36	868.0	1265.0	631.0	853.0	3617.0	3.0	40.0	6.0	4.0	0.0	2.0	0.0	2.0	0.0	0.0	2.0	4.0	0.0	0.0	0.0	0.0	0.0	0.0	2.0	0.0	0.0
fwd	3p	+	37	839.0	1153.0	612.0	787.0	3391.0	1.0	34.0	9.0	2.0	1.0	1.0	0.0	2.0	0.0	0.0	0.0	2.0	0.0	0.0	0.0	0.0	2.0	0.0	2.0	0.0	0.0
fwd	3p	+	38	768.0	1149.0	512.0	711.0	3140.0	3.0	34.0	2.0	3.0	0.0	1.0	0.0	4.0	0.0	1.0	0.0	0.0	0.0	0.0	0.0	0.0	0.0	0.0	0.0	0.0	0.0
fwd	3p	+	39	686.0	1067.0	469.0	679.0	2901.0	0.0	32.0	12.0	2.0	0.0	0.0	1.0	4.0	0.0	0.0	0.0	3.0	0.0	0.0	0.0	0.0	1.0	0.0	0.0	0.0	0.0
fwd	3p	+	40	699.0	918.0	441.0	609.0	2667.0	2.0	31.0	10.0	3.0	0.0	0.0	0.0	3.0	0.0	0.0	0.0	2.0	0.0	0.0	0.0	0.0	0.0	0.0	0.0	0.0	0.0
fwd	3p	+	41	642.0	895.0	393.0	547.0	2477.0	1.0	23.0	5.0	0.0	1.0	2.0	0.0	3.0	0.0	0.0	1.0	1.0	0.0	0.0	0.0	0.0	1.0	0.0	0.0	0.0	0.0
fwd	3p	+	42	536.0	795.0	364.0	590.0	2285.0	3.0	20.0	5.0	2.0	0.0	0.0	0.0	2.0	0.0	0.0	0.0	2.0	0.0	0.0	0.0	0.0	0.0	0.0	0.0	0.0	0.0
fwd	3p	+	43	499.0	768.0	351.0	489.0	2107.0	3.0	30.0	4.0	0.0	0.0	0.0	0.0	4.0	0.0	0.0	0.0	2.0	0.0	0.0	0.0	0.0	0.0	0.0	0.0	0.0	0.0
fwd	3p	+	44	497.0	673.0	323.0	439.0	1932.0	2.0	19.0	4.0	2.0	0.0	0.0	0.0	1.0	0.0	0.0	1.0	1.0	0.0	0.0	0.0	0.0	1.0	0.0	0.0	0.0	0.0
fwd	3p	+	45	456.0	617.0	271.0	427.0	1771.0	1.0	16.0	2.0	1.0	0.0	0.0	0.0	1.0	0.0	0.0	0.0	0.0	0.0	0.0	0.0	0.0	0.0	0.0	0.0	1.0	0.0
fwd	3p	+	46	381.0	633.0	251.0	384.0	1649.0	0.0	20.0	1.0	1.0	0.0	0.0	0.0	1.0	0.0	0.0	0.0	2.0	0.0	0.0	0.0	0.0	1.0	0.0	0.0	0.0	0.0
fwd	3p	+	47	376.0	543.0	217.0	354.0	1490.0	1.0	16.0	3.0	0.0	1.0	0.0	0.0	0.0	0.0	0.0	0.0	0.0	0.0	0.0	0.0	0.0	0.0	0.0	2.0	0.0	0.0
fwd	3p	+	48	351.0	460.0	218.0	333.0	1362.0	1.0	16.0	1.0	0.0	0.0	0.0	1.0	1.0	0.0	0.0	0.0	1.0	0.0	0.0	0.0	0.0	0.0	0.0	0.0	0.0	0.0
fwd	3p	+	49	276.0	433.0	211.0	319.0	1239.0	1.0	20.0	3.0	1.0	0.0	0.0	0.0	2.0	0.0	0.0	0.0	3.0	0.0	0.0	0.0	0.0	0.0	0.0	1.0	0.0	0.0
fwd	3p	+	50	294.0	399.0	153.0	276.0	1122.0	0.0	13.0	0.0	0.0	0.0	1.0	0.0	2.0	0.0	0.0	2.0	1.0	0.0	0.0	0.0	0.0	0.0	0.0	0.0	0.0	0.0
fwd	3p	+	51	230.0	381.0	143.0	272.0	1026.0	1.0	18.0	2.0	1.0	0.0	1.0	0.0	0.0	0.0	0.0	0.0	0.0	0.0	0.0	0.0	0.0	0.0	0.0	0.0	0.0	0.0
fwd	3p	+	52	238.0	318.0	149.0	234.0	939.0	1.0	12.0	3.0	1.0	0.0	0.0	0.0	1.0	0.0	1.0	0.0	1.0	0.0	0.0	0.0	0.0	0.0	0.0	1.0	0.0	0.0
fwd	3p	+	53	202.0	290.0	134.0	215.0	841.0	0.0	4.0	1.0	0.0	0.0	0.0	0.0	2.0	0.0	1.0	0.0	0.0	0.0	0.0	0.0	0.0	1.0	0.0	1.0	0.0	0.0
fwd	3p	+	54	182.0	254.0	115.0	223.0	774.0	0.0	5.0	2.0	1.0	0.0	0.0	0.0	1.0	0.0	0.0	0.0	0.0	0.0	0.0	0.0	0.0	0.0	0.0	0.0	0.0	0.0
fwd	3p	+	55	172.0	264.0	96.0	173.0	705.0	1.0	6.0	1.0	0.0	0.0	0.0	0.0	1.0	0.0	0.0	0.0	0.0	0.0	0.0	0.0	0.0	0.0	0.0	0.0	0.0	0.0
fwd	3p	+	56	149.0	241.0	95.0	152.0	637.0	0.0	13.0	1.0	0.0	1.0	0.0	0.0	0.0	0.0	0.0	0.0	1.0	0.0	0.0	0.0	0.0	1.0	0.0	0.0	0.0	0.0
fwd	3p	+	57	128.0	202.0	90.0	165.0	585.0	0.0	5.0	3.0	0.0	0.0	0.0	0.0	1.0	0.0	0.0	0.0	1.0	0.0	0.0	0.0	0.0	0.0	0.0	0.0	0.0	0.0
fwd	3p	+	58	129.0	194.0	76.0	127.0	526.0	1.0	7.0	2.0	0.0	1.0	0.0	0.0	0.0	0.0	0.0	0.0	1.0	0.0	0.0	0.0	0.0	0.0	0.0	0.0	0.0	0.0
fwd	3p	+	59	115.0	178.0	75.0	118.0	486.0	0.0	7.0	0.0	1.0	0.0	0.0	0.0	0.0	0.0	0.0	0.0	0.0	0.0	0.0	0.0	0.0	0.0	0.0	0.0	0.0	0.0
fwd	3p	+	60	102.0	136.0	76.0	124.0	438.0	0.0	8.0	0.0	0.0	0.0	0.0	0.0	0.0	0.0	0.0	0.0	1.0	0.0	0.0	0.0	0.0	0.0	0.0	0.0	0.0	0.0
fwd	3p	+	61	89.0	122.0	52.0	128.0	391.0	1.0	5.0	0.0	1.0	0.0	0.0	0.0	0.0	0.0	0.0	0.0	0.0	0.0	0.0	0.0	0.0	0.0	0.0	0.0	0.0	0.0
fwd	3p	+	62	73.0	139.0	47.0	96.0	355.0	1.0	5.0	0.0	1.0	0.0	0.0	0.0	0.0	0.0	0.0	0.0	0.0	0.0	0.0	0.0	0.0	0.0	0.0	0.0	0.0	0.0
fwd	3p	+	63	65.0	132.0	46.0	90.0	333.0	0.0	5.0	0.0	0.0	0.0	1.0	0.0	0.0	0.0	0.0	0.0	0.0	0.0	0.0	0.0	0.0	0.0	0.0	0.0	0.0	0.0
fwd	3p	+	64	87.0	112.0	40.0	71.0	310.0	1.0	4.0	0.0	0.0	0.0	0.0	0.0	1.0	0.0	0.0	0.0	0.0	0.0	0.0	0.0	0.0	0.0	0.0	1.0	0.0	0.0
fwd	3p	+	65	78.0	105.0	36.0	64.0	283.0	0.0	2.0	0.0	0.0	0.0	0.0	0.0	0.0	1.0	0.0	0.0	0.0	0.0	0.0	0.0	0.0	0.0	0.0	0.0	0.0	0.0
fwd	3p	+	66	64.0	86.0	30.0	81.0	261.0	0.0	3.0	0.0	0.0	0.0	0.0	0.0	0.0	0.0	0.0	0.0	0.0	0.0	0.0	0.0	0.0	0.0	0.0	0.0	0.0	0.0
fwd	3p	+	67	68.0	69.0	41.0	61.0	239.0	0.0	0.0	0.0	0.0	0.0	0.0	0.0	0.0	0.0	0.0	0.0	1.0	0.0	0.0	0.0	0.0	0.0	0.0	0.0	0.0	0.0
fwd	3p	+	68	53.0	86.0	25.0	59.0	223.0	0.0	3.0	0.0	0.0	0.0	0.0	1.0	0.0	0.0	0.0	0.0	0.0	0.0	0.0	0.0	0.0	0.0	0.0	0.0	0.0	0.0
fwd	3p	+	69	54.0	67.0	30.0	58.0	209.0	0.0	3.0	0.0	0.0	0.0	0.0	0.0	0.0	0.0	0.0	0.0	0.0	0.0	0.0	0.0	0.0	0.0	0.0	0.0	0.0	0.0
fwd	3p	+	70	44.0	62.0	28.0	56.0	190.0	0.0	2.0	0.0	0.0	0.0	0.0	0.0	0.0	0.0	0.0	0.0	0.0	0.0	0.0	0.0	0.0	0.0	0.0	0.0	0.0	0.0
fwd	3p	+	71	36.0	65.0	27.0	44.0	172.0	0.0	0.0	0.0	0.0	0.0	0.0	0.0	0.0	0.0	0.0	0.0	0.0	0.0	0.0	0.0	0.0	0.0	0.0	0.0	0.0	0.0
fwd	3p	+	72	40.0	42.0	23.0	50.0	155.0	0.0	3.0	0.0	0.0	0.0	0.0	0.0	0.0	0.0	0.0	0.0	0.0	0.0	0.0	0.0	0.0	0.0	0.0	0.0	0.0	0.0
fwd	3p	+	73	37.0	42.0	21.0	36.0	136.0	0.0	1.0	0.0	0.0	0.0	0.0	1.0	0.0	0.0	0.0	0.0	0.0	0.0	0.0	0.0	0.0	0.0	0.0	0.0	0.0	0.0
fwd	3p	+	74	32.0	42.0	24.0	29.0	127.0	0.0	0.0	0.0	0.0	0.0	0.0	1.0	0.0	0.0	0.0	0.0	0.0	0.0	0.0	0.0	0.0	0.0	0.0	0.0	0.0	0.0
fwd	3p	+	75	32.0	32.0	22.0	33.0	119.0	0.0	0.0	0.0	0.0	0.0	0.0	0.0	0.0	0.0	1.0	0.0	0.0	0.0	0.0	0.0	0.0	0.0	0.0	0.0	0.0	0.0
fwd	3p	+	76	29.0	33.0	17.0	30.0	109.0	0.0	2.0	0.0	0.0	0.0	0.0	0.0	0.0	0.0	0.0	0.0	0.0	0.0	0.0	0.0	0.0	0.0	0.0	0.0	0.0	0.0
fwd	3p	+	77	18.0	35.0	16.0	26.0	95.0	0.0	2.0	0.0	0.0	0.0	0.0	0.0	0.0	0.0	0.0	0.0	0.0	0.0	0.0	0.0	0.0	0.0	0.0	0.0	0.0	0.0
fwd	3p	+	78	25.0	25.0	13.0	25.0	88.0	0.0	1.0	0.0	0.0	0.0	0.0	0.0	0.0	0.0	0.0	0.0	0.0	0.0	0.0	0.0	0.0	0.0	0.0	0.0	0.0	0.0
fwd	3p	+	79	26.0	25.0	7.0	20.0	78.0	0.0	2.0	0.0	0.0	0.0	0.0	0.0	0.0	0.0	0.0	0.0	0.0	0.0	0.0	0.0	0.0	0.0	0.0	0.0	0.0	0.0
fwd	3p	+	80	16.0	28.0	12.0	18.0	74.0	0.0	0.0	0.0	0.0	0.0	0.0	0.0	0.0	0.0	0.0	0.0	0.0	0.0	0.0	0.0	0.0	0.0	0.0	0.0	0.0	0.0
fwd	3p	+	81	18.0	22.0	13.0	19.0	72.0	0.0	0.0	0.0	0.0	0.0	0.0	0.0	0.0	0.0	0.0	0.0	0.0	0.0	0.0	0.0	0.0	0.0	0.0	0.0	0.0	0.0
fwd	3p	+	82	16.0	21.0	13.0	14.0	64.0	0.0	0.0	0.0	0.0	0.0	0.0	0.0	0.0	0.0	0.0	0.0	0.0	0.0	0.0	0.0	0.0	0.0	0.0	0.0	0.0	0.0
fwd	3p	+	83	13.0	19.0	15.0	12.0	59.0	0.0	0.0	0.0	0.0	0.0	0.0	0.0	0.0	0.0	0.0	0.0	0.0	0.0	0.0	0.0	0.0	0.0	0.0	0.0	0.0	0.0
fwd	3p	+	84	9.0	17.0	5.0	23.0	54.0	0.0	0.0	0.0	0.0	0.0	0.0	0.0	0.0	0.0	0.0	0.0	0.0	0.0	0.0	0.0	0.0	0.0	0.0	0.0	0.0	0.0
fwd	3p	+	85	17.0	14.0	5.0	14.0	50.0	0.0	1.0	0.0	0.0	0.0	0.0	0.0	0.0	0.0	0.0	0.0	0.0	0.0	0.0	0.0	0.0	0.0	0.0	0.0	0.0	0.0
fwd	3p	+	86	12.0	13.0	8.0	13.0	46.0	0.0	0.0	0.0	0.0	0.0	0.0	0.0	0.0	0.0	0.0	0.0	0.0	0.0	0.0	0.0	0.0	0.0	0.0	0.0	0.0	0.0
fwd	3p	+	87	9.0	10.0	3.0	16.0	38.0	0.0	2.0	0.0	0.0	0.0	0.0	0.0	0.0	0.0	0.0	0.0	0.0	0.0	0.0	0.0	0.0	0.0	0.0	0.0	0.0	0.0
fwd	3p	+	88	7.0	16.0	4.0	8.0	35.0	0.0	0.0	0.0	0.0	0.0	0.0	0.0	0.0	0.0	0.0	0.0	0.0	0.0	0.0	0.0	0.0	0.0	0.0	0.0	0.0	0.0
fwd	3p	+	89	8.0	10.0	6.0	8.0	32.0	0.0	0.0	0.0	0.0	0.0	0.0	0.0	0.0	0.0	0.0	0.0	0.0	0.0	0.0	0.0	0.0	0.0	0.0	0.0	0.0	0.0
fwd	3p	+	90	8.0	9.0	6.0	7.0	30.0	0.0	0.0	0.0	0.0	0.0	0.0	0.0	0.0	0.0	0.0	0.0	0.0	0.0	0.0	0.0	0.0	0.0	0.0	0.0	0.0	0.0
fwd	3p	+	91	9.0	9.0	6.0	5.0	29.0	0.0	0.0	0.0	0.0	0.0	0.0	0.0	0.0	0.0	0.0	0.0	0.0	0.0	0.0	0.0	0.0	0.0	0.0	0.0	0.0	0.0
fwd	3p	+	92	10.0	6.0	4.0	8.0	28.0	0.0	0.0	0.0	1.0	0.0	0.0	0.0	0.0	0.0	0.0	0.0	0.0	0.0	0.0	0.0	0.0	0.0	0.0	0.0	0.0	0.0
fwd	3p	+	93	6.0	11.0	6.0	4.0	27.0	0.0	0.0	0.0	0.0	0.0	0.0	0.0	0.0	0.0	0.0	0.0	0.0	0.0	0.0	0.0	0.0	0.0	0.0	0.0	0.0	0.0
fwd	3p	+	94	8.0	11.0	6.0	1.0	26.0	0.0	1.0	0.0	0.0	0.0	0.0	0.0	0.0	0.0	0.0	0.0	0.0	0.0	0.0	0.0	0.0	0.0	0.0	0.0	0.0	0.0
fwd	3p	+	95	7.0	6.0	4.0	8.0	25.0	0.0	0.0	0.0	0.0	0.0	0.0	0.0	0.0	0.0	0.0	0.0	0.0	0.0	0.0	0.0	0.0	0.0	0.0	0.0	0.0	0.0
fwd	3p	+	96	5.0	12.0	2.0	3.0	22.0	0.0	0.0	0.0	0.0	0.0	0.0	0.0	0.0	0.0	0.0	0.0	0.0	0.0	0.0	0.0	0.0	0.0	0.0	0.0	0.0	0.0
fwd	3p	+	97	8.0	5.0	3.0	5.0	21.0	0.0	0.0	0.0	0.0	0.0	0.0	0.0	0.0	0.0	0.0	0.0	0.0	0.0	0.0	0.0	0.0	0.0	0.0	0.0	0.0	0.0
fwd	3p	+	98	8.0	4.0	2.0	6.0	20.0	0.0	0.0	0.0	0.0	0.0	0.0	0.0	0.0	0.0	0.0	0.0	0.0	0.0	0.0	0.0	0.0	0.0	0.0	0.0	0.0	0.0
fwd	3p	+	99	6.0	7.0	2.0	3.0	18.0	0.0	0.0	0.0	0.0	0.0	0.0	0.0	0.0	0.0	0.0	0.0	0.0	0.0	0.0	0.0	0.0	0.0	0.0	0.0	0.0	0.0
fwd	3p	+	100	5.0	6.0	3.0	3.0	17.0	0.0	1.0	0.0	0.0	0.0	0.0	0.0	0.0	0.0	0.0	0.0	0.0	0.0	0.0	0.0	0.0	0.0	0.0	0.0	0.0	0.0
rev	3p	-	1	1288.0	634.0	1938.0	928.0	4788.0	266.0	2.0	12.0	23.0	6.0	4.0	8.0	6.0	26.0	9.0	8.0	11.00.0	0.0	0.0	0.0	0.0	0.0	0.0	0.0	0.0
rev	3p	-	2	1420.0	690.0	1609.0	1069.0	4788.0	107.0	1.0	15.0	19.0	2.0	5.0	5.0	9.0	29.0	6.0	5.0	13.00.0	0.0	0.0	0.0	0.0	0.0	0.0	0.0	0.0
rev	3p	-	3	1186.0	807.0	1650.0	1144.0	4787.0	63.0	5.0	7.0	16.0	2.0	3.0	4.0	12.0	21.0	4.0	8.0	9.00.0	0.0	0.0	0.0	1.0	0.0	0.0	0.0	0.0
rev	3p	-	4	1110.0	810.0	1721.0	1142.0	4783.0	62.0	2.0	4.0	17.0	1.0	1.0	3.0	8.0	24.0	6.0	5.0	11.00.0	0.0	0.0	0.0	2.0	0.0	2.0	1.0	0.0
rev	3p	-	5	1095.0	788.0	1606.0	1294.0	4783.0	33.0	4.0	4.0	7.0	0.0	3.0	1.0	6.0	17.0	2.0	2.0	5.00.0	0.0	0.0	0.0	0.0	0.0	1.0	4.0	0.0
rev	3p	-	6	1010.0	861.0	1665.0	1247.0	4783.0	32.0	4.0	4.0	12.0	1.0	1.0	0.0	3.0	15.0	1.0	3.0	3.00.0	0.0	0.0	0.0	1.0	0.0	1.0	1.0	0.0
rev	3p	-	7	1058.0	875.0	1705.0	1147.0	4785.0	14.0	4.0	4.0	7.0	0.0	1.0	0.0	6.0	9.0	1.0	2.0	4.00.0	0.0	0.0	0.0	1.0	0.0	0.0	1.0	0.0
rev	3p	-	8	1005.0	824.0	1751.0	1207.0	4787.0	26.0	3.0	7.0	8.0	1.0	0.0	1.0	1.0	4.0	1.0	1.0	6.00.0	0.0	0.0	0.0	0.0	0.0	0.0	1.0	0.0
rev	3p	-	9	1024.0	851.0	1691.0	1220.0	4786.0	26.0	2.0	1.0	7.0	0.0	1.0	0.0	0.0	1.0	1.0	1.0	7.00.0	0.0	0.0	0.0	0.0	0.0	0.0	2.0	0.0
rev	3p	-	10	980.0	879.0	1749.0	1173.0	4781.0	16.0	2.0	8.0	15.0	0.0	0.0	0.0	2.0	1.0	0.0	0.0	6.00.0	0.0	0.0	0.0	3.0	0.0	2.0	2.0	0.0
rev	3p	-	11	983.0	785.0	1807.0	1207.0	4782.0	12.0	3.0	7.0	10.0	0.0	0.0	1.0	3.0	0.0	0.0	0.0	6.00.0	0.0	0.0	0.0	2.0	0.0	0.0	3.0	0.0
rev	3p	-	12	909.0	922.0	1730.0	1216.0	4777.0	10.0	4.0	6.0	13.0	0.0	0.0	0.0	4.0	1.0	0.0	0.0	3.00.0	0.0	0.0	0.0	0.0	0.0	2.0	8.0	0.0
rev	3p	-	13	1010.0	879.0	1780.0	1109.0	4778.0	8.0	8.0	1.0	5.0	0.0	0.0	0.0	2.0	2.0	0.0	0.0	6.00.0	0.0	0.0	0.0	2.0	0.0	1.0	6.0	0.0
rev	3p	-	14	947.0	846.0	1813.0	1174.0	4780.0	13.0	10.0	4.0	7.0	0.0	1.0	0.0	2.0	0.0	0.0	0.0	4.00.0	0.0	0.0	0.0	3.0	0.0	1.0	4.0	0.0
rev	3p	-	15	897.0	830.0	1855.0	1196.0	4778.0	13.0	5.0	4.0	7.0	0.0	0.0	0.0	2.0	0.0	0.0	0.0	5.00.0	0.0	0.0	0.0	1.0	0.0	0.0	8.0	0.0
rev	3p	-	16	958.0	883.0	1828.0	1108.0	4777.0	6.0	3.0	2.0	9.0	0.0	1.0	0.0	0.0	0.0	0.0	1.0	5.00.0	0.0	0.0	0.0	2.0	0.0	0.0	7.0	0.0
rev	3p	-	17	957.0	810.0	1854.0	1160.0	4781.0	11.0	8.0	3.0	10.0	0.0	0.0	0.0	0.0	0.0	0.0	0.0	7.00.0	0.0	0.0	0.0	1.0	0.0	1.0	5.0	0.0
rev	3p	-	18	908.0	890.0	1823.0	1159.0	4780.0	9.0	5.0	0.0	9.0	0.0	0.0	0.0	2.0	0.0	0.0	0.0	11.00.0	0.0	0.0	0.0	4.0	0.0	0.0	4.0	0.0
rev	3p	-	19	942.0	964.0	1762.0	1113.0	4781.0	9.0	5.0	4.0	8.0	0.0	1.0	0.0	5.0	0.0	0.0	0.0	7.00.0	0.0	0.0	0.0	1.0	0.0	0.0	6.0	0.0
rev	3p	-	20	943.0	845.0	1807.0	1181.0	4776.0	6.0	6.0	3.0	7.0	0.0	0.0	0.0	1.0	0.0	0.0	0.0	5.00.0	0.0	0.0	0.0	1.0	0.0	0.0	10.0	0.0
rev	3p	-	21	933.0	904.0	1764.0	1173.0	4774.0	4.0	6.0	1.0	4.0	0.0	0.0	0.0	0.0	0.0	0.0	0.0	5.00.0	0.0	0.0	0.0	2.0	0.0	1.0	9.0	0.0
rev	3p	-	22	995.0	930.0	1764.0	1088.0	4777.0	10.0	12.0	3.0	5.0	0.0	0.0	0.0	6.0	0.0	0.0	0.0	2.00.0	0.0	0.0	0.0	3.0	0.0	0.0	4.0	0.0
rev	3p	-	23	1025.0	820.0	1747.0	1190.0	4782.0	6.0	10.0	2.0	8.0	0.0	0.0	0.0	3.0	0.0	0.0	0.0	1.00.0	0.0	0.0	0.0	1.0	0.0	1.0	1.0	0.0
rev	3p	-	24	911.0	933.0	1738.0	1199.0	4781.0	7.0	9.0	2.0	9.0	0.0	0.0	0.0	1.0	0.0	0.0	1.0	8.00.0	0.0	0.0	0.0	1.0	0.0	0.0	6.0	0.0
rev	3p	-	25	985.0	937.0	1696.0	1164.0	4782.0	7.0	6.0	4.0	9.0	0.0	0.0	0.0	5.0	0.0	0.0	0.0	6.00.0	0.0	0.0	0.0	1.0	0.0	0.0	3.0	0.0
rev	3p	-	26	935.0	925.0	1777.0	1148.0	4785.0	4.0	6.0	1.0	3.0	0.0	0.0	0.0	2.0	0.0	0.0	0.0	2.00.0	0.0	0.0	0.0	0.0	0.0	1.0	2.0	0.0
rev	3p	-	27	936.0	939.0	1740.0	1167.0	4782.0	5.0	14.0	1.0	4.0	0.0	0.0	0.0	3.0	1.0	0.0	0.0	3.00.0	0.0	0.0	0.0	1.0	0.0	1.0	3.0	0.0
rev	3p	-	28	999.0	903.0	1705.0	1180.0	4787.0	9.0	9.0	1.0	6.0	0.0	0.0	1.0	3.0	0.0	0.0	0.0	4.00.0	0.0	0.0	0.0	0.0	0.0	0.0	1.0	0.0
rev	3p	-	29	927.0	902.0	1749.0	1210.0	4788.0	8.0	12.0	0.0	9.0	0.0	0.0	0.0	2.0	0.0	0.0	0.0	5.00.0	0.0	0.0	0.0	0.0	0.0	0.0	0.0	0.0
rev	3p	-	30	897.0	907.0	1709.0	1273.0	4786.0	5.0	15.0	1.0	9.0	1.0	0.0	0.0	2.0	0.0	0.0	1.0	4.00.0	0.0	0.0	0.0	0.0	0.0	0.0	2.0	0.0
rev	3p	-	31	961.0	856.0	1564.0	1228.0	4609.0	4.0	24.0	1.0	3.0	0.0	0.0	1.0	2.0	0.0	0.0	1.0	5.00.0	0.0	0.0	0.0	0.0	0.0	0.0	2.0	0.0
rev	3p	-	32	863.0	773.0	1601.0	1185.0	4422.0	5.0	22.0	1.0	3.0	0.0	1.0	0.0	2.0	2.0	0.0	0.0	3.00.0	0.0	0.0	0.0	0.0	0.0	0.0	3.0	0.0
rev	3p	-	33	883.0	731.0	1464.0	1125.0	4203.0	3.0	17.0	2.0	3.0	0.0	0.0	0.0	2.0	1.0	0.0	0.0	2.00.0	0.0	0.0	0.0	0.0	0.0	0.0	0.0	0.0
rev	3p	-	34	905.0	727.0	1352.0	1009.0	3993.0	4.0	20.0	1.0	9.0	0.0	1.0	0.0	1.0	0.0	0.0	1.0	1.00.0	0.0	0.0	0.0	0.0	0.0	0.0	1.0	0.0
rev	3p	-	35	826.0	632.0	1287.0	1026.0	3771.0	4.0	20.0	1.0	7.0	1.0	0.0	0.0	1.0	0.0	0.0	1.0	7.00.0	0.0	0.0	0.0	0.0	0.0	0.0	2.0	0.0
rev	3p	-	36	648.0	609.0	1278.0	989.0	3524.0	8.0	23.0	0.0	4.0	0.0	0.0	0.0	3.0	1.0	0.0	2.0	5.00.0	0.0	0.0	0.0	0.0	0.0	0.0	1.0	0.0
rev	3p	-	37	694.0	569.0	1101.0	915.0	3279.0	10.0	13.0	2.0	2.0	0.0	0.0	0.0	3.0	1.0	0.0	1.0	1.00.0	0.0	0.0	0.0	0.0	0.0	0.0	0.0	0.0
rev	3p	-	38	599.0	559.0	1069.0	825.0	3052.0	6.0	10.0	3.0	3.0	0.0	0.0	2.0	0.0	0.0	0.0	0.0	3.00.0	0.0	0.0	0.0	0.0	0.0	0.0	0.0	0.0
rev	3p	-	39	585.0	533.0	932.0	782.0	2832.0	3.0	17.0	0.0	3.0	1.0	0.0	1.0	2.0	0.0	0.0	0.0	7.00.0	0.0	0.0	0.0	0.0	0.0	0.0	0.0	0.0
rev	3p	-	40	536.0	451.0	893.0	742.0	2622.0	1.0	12.0	0.0	8.0	0.0	0.0	0.0	2.0	0.0	0.0	1.0	3.00.0	0.0	0.0	0.0	1.0	0.0	0.0	0.0	0.0
rev	3p	-	41	503.0	419.0	790.0	691.0	2403.0	3.0	15.0	3.0	5.0	0.0	0.0	0.0	2.0	0.0	0.0	0.0	6.00.0	0.0	0.0	0.0	0.0	0.0	0.0	0.0	0.0
rev	3p	-	42	468.0	372.0	705.0	665.0	2210.0	4.0	12.0	1.0	9.0	0.0	0.0	0.0	2.0	2.0	0.0	0.0	6.00.0	0.0	0.0	0.0	0.0	0.0	0.0	0.0	0.0
rev	3p	-	43	428.0	367.0	617.0	608.0	2020.0	2.0	23.0	0.0	2.0	0.0	1.0	0.0	1.0	1.0	0.0	0.0	6.00.0	0.0	0.0	0.0	0.0	0.0	0.0	0.0	0.0
rev	3p	-	44	407.0	294.0	604.0	536.0	1841.0	2.0	13.0	0.0	5.0	0.0	1.0	0.0	0.0	1.0	1.0	1.0	6.00.0	0.0	0.0	0.0	0.0	0.0	0.0	2.0	0.0
rev	3p	-	45	389.0	295.0	532.0	478.0	1694.0	2.0	14.0	1.0	2.0	0.0	1.0	0.0	0.0	0.0	0.0	1.0	3.00.0	0.0	0.0	0.0	0.0	0.0	0.0	1.0	0.0
rev	3p	-	46	309.0	308.0	496.0	433.0	1546.0	0.0	16.0	0.0	1.0	0.0	1.0	0.0	2.0	0.0	0.0	0.0	1.00.0	0.0	0.0	0.0	0.0	0.0	0.0	0.0	0.0
rev	3p	-	47	301.0	217.0	455.0	412.0	1385.0	1.0	12.0	0.0	3.0	0.0	0.0	0.0	0.0	0.0	0.0	0.0	3.00.0	0.0	0.0	0.0	1.0	0.0	0.0	0.0	0.0
rev	3p	-	48	273.0	218.0	390.0	378.0	1259.0	1.0	8.0	0.0	2.0	1.0	0.0	1.0	0.0	0.0	0.0	0.0	3.00.0	0.0	0.0	0.0	0.0	0.0	0.0	1.0	0.0
rev	3p	-	49	246.0	227.0	335.0	332.0	1140.0	0.0	8.0	2.0	0.0	0.0	0.0	0.0	1.0	0.0	0.0	0.0	2.00.0	0.0	0.0	0.0	0.0	0.0	0.0	0.0	0.0
rev	3p	-	50	212.0	163.0	339.0	318.0	1032.0	0.0	5.0	0.0	2.0	0.0	0.0	0.0	0.0	0.0	0.0	0.0	1.00.0	0.0	0.0	0.0	0.0	0.0	0.0	0.0	0.0
rev	3p	-	51	181.0	168.0	327.0	279.0	955.0	2.0	7.0	0.0	1.0	0.0	0.0	0.0	0.0	0.0	0.0	0.0	2.00.0	0.0	0.0	0.0	0.0	0.0	0.0	0.0	0.0
rev	3p	-	52	180.0	156.0	261.0	253.0	850.0	3.0	5.0	0.0	2.0	0.0	0.0	0.0	0.0	0.0	1.0	1.0	3.00.0	0.0	0.0	0.0	0.0	0.0	0.0	0.0	0.0
rev	3p	-	53	154.0	163.0	226.0	216.0	759.0	4.0	7.0	0.0	2.0	0.0	0.0	0.0	0.0	0.0	0.0	0.0	1.00.0	0.0	0.0	0.0	0.0	0.0	0.0	0.0	0.0
rev	3p	-	54	132.0	126.0	234.0	213.0	705.0	0.0	5.0	1.0	0.0	0.0	0.0	0.0	0.0	0.0	0.0	0.0	5.00.0	0.0	0.0	0.0	0.0	0.0	0.0	0.0	0.0
rev	3p	-	55	136.0	118.0	193.0	196.0	643.0	1.0	3.0	0.0	2.0	0.0	0.0	0.0	0.0	0.0	0.0	0.0	1.00.0	0.0	0.0	0.0	0.0	0.0	0.0	0.0	0.0
rev	3p	-	56	134.0	88.0	197.0	170.0	589.0	2.0	3.0	0.0	0.0	0.0	0.0	0.0	0.0	0.0	0.0	0.0	1.00.0	0.0	0.0	0.0	0.0	0.0	0.0	0.0	0.0
rev	3p	-	57	107.0	100.0	175.0	166.0	548.0	1.0	1.0	0.0	1.0	0.0	0.0	0.0	1.0	0.0	0.0	1.0	0.00.0	0.0	0.0	0.0	0.0	0.0	0.0	0.0	0.0
rev	3p	-	58	88.0	98.0	158.0	149.0	493.0	3.0	4.0	0.0	0.0	0.0	0.0	0.0	0.0	0.0	0.0	0.0	1.00.0	0.0	0.0	0.0	0.0	0.0	0.0	0.0	0.0
rev	3p	-	59	91.0	76.0	154.0	126.0	447.0	0.0	2.0	1.0	0.0	0.0	0.0	0.0	0.0	0.0	0.0	0.0	1.00.0	0.0	0.0	0.0	0.0	0.0	0.0	1.0	0.0
rev	3p	-	60	83.0	68.0	140.0	117.0	408.0	0.0	2.0	0.0	0.0	0.0	0.0	0.0	0.0	0.0	0.0	1.0	1.00.0	0.0	0.0	0.0	0.0	0.0	0.0	0.0	0.0
rev	3p	-	61	88.0	73.0	97.0	117.0	375.0	0.0	2.0	0.0	2.0	0.0	0.0	0.0	0.0	0.0	0.0	0.0	0.00.0	0.0	0.0	0.0	0.0	0.0	0.0	0.0	0.0
rev	3p	-	62	63.0	78.0	106.0	91.0	338.0	0.0	4.0	0.0	0.0	0.0	0.0	0.0	0.0	0.0	0.0	0.0	0.00.0	0.0	0.0	0.0	0.0	0.0	0.0	0.0	0.0
rev	3p	-	63	66.0	39.0	107.0	95.0	307.0	1.0	0.0	0.0	0.0	0.0	0.0	0.0	0.0	0.0	0.0	0.0	1.00.0	0.0	0.0	0.0	0.0	0.0	0.0	0.0	0.0
rev	3p	-	64	64.0	51.0	80.0	84.0	279.0	0.0	2.0	1.0	0.0	0.0	0.0	0.0	1.0	0.0	0.0	1.0	0.00.0	0.0	0.0	0.0	0.0	0.0	0.0	0.0	0.0
rev	3p	-	65	58.0	47.0	82.0	61.0	248.0	0.0	0.0	0.0	0.0	0.0	0.0	0.0	1.0	0.0	0.0	0.0	0.00.0	0.0	0.0	0.0	0.0	0.0	0.0	0.0	0.0
rev	3p	-	66	49.0	38.0	84.0	61.0	232.0	0.0	2.0	0.0	0.0	0.0	0.0	0.0	0.0	0.0	0.0	0.0	0.00.0	0.0	0.0	0.0	0.0	0.0	0.0	0.0	0.0
rev	3p	-	67	54.0	45.0	45.0	70.0	214.0	0.0	6.0	0.0	0.0	0.0	0.0	0.0	0.0	0.0	0.0	0.0	0.00.0	0.0	0.0	0.0	0.0	0.0	0.0	0.0	0.0
rev	3p	-	68	36.0	42.0	65.0	56.0	199.0	0.0	2.0	0.0	0.0	0.0	0.0	0.0	0.0	0.0	0.0	0.0	0.00.0	0.0	0.0	0.0	0.0	0.0	0.0	0.0	0.0
rev	3p	-	69	36.0	23.0	62.0	59.0	180.0	0.0	1.0	0.0	0.0	0.0	0.0	0.0	0.0	0.0	0.0	0.0	0.00.0	0.0	0.0	0.0	0.0	0.0	0.0	0.0	0.0
rev	3p	-	70	47.0	29.0	45.0	46.0	167.0	0.0	0.0	0.0	0.0	0.0	0.0	0.0	0.0	0.0	0.0	0.0	0.00.0	0.0	0.0	0.0	0.0	0.0	0.0	0.0	0.0
rev	3p	-	71	26.0	22.0	67.0	44.0	159.0	0.0	0.0	0.0	0.0	0.0	0.0	0.0	0.0	0.0	0.0	0.0	0.00.0	0.0	0.0	0.0	0.0	0.0	0.0	0.0	0.0
rev	3p	-	72	28.0	22.0	46.0	53.0	149.0	0.0	0.0	0.0	0.0	0.0	0.0	0.0	0.0	0.0	0.0	0.0	0.00.0	0.0	0.0	0.0	0.0	0.0	0.0	0.0	0.0
rev	3p	-	73	33.0	21.0	38.0	48.0	140.0	0.0	0.0	0.0	1.0	0.0	0.0	0.0	0.0	0.0	0.0	0.0	0.00.0	0.0	0.0	0.0	0.0	0.0	0.0	0.0	0.0
rev	3p	-	74	32.0	26.0	39.0	31.0	128.0	0.0	0.0	0.0	0.0	0.0	0.0	0.0	0.0	0.0	0.0	0.0	1.00.0	0.0	0.0	0.0	0.0	0.0	0.0	0.0	0.0
rev	3p	-	75	26.0	16.0	38.0	34.0	114.0	0.0	2.0	0.0	0.0	0.0	0.0	0.0	0.0	0.0	0.0	1.0	0.00.0	0.0	0.0	0.0	0.0	0.0	0.0	0.0	0.0
rev	3p	-	76	20.0	11.0	29.0	37.0	97.0	0.0	0.0	0.0	0.0	0.0	0.0	0.0	0.0	0.0	0.0	0.0	0.00.0	0.0	0.0	0.0	0.0	0.0	0.0	0.0	0.0
rev	3p	-	77	19.0	17.0	24.0	29.0	89.0	0.0	0.0	0.0	0.0	0.0	0.0	0.0	0.0	0.0	0.0	0.0	1.00.0	0.0	0.0	0.0	0.0	0.0	0.0	0.0	0.0
rev	3p	-	78	14.0	8.0	24.0	34.0	80.0	0.0	0.0	0.0	0.0	0.0	0.0	0.0	0.0	0.0	0.0	0.0	0.00.0	0.0	0.0	0.0	0.0	0.0	0.0	0.0	0.0
rev	3p	-	79	24.0	10.0	13.0	22.0	69.0	0.0	0.0	0.0	0.0	0.0	1.0	0.0	0.0	0.0	0.0	0.0	0.00.0	0.0	0.0	0.0	0.0	0.0	0.0	0.0	0.0
rev	3p	-	80	16.0	8.0	22.0	16.0	62.0	0.0	0.0	0.0	0.0	0.0	0.0	0.0	0.0	0.0	0.0	0.0	0.00.0	0.0	0.0	0.0	0.0	0.0	0.0	0.0	0.0
rev	3p	-	81	14.0	4.0	16.0	24.0	58.0	0.0	0.0	0.0	0.0	0.0	0.0	0.0	0.0	0.0	0.0	0.0	0.00.0	0.0	0.0	0.0	0.0	0.0	0.0	0.0	0.0
rev	3p	-	82	5.0	12.0	19.0	16.0	52.0	0.0	1.0	0.0	0.0	0.0	0.0	0.0	0.0	0.0	0.0	0.0	0.00.0	0.0	0.0	0.0	0.0	0.0	0.0	0.0	0.0
rev	3p	-	83	15.0	9.0	11.0	12.0	47.0	0.0	1.0	0.0	0.0	0.0	0.0	0.0	0.0	0.0	0.0	0.0	0.00.0	0.0	0.0	0.0	0.0	0.0	0.0	0.0	0.0
rev	3p	-	84	7.0	7.0	8.0	20.0	42.0	0.0	0.0	0.0	0.0	0.0	0.0	0.0	0.0	0.0	0.0	0.0	0.00.0	0.0	0.0	0.0	0.0	0.0	0.0	0.0	0.0
rev	3p	-	85	12.0	9.0	8.0	5.0	34.0	0.0	0.0	0.0	0.0	0.0	0.0	0.0	0.0	0.0	0.0	1.0	0.00.0	0.0	0.0	0.0	0.0	0.0	0.0	0.0	0.0
rev	3p	-	86	11.0	3.0	8.0	10.0	32.0	0.0	0.0	0.0	0.0	0.0	0.0	0.0	0.0	0.0	0.0	0.0	0.00.0	0.0	0.0	0.0	0.0	0.0	0.0	0.0	0.0
rev	3p	-	87	8.0	3.0	8.0	12.0	31.0	0.0	0.0	0.0	0.0	0.0	0.0	0.0	0.0	0.0	0.0	0.0	0.00.0	0.0	0.0	0.0	0.0	0.0	0.0	0.0	0.0
rev	3p	-	88	9.0	6.0	8.0	6.0	29.0	0.0	1.0	0.0	0.0	0.0	0.0	0.0	0.0	0.0	0.0	0.0	0.00.0	0.0	0.0	0.0	0.0	0.0	0.0	0.0	0.0
rev	3p	-	89	7.0	5.0	7.0	8.0	27.0	0.0	0.0	0.0	0.0	0.0	0.0	0.0	1.0	0.0	0.0	0.0	0.00.0	0.0	0.0	0.0	0.0	0.0	0.0	0.0	0.0
rev	3p	-	90	4.0	1.0	7.0	13.0	25.0	0.0	0.0	0.0	0.0	0.0	0.0	0.0	0.0	0.0	0.0	0.0	0.00.0	0.0	0.0	0.0	0.0	0.0	0.0	0.0	0.0
rev	3p	-	91	10.0	3.0	6.0	6.0	25.0	0.0	0.0	0.0	0.0	0.0	0.0	0.0	0.0	0.0	0.0	0.0	0.00.0	0.0	0.0	0.0	0.0	0.0	0.0	0.0	0.0
rev	3p	-	92	7.0	2.0	9.0	6.0	24.0	0.0	0.0	0.0	0.0	0.0	0.0	0.0	0.0	0.0	0.0	0.0	0.00.0	0.0	0.0	0.0	0.0	0.0	0.0	0.0	0.0
rev	3p	-	93	4.0	5.0	12.0	3.0	24.0	0.0	0.0	0.0	0.0	0.0	0.0	0.0	0.0	0.0	0.0	0.0	1.00.0	0.0	0.0	0.0	0.0	0.0	0.0	0.0	0.0
rev	3p	-	94	5.0	1.0	5.0	12.0	23.0	0.0	0.0	0.0	0.0	0.0	0.0	0.0	0.0	0.0	0.0	0.0	0.00.0	0.0	0.0	0.0	0.0	0.0	0.0	0.0	0.0
rev	3p	-	95	4.0	3.0	7.0	7.0	21.0	0.0	0.0	0.0	0.0	0.0	0.0	0.0	0.0	0.0	0.0	0.0	0.00.0	0.0	0.0	0.0	0.0	0.0	0.0	0.0	0.0
rev	3p	-	96	3.0	7.0	5.0	6.0	21.0	0.0	0.0	0.0	0.0	0.0	0.0	0.0	0.0	0.0	0.0	0.0	0.00.0	0.0	0.0	0.0	0.0	0.0	0.0	0.0	0.0
rev	3p	-	97	2.0	4.0	8.0	7.0	21.0	0.0	0.0	0.0	0.0	0.0	0.0	0.0	0.0	0.0	0.0	0.0	0.00.0	0.0	0.0	0.0	0.0	0.0	0.0	0.0	0.0
rev	3p	-	98	7.0	5.0	2.0	6.0	20.0	0.0	0.0	0.0	0.0	0.0	0.0	0.0	0.0	0.0	0.0	0.0	0.00.0	0.0	0.0	0.0	0.0	0.0	0.0	0.0	0.0
rev	3p	-	99	2.0	10.0	2.0	5.0	19.0	0.0	0.0	0.0	0.0	0.0	0.0	0.0	0.0	0.0	0.0	0.0	0.00.0	0.0	0.0	0.0	0.0	0.0	0.0	0.0	0.0
rev	3p	-	100	4.0	3.0	7.0	5.0	19.0	0.0	0.0	0.0	0.0	0.0	0.0	0.0	0.0	0.0	0.0	0.0	0.00.0	0.0	0.0	0.0	0.0	0.0	0.0	0.0	0.0
fwd	5p	+	1	872.0	2024.0	690.0	1319.0	4905.0	2.0	246.0	6.0	5.0	5.0	5.0	2.0	1.0	1.0	1.0	4.0	5.00.0	0.0	0.0	0.0	0.0	0.0	0.0	0.0	0.0
fwd	5p	+	2	1099.0	1627.0	775.0	1402.0	4903.0	3.0	108.0	13.0	6.0	1.0	5.0	0.0	5.0	0.0	1.0	2.0	3.00.0	0.0	0.0	0.0	0.0	0.0	1.0	1.0	0.0
fwd	5p	+	3	1183.0	1643.0	904.0	1174.0	4904.0	2.0	51.0	9.0	1.0	2.0	2.0	0.0	7.0	0.0	0.0	0.0	2.00.0	0.0	0.0	0.0	1.0	0.0	0.0	0.0	0.0
fwd	5p	+	4	1119.0	1804.0	864.0	1117.0	4904.0	1.0	49.0	7.0	5.0	1.0	0.0	0.0	4.0	0.0	0.0	0.0	3.00.0	0.0	0.0	0.0	1.0	0.0	0.0	0.0	0.0
fwd	5p	+	5	1379.0	1618.0	798.0	1108.0	4903.0	1.0	38.0	9.0	4.0	0.0	0.0	0.0	3.0	0.0	0.0	0.0	1.00.0	0.0	0.0	0.0	1.0	0.0	0.0	0.0	0.0
fwd	5p	+	6	1235.0	1701.0	975.0	993.0	4904.0	3.0	26.0	6.0	5.0	0.0	0.0	0.0	0.0	0.0	0.0	0.0	2.00.0	0.0	0.0	0.0	0.0	0.0	1.0	0.0	0.0
fwd	5p	+	7	1216.0	1754.0	871.0	1061.0	4902.0	5.0	20.0	8.0	4.0	0.0	0.0	0.0	3.0	0.0	0.0	0.0	4.00.0	0.0	0.0	0.0	1.0	0.0	2.0	0.0	0.0
fwd	5p	+	8	1175.0	1789.0	915.0	1023.0	4902.0	0.0	29.0	5.0	6.0	0.0	0.0	0.0	5.0	0.0	1.0	0.0	4.00.0	0.0	0.0	0.0	0.0	0.0	3.0	0.0	0.0
fwd	5p	+	9	1247.0	1725.0	924.0	1006.0	4902.0	1.0	20.0	7.0	4.0	0.0	0.0	0.0	2.0	0.0	0.0	0.0	5.00.0	0.0	0.0	0.0	0.0	0.0	0.0	0.0	0.0
fwd	5p	+	10	1202.0	1762.0	890.0	1048.0	4902.0	4.0	9.0	10.0	2.0	0.0	0.0	0.0	1.0	0.0	0.0	0.0	2.00.0	0.0	0.0	0.0	0.0	0.0	3.0	0.0	0.0
fwd	5p	+	11	1197.0	1869.0	875.0	957.0	4898.0	4.0	15.0	15.0	0.0	0.0	1.0	4.0	5.0	0.0	0.0	0.0	3.00.0	0.0	0.0	0.0	4.0	0.0	2.0	0.0	0.0
fwd	5p	+	12	1214.0	1831.0	917.0	940.0	4902.0	3.0	7.0	10.0	0.0	0.0	0.0	0.0	4.0	0.0	0.0	0.0	3.00.0	0.0	0.0	0.0	0.0	0.0	3.0	0.0	0.0
fwd	5p	+	13	1192.0	1721.0	955.0	1033.0	4901.0	5.0	13.0	4.0	1.0	0.0	0.0	0.0	8.0	0.0	0.0	0.0	1.00.0	0.0	0.0	0.0	1.0	0.0	2.0	0.0	0.0
fwd	5p	+	14	1236.0	1837.0	890.0	941.0	4904.0	3.0	9.0	12.0	0.0	0.0	0.0	0.0	2.0	0.0	0.0	0.0	5.00.0	0.0	0.0	0.0	1.0	0.0	0.0	0.0	0.0
fwd	5p	+	15	1258.0	1804.0	895.0	943.0	4900.0	4.0	3.0	15.0	0.0	0.0	0.0	0.0	1.0	0.0	0.0	0.0	1.00.0	0.0	0.0	0.0	1.0	0.0	3.0	0.0	0.0
fwd	5p	+	16	1155.0	1799.0	923.0	1021.0	4898.0	7.0	10.0	8.0	1.0	0.0	0.0	0.0	2.0	0.0	0.0	0.0	3.00.0	0.0	0.0	0.0	5.0	0.0	2.0	0.0	0.0
fwd	5p	+	17	1254.0	1801.0	848.0	1000.0	4903.0	2.0	11.0	14.0	2.0	0.0	1.0	0.0	5.0	0.0	0.0	0.0	7.00.0	0.0	0.0	0.0	1.0	0.0	0.0	0.0	0.0
fwd	5p	+	18	1178.0	1854.0	907.0	965.0	4904.0	2.0	9.0	15.0	1.0	0.0	0.0	0.0	2.0	0.0	0.0	0.0	7.00.0	0.0	0.0	0.0	0.0	0.0	1.0	0.0	0.0
fwd	5p	+	19	1106.0	1839.0	953.0	999.0	4897.0	3.0	4.0	15.0	1.0	0.0	0.0	0.0	4.0	0.0	0.0	0.0	8.00.0	0.0	0.0	0.0	0.0	0.0	6.0	1.0	0.0
fwd	5p	+	20	1172.0	1823.0	938.0	965.0	4898.0	5.0	10.0	5.0	1.0	0.0	1.0	0.0	5.0	0.0	0.0	0.0	3.00.0	0.0	0.0	0.0	0.0	0.0	5.0	0.0	0.0
fwd	5p	+	21	1233.0	1846.0	969.0	850.0	4898.0	6.0	2.0	4.0	2.0	0.0	0.0	0.0	3.0	0.0	0.0	0.0	3.00.0	0.0	0.0	0.0	0.0	0.0	7.0	0.0	0.0
fwd	5p	+	22	1169.0	1778.0	936.0	1016.0	4899.0	6.0	7.0	4.0	0.0	0.0	0.0	0.0	7.0	0.0	0.0	0.0	4.00.0	0.0	0.0	0.0	2.0	0.0	4.0	0.0	0.0
fwd	5p	+	23	1227.0	1790.0	933.0	952.0	4902.0	6.0	6.0	7.0	1.0	0.0	1.0	0.0	7.0	0.0	0.0	0.0	3.00.0	0.0	0.0	0.0	1.0	0.0	2.0	0.0	0.0
fwd	5p	+	24	1207.0	1710.0	977.0	1005.0	4899.0	11.0	3.0	12.0	1.0	0.0	0.0	0.0	3.0	0.0	1.0	0.0	2.00.0	0.0	0.0	0.0	0.0	0.0	3.0	1.0	0.0
fwd	5p	+	25	1158.0	1745.0	980.0	1019.0	4902.0	4.0	3.0	13.0	1.0	0.0	0.0	0.0	10.0	1.0	0.0	1.0	3.00.0	0.0	0.0	0.0	2.0	0.0	1.0	0.0	0.0
fwd	5p	+	26	1241.0	1742.0	939.0	980.0	4902.0	10.0	8.0	4.0	2.0	0.0	0.0	0.0	8.0	0.0	0.0	1.0	7.00.0	0.0	0.0	0.0	0.0	0.0	3.0	0.0	0.0
fwd	5p	+	27	1236.0	1777.0	954.0	932.0	4899.0	8.0	7.0	6.0	1.0	1.0	0.0	1.0	4.0	0.0	0.0	0.0	3.00.0	0.0	0.0	0.0	2.0	0.0	1.0	1.0	0.0
fwd	5p	+	28	1246.0	1706.0	923.0	1028.0	4903.0	7.0	6.0	7.0	1.0	0.0	0.0	1.0	3.0	0.0	1.0	0.0	6.00.0	0.0	0.0	0.0	0.0	0.0	1.0	1.0	0.0
fwd	5p	+	29	1196.0	1748.0	914.0	1045.0	4903.0	13.0	1.0	6.0	3.0	2.0	0.0	1.0	4.0	0.0	0.0	1.0	6.00.0	0.0	0.0	0.0	1.0	0.0	0.0	1.0	0.0
fwd	5p	+	30	1265.0	1767.0	941.0	932.0	4905.0	18.0	8.0	9.0	2.0	2.0	1.0	0.0	4.0	1.0	1.0	4.0	4.00.0	0.0	0.0	0.0	0.0	0.0	0.0	0.0	0.0
fwd	5p	+	31	1246.0	1538.0	959.0	966.0	4709.0	19.0	4.0	6.0	5.0	1.0	0.0	1.0	5.0	2.0	0.0	0.0	5.00.0	0.0	0.0	0.0	1.0	0.0	1.0	0.0	0.0
fwd	5p	+	32	1226.0	1570.0	793.0	933.0	4522.0	28.0	7.0	4.0	6.0	0.0	0.0	0.0	7.0	3.0	1.0	2.0	3.00.0	0.0	0.0	0.0	0.0	0.0	0.0	1.0	0.0
fwd	5p	+	33	1191.0	1457.0	794.0	868.0	4310.0	29.0	4.0	5.0	3.0	1.0	0.0	1.0	6.0	0.0	0.0	3.0	3.00.0	0.0	0.0	0.0	0.0	0.0	2.0	0.0	0.0
fwd	5p	+	34	1055.0	1386.0	778.0	881.0	4100.0	11.0	10.0	5.0	1.0	5.0	0.0	3.0	3.0	2.0	2.0	0.0	1.00.0	0.0	0.0	0.0	0.0	0.0	2.0	0.0	0.0
fwd	5p	+	35	1042.0	1349.0	695.0	770.0	3856.0	18.0	3.0	5.0	2.0	3.0	0.0	2.0	6.0	2.0	0.0	1.0	4.00.0	0.0	0.0	0.0	1.0	0.0	2.0	1.0	0.0
fwd	5p	+	36	961.0	1249.0	676.0	729.0	3615.0	21.0	4.0	6.0	5.0	2.0	1.0	2.0	8.0	2.0	3.0	1.0	5.00.0	0.0	0.0	0.0	3.0	0.0	1.0	0.0	0.0
fwd	5p	+	37	926.0	1121.0	615.0	732.0	3394.0	24.0	4.0	8.0	4.0	1.0	1.0	5.0	5.0	2.0	0.0	4.0	5.00.0	0.0	0.0	0.0	0.0	0.0	0.0	0.0	0.0
fwd	5p	+	38	881.0	1018.0	565.0	674.0	3138.0	22.0	4.0	11.0	3.0	5.0	1.0	3.0	4.0	2.0	0.0	1.0	2.00.0	0.0	0.0	0.0	0.0	0.0	2.0	0.0	0.0
fwd	5p	+	39	801.0	975.0	554.0	570.0	2900.0	16.0	5.0	2.0	7.0	2.0	0.0	1.0	6.0	0.0	2.0	0.0	0.00.0	0.0	0.0	0.0	2.0	0.0	0.0	0.0	0.0
fwd	5p	+	40	711.0	869.0	533.0	554.0	2667.0	16.0	3.0	2.0	4.0	0.0	0.0	3.0	8.0	3.0	1.0	3.0	2.00.0	0.0	0.0	0.0	0.0	0.0	0.0	0.0	0.0
fwd	5p	+	41	725.0	836.0	423.0	491.0	2475.0	20.0	4.0	2.0	3.0	3.0	0.0	5.0	3.0	1.0	0.0	1.0	2.00.0	0.0	0.0	0.0	1.0	0.0	0.0	2.0	0.0
fwd	5p	+	42	668.0	696.0	444.0	476.0	2284.0	24.0	4.0	6.0	3.0	3.0	1.0	2.0	2.0	1.0	2.0	2.0	0.00.0	0.0	0.0	0.0	0.0	0.0	1.0	0.0	0.0
fwd	5p	+	43	591.0	651.0	427.0	438.0	2107.0	18.0	3.0	4.0	3.0	2.0	1.0	2.0	3.0	5.0	2.0	2.0	2.00.0	0.0	0.0	0.0	0.0	0.0	0.0	0.0	0.0
fwd	5p	+	44	552.0	610.0	342.0	429.0	1933.0	18.0	2.0	2.0	2.0	2.0	0.0	1.0	5.0	2.0	0.0	1.0	2.00.0	0.0	0.0	0.0	0.0	0.0	0.0	0.0	0.0
fwd	5p	+	45	520.0	584.0	332.0	336.0	1772.0	13.0	4.0	2.0	1.0	2.0	4.0	0.0	4.0	0.0	1.0	1.0	0.00.0	0.0	0.0	0.0	0.0	0.0	0.0	0.0	0.0
fwd	5p	+	46	488.0	546.0	276.0	341.0	1651.0	11.0	8.0	1.0	6.0	2.0	0.0	0.0	1.0	0.0	0.0	1.0	0.00.0	0.0	0.0	0.0	0.0	0.0	0.0	0.0	0.0
fwd	5p	+	47	446.0	465.0	252.0	327.0	1490.0	12.0	3.0	2.0	1.0	0.0	4.0	0.0	3.0	1.0	0.0	1.0	0.00.0	0.0	0.0	0.0	0.0	0.0	2.0	0.0	0.0
fwd	5p	+	48	417.0	429.0	262.0	254.0	1362.0	5.0	6.0	0.0	5.0	0.0	0.0	2.0	3.0	1.0	0.0	1.0	1.00.0	0.0	0.0	0.0	0.0	0.0	0.0	0.0	0.0
fwd	5p	+	49	336.0	405.0	244.0	255.0	1240.0	7.0	3.0	1.0	4.0	2.0	0.0	2.0	2.0	0.0	1.0	0.0	0.00.0	0.0	0.0	0.0	0.0	0.0	0.0	0.0	0.0
fwd	5p	+	50	338.0	385.0	187.0	213.0	1123.0	5.0	3.0	1.0	2.0	1.0	1.0	0.0	5.0	0.0	0.0	0.0	1.00.0	0.0	0.0	0.0	0.0	0.0	0.0	0.0	0.0
fwd	5p	+	51	332.0	316.0	161.0	217.0	1026.0	7.0	3.0	0.0	0.0	1.0	0.0	2.0	2.0	1.0	0.0	0.0	1.00.0	0.0	0.0	0.0	0.0	0.0	0.0	0.0	0.0
fwd	5p	+	52	276.0	277.0	168.0	220.0	941.0	11.0	2.0	1.0	2.0	1.0	0.0	1.0	5.0	1.0	0.0	1.0	0.00.0	0.0	0.0	0.0	0.0	0.0	0.0	0.0	0.0
fwd	5p	+	53	246.0	242.0	179.0	175.0	842.0	6.0	0.0	2.0	0.0	0.0	0.0	0.0	3.0	0.0	2.0	0.0	1.00.0	0.0	0.0	0.0	0.0	0.0	0.0	0.0	0.0
fwd	5p	+	54	238.0	243.0	136.0	157.0	774.0	12.0	2.0	2.0	0.0	0.0	0.0	0.0	2.0	0.0	0.0	0.0	0.00.0	0.0	0.0	0.0	0.0	0.0	0.0	0.0	0.0
fwd	5p	+	55	214.0	199.0	130.0	161.0	704.0	8.0	1.0	0.0	3.0	0.0	0.0	0.0	3.0	0.0	0.0	0.0	1.00.0	0.0	0.0	0.0	1.0	0.0	0.0	0.0	0.0
fwd	5p	+	56	182.0	198.0	131.0	127.0	638.0	2.0	1.0	1.0	0.0	1.0	0.0	0.0	0.0	0.0	0.0	1.0	0.00.0	0.0	0.0	0.0	0.0	0.0	0.0	0.0	0.0
fwd	5p	+	57	163.0	185.0	119.0	118.0	585.0	6.0	1.0	0.0	0.0	0.0	0.0	0.0	1.0	0.0	0.0	0.0	0.00.0	0.0	0.0	0.0	0.0	0.0	0.0	0.0	0.0
fwd	5p	+	58	154.0	151.0	99.0	122.0	526.0	2.0	1.0	0.0	0.0	0.0	0.0	0.0	3.0	0.0	0.0	0.0	0.00.0	0.0	0.0	0.0	0.0	0.0	0.0	1.0	0.0
fwd	5p	+	59	141.0	151.0	90.0	103.0	485.0	4.0	0.0	1.0	1.0	0.0	0.0	0.0	4.0	0.0	1.0	0.0	1.00.0	0.0	0.0	0.0	0.0	0.0	0.0	1.0	0.0
fwd	5p	+	60	140.0	152.0	58.0	88.0	438.0	4.0	0.0	2.0	1.0	0.0	0.0	0.0	1.0	1.0	0.0	0.0	0.00.0	0.0	0.0	0.0	0.0	0.0	0.0	0.0	0.0
fwd	5p	+	61	120.0	104.0	61.0	105.0	390.0	4.0	1.0	1.0	0.0	2.0	0.0	0.0	1.0	0.0	0.0	0.0	0.00.0	0.0	0.0	0.0	0.0	0.0	1.0	0.0	0.0
fwd	5p	+	62	92.0	102.0	84.0	74.0	352.0	4.0	1.0	0.0	0.0	0.0	1.0	1.0	0.0	0.0	0.0	0.0	1.00.0	0.0	0.0	0.0	0.0	0.0	0.0	1.0	0.0
fwd	5p	+	63	93.0	117.0	60.0	63.0	333.0	4.0	1.0	0.0	3.0	0.0	0.0	0.0	1.0	0.0	0.0	0.0	0.00.0	0.0	0.0	0.0	0.0	0.0	0.0	0.0	0.0
fwd	5p	+	64	81.0	106.0	54.0	70.0	311.0	2.0	3.0	0.0	0.0	0.0	1.0	0.0	1.0	0.0	1.0	0.0	0.00.0	0.0	0.0	0.0	0.0	0.0	0.0	0.0	0.0
fwd	5p	+	65	75.0	98.0	44.0	66.0	283.0	0.0	3.0	1.0	2.0	1.0	0.0	0.0	2.0	0.0	0.0	0.0	0.00.0	0.0	0.0	0.0	0.0	0.0	0.0	0.0	0.0
fwd	5p	+	66	59.0	83.0	57.0	62.0	261.0	1.0	0.0	1.0	0.0	0.0	0.0	0.0	0.0	0.0	1.0	1.0	0.00.0	0.0	0.0	0.0	0.0	0.0	0.0	0.0	0.0
fwd	5p	+	67	70.0	83.0	40.0	46.0	239.0	1.0	0.0	0.0	3.0	0.0	0.0	0.0	0.0	0.0	0.0	1.0	1.00.0	0.0	0.0	0.0	0.0	0.0	0.0	0.0	0.0
fwd	5p	+	68	72.0	72.0	33.0	46.0	223.0	0.0	1.0	0.0	0.0	0.0	0.0	1.0	1.0	0.0	0.0	0.0	0.00.0	0.0	0.0	0.0	0.0	0.0	0.0	0.0	0.0
fwd	5p	+	69	61.0	60.0	43.0	44.0	208.0	2.0	0.0	0.0	1.0	0.0	0.0	0.0	0.0	0.0	0.0	0.0	0.00.0	0.0	0.0	0.0	1.0	0.0	0.0	0.0	0.0
fwd	5p	+	70	55.0	60.0	37.0	37.0	189.0	3.0	1.0	0.0	2.0	0.0	0.0	0.0	0.0	0.0	0.0	0.0	0.00.0	0.0	0.0	0.0	0.0	0.0	1.0	0.0	0.0
fwd	5p	+	71	43.0	49.0	31.0	49.0	172.0	0.0	0.0	0.0	0.0	0.0	0.0	0.0	0.0	0.0	0.0	0.0	0.00.0	0.0	0.0	0.0	0.0	0.0	0.0	0.0	0.0
fwd	5p	+	72	46.0	46.0	30.0	33.0	155.0	0.0	1.0	0.0	0.0	0.0	0.0	0.0	0.0	0.0	0.0	0.0	1.00.0	0.0	0.0	0.0	0.0	0.0	0.0	0.0	0.0
fwd	5p	+	73	49.0	26.0	24.0	37.0	136.0	0.0	0.0	0.0	0.0	0.0	0.0	0.0	0.0	0.0	0.0	0.0	0.00.0	0.0	0.0	0.0	0.0	0.0	0.0	0.0	0.0
fwd	5p	+	74	43.0	50.0	12.0	22.0	127.0	0.0	0.0	1.0	0.0	0.0	0.0	0.0	0.0	0.0	1.0	0.0	0.00.0	0.0	0.0	0.0	0.0	0.0	0.0	0.0	0.0
fwd	5p	+	75	38.0	40.0	16.0	25.0	119.0	0.0	0.0	0.0	0.0	0.0	1.0	0.0	0.0	0.0	0.0	0.0	0.00.0	0.0	0.0	0.0	0.0	0.0	0.0	0.0	0.0
fwd	5p	+	76	36.0	25.0	19.0	29.0	109.0	0.0	0.0	0.0	0.0	0.0	0.0	0.0	1.0	0.0	0.0	0.0	0.00.0	0.0	0.0	0.0	0.0	0.0	0.0	0.0	0.0
fwd	5p	+	77	30.0	27.0	22.0	16.0	95.0	0.0	0.0	0.0	0.0	0.0	0.0	0.0	0.0	0.0	0.0	0.0	0.00.0	0.0	0.0	0.0	0.0	0.0	0.0	0.0	0.0
fwd	5p	+	78	27.0	34.0	19.0	8.0	88.0	0.0	0.0	1.0	0.0	0.0	0.0	0.0	0.0	0.0	0.0	0.0	0.00.0	0.0	0.0	0.0	0.0	0.0	0.0	0.0	0.0
fwd	5p	+	79	22.0	26.0	13.0	17.0	78.0	1.0	0.0	0.0	0.0	2.0	0.0	0.0	0.0	0.0	0.0	0.0	0.00.0	0.0	0.0	0.0	0.0	0.0	0.0	0.0	0.0
fwd	5p	+	80	21.0	14.0	20.0	19.0	74.0	2.0	0.0	0.0	0.0	0.0	0.0	0.0	0.0	0.0	0.0	1.0	1.00.0	0.0	0.0	0.0	0.0	0.0	0.0	0.0	0.0
fwd	5p	+	81	25.0	29.0	12.0	6.0	72.0	1.0	0.0	0.0	0.0	0.0	0.0	0.0	0.0	0.0	0.0	1.0	1.00.0	0.0	0.0	0.0	0.0	0.0	0.0	0.0	0.0
fwd	5p	+	82	18.0	20.0	18.0	8.0	64.0	0.0	0.0	0.0	0.0	0.0	0.0	0.0	0.0	0.0	0.0	0.0	0.00.0	0.0	0.0	0.0	0.0	0.0	0.0	0.0	0.0
fwd	5p	+	83	18.0	16.0	13.0	12.0	59.0	0.0	0.0	0.0	0.0	0.0	0.0	1.0	0.0	0.0	0.0	0.0	0.00.0	0.0	0.0	0.0	0.0	0.0	0.0	0.0	0.0
fwd	5p	+	84	18.0	16.0	8.0	12.0	54.0	1.0	0.0	0.0	0.0	0.0	0.0	0.0	0.0	0.0	0.0	0.0	0.00.0	0.0	0.0	0.0	0.0	0.0	0.0	0.0	0.0
fwd	5p	+	85	13.0	17.0	9.0	11.0	50.0	0.0	0.0	0.0	0.0	0.0	0.0	0.0	0.0	0.0	0.0	0.0	0.00.0	0.0	0.0	0.0	0.0	0.0	0.0	0.0	0.0
fwd	5p	+	86	13.0	14.0	13.0	6.0	46.0	2.0	0.0	0.0	0.0	0.0	0.0	0.0	0.0	0.0	0.0	0.0	0.00.0	0.0	0.0	0.0	0.0	0.0	0.0	0.0	0.0
fwd	5p	+	87	13.0	13.0	4.0	8.0	38.0	0.0	0.0	0.0	1.0	0.0	0.0	0.0	0.0	0.0	0.0	0.0	0.00.0	0.0	0.0	0.0	0.0	0.0	0.0	0.0	0.0
fwd	5p	+	88	10.0	17.0	3.0	5.0	35.0	0.0	0.0	0.0	0.0	0.0	0.0	0.0	0.0	0.0	0.0	0.0	0.00.0	0.0	0.0	0.0	0.0	0.0	0.0	0.0	0.0
fwd	5p	+	89	10.0	7.0	2.0	13.0	32.0	0.0	0.0	0.0	0.0	0.0	0.0	0.0	0.0	0.0	0.0	0.0	0.00.0	0.0	0.0	0.0	0.0	0.0	0.0	0.0	0.0
fwd	5p	+	90	9.0	5.0	10.0	6.0	30.0	0.0	0.0	0.0	1.0	0.0	0.0	0.0	0.0	0.0	0.0	0.0	0.00.0	0.0	0.0	0.0	0.0	0.0	0.0	0.0	0.0
fwd	5p	+	91	10.0	9.0	5.0	4.0	28.0	1.0	0.0	0.0	0.0	0.0	0.0	0.0	0.0	0.0	0.0	1.0	0.00.0	0.0	0.0	0.0	0.0	0.0	1.0	0.0	0.0
fwd	5p	+	92	10.0	9.0	1.0	7.0	27.0	0.0	0.0	0.0	0.0	0.0	2.0	0.0	0.0	0.0	0.0	0.0	0.00.0	0.0	0.0	0.0	0.0	0.0	0.0	0.0	0.0
fwd	5p	+	93	7.0	6.0	5.0	9.0	27.0	1.0	0.0	0.0	0.0	0.0	0.0	0.0	0.0	0.0	1.0	0.0	0.00.0	0.0	0.0	0.0	0.0	0.0	0.0	0.0	0.0
fwd	5p	+	94	7.0	11.0	6.0	2.0	26.0	1.0	0.0	0.0	0.0	0.0	0.0	0.0	0.0	0.0	0.0	0.0	0.00.0	0.0	0.0	0.0	0.0	0.0	0.0	0.0	0.0
fwd	5p	+	95	7.0	4.0	4.0	10.0	25.0	1.0	0.0	0.0	0.0	0.0	0.0	0.0	0.0	0.0	0.0	0.0	1.00.0	0.0	0.0	0.0	0.0	0.0	0.0	0.0	0.0
fwd	5p	+	96	9.0	4.0	3.0	6.0	22.0	1.0	0.0	0.0	0.0	0.0	0.0	0.0	0.0	0.0	0.0	0.0	0.00.0	0.0	0.0	0.0	0.0	0.0	0.0	0.0	0.0
fwd	5p	+	97	11.0	6.0	2.0	2.0	21.0	0.0	0.0	0.0	0.0	0.0	0.0	0.0	0.0	0.0	0.0	0.0	0.00.0	0.0	0.0	0.0	0.0	0.0	0.0	0.0	0.0
fwd	5p	+	98	6.0	5.0	7.0	2.0	20.0	0.0	0.0	0.0	0.0	0.0	0.0	0.0	0.0	0.0	0.0	0.0	0.00.0	0.0	0.0	0.0	0.0	0.0	0.0	0.0	0.0
fwd	5p	+	99	4.0	8.0	1.0	5.0	18.0	0.0	0.0	0.0	0.0	0.0	0.0	0.0	1.0	0.0	0.0	0.0	0.00.0	0.0	0.0	0.0	0.0	0.0	0.0	0.0	0.0
fwd	5p	+	100	4.0	5.0	2.0	6.0	17.0	0.0	0.0	1.0	0.0	0.0	0.0	0.0	0.0	0.0	1.0	0.0	0.00.0	0.0	0.0	0.0	0.0	0.0	0.0	0.0	0.0
rev	5p	-	1	846.0	947.0	1433.0	1562.0	4788.0	1.0	149.0	2.0	7.0	3.0	4.0	2.0	1.0	4.0	1.0	11.0	16.00.0	0.0	0.0	0.0	0.0	0.0	0.0	0.0	0.0
rev	5p	-	2	850.0	709.0	1558.0	1671.0	4788.0	4.0	46.0	3.0	9.0	1.0	2.0	1.0	1.0	2.0	0.0	0.0	10.00.0	0.0	0.0	0.0	0.0	0.0	0.0	0.0	0.0
rev	5p	-	3	913.0	787.0	1670.0	1418.0	4788.0	4.0	33.0	3.0	8.0	0.0	1.0	1.0	1.0	3.0	0.0	1.0	6.00.0	0.0	0.0	0.0	0.0	0.0	0.0	0.0	0.0
rev	5p	-	4	975.0	884.0	1611.0	1318.0	4788.0	1.0	28.0	1.0	11.0	0.0	0.0	0.0	3.0	0.0	0.0	0.0	4.00.0	0.0	0.0	0.0	0.0	0.0	0.0	0.0	0.0
rev	5p	-	5	955.0	841.0	1801.0	1191.0	4788.0	4.0	28.0	0.0	3.0	0.0	0.0	0.0	3.0	0.0	0.0	0.0	6.00.0	0.0	0.0	0.0	0.0	0.0	0.0	0.0	0.0
rev	5p	-	6	1058.0	809.0	1690.0	1230.0	4787.0	4.0	19.0	2.0	3.0	0.0	0.0	0.0	1.0	0.0	0.0	0.0	7.00.0	0.0	0.0	0.0	0.0	0.0	1.0	0.0	0.0
rev	5p	-	7	939.0	978.0	1683.0	1187.0	4787.0	7.0	18.0	0.0	10.0	0.0	0.0	1.0	2.0	0.0	0.0	0.0	6.00.0	0.0	0.0	0.0	0.0	0.0	0.0	1.0	0.0
rev	5p	-	8	1014.0	852.0	1709.0	1212.0	4787.0	7.0	16.0	3.0	6.0	0.0	0.0	0.0	1.0	0.0	0.0	1.0	5.00.0	0.0	0.0	0.0	1.0	0.0	0.0	0.0	0.0
rev	5p	-	9	999.0	854.0	1721.0	1213.0	4787.0	5.0	4.0	4.0	4.0	0.0	0.0	0.0	3.0	0.0	0.0	2.0	6.00.0	0.0	0.0	0.0	0.0	0.0	0.0	1.0	0.0
rev	5p	-	10	977.0	997.0	1667.0	1144.0	4785.0	7.0	10.0	2.0	9.0	0.0	0.0	1.0	2.0	0.0	0.0	0.0	3.00.0	0.0	0.0	0.0	2.0	0.0	0.0	1.0	0.0
rev	5p	-	11	863.0	901.0	1771.0	1247.0	4782.0	4.0	15.0	1.0	11.0	0.0	0.0	0.0	1.0	0.0	0.0	0.0	3.00.0	0.0	0.0	0.0	2.0	0.0	0.0	3.0	0.0
rev	5p	-	12	1038.0	931.0	1680.0	1132.0	4781.0	6.0	7.0	1.0	8.0	0.0	0.0	0.0	6.0	0.0	0.0	0.0	2.00.0	0.0	0.0	0.0	2.0	0.0	0.0	5.0	0.0
rev	5p	-	13	996.0	1004.0	1616.0	1165.0	4781.0	5.0	9.0	1.0	11.0	0.0	1.0	0.0	3.0	0.0	0.0	0.0	5.00.0	0.0	0.0	0.0	0.0	0.0	0.0	7.0	0.0
rev	5p	-	14	886.0	879.0	1764.0	1254.0	4783.0	3.0	8.0	3.0	5.0	0.0	0.0	0.0	2.0	0.0	0.0	0.0	6.00.0	0.0	0.0	0.0	2.0	0.0	0.0	3.0	0.0
rev	5p	-	15	987.0	955.0	1675.0	1165.0	4782.0	1.0	7.0	2.0	5.0	0.0	0.0	0.0	2.0	0.0	0.0	0.0	5.00.0	0.0	0.0	0.0	3.0	0.0	0.0	3.0	0.0
rev	5p	-	16	888.0	926.0	1808.0	1161.0	4783.0	6.0	5.0	1.0	6.0	0.0	0.0	0.0	3.0	0.0	0.0	0.0	7.00.0	0.0	0.0	0.0	0.0	0.0	0.0	5.0	0.0
rev	5p	-	17	881.0	897.0	1783.0	1222.0	4783.0	3.0	13.0	4.0	4.0	0.0	0.0	0.0	2.0	0.0	0.0	0.0	4.00.0	0.0	0.0	0.0	1.0	0.0	0.0	3.0	0.0
rev	5p	-	18	964.0	905.0	1745.0	1167.0	4781.0	2.0	7.0	0.0	7.0	0.0	0.0	0.0	3.0	0.0	0.0	0.0	6.00.0	0.0	0.0	0.0	1.0	0.0	2.0	2.0	0.0
rev	5p	-	19	916.0	929.0	1704.0	1233.0	4782.0	5.0	10.0	3.0	11.0	0.0	0.0	0.0	3.0	0.0	0.0	0.0	5.00.0	0.0	0.0	0.0	0.0	0.0	0.0	6.0	0.0
rev	5p	-	20	934.0	845.0	1776.0	1223.0	4778.0	5.0	12.0	2.0	9.0	0.0	0.0	0.0	3.0	1.0	0.0	0.0	9.00.0	0.0	0.0	0.0	2.0	0.0	0.0	5.0	0.0
rev	5p	-	21	977.0	865.0	1754.0	1182.0	4778.0	6.0	4.0	0.0	5.0	0.0	0.0	0.0	4.0	0.0	0.0	0.0	6.00.0	0.0	0.0	0.0	0.0	0.0	0.0	7.0	0.0
rev	5p	-	22	906.0	946.0	1675.0	1252.0	4779.0	4.0	5.0	3.0	8.0	0.0	0.0	0.0	1.0	0.0	0.0	0.0	3.00.0	0.0	0.0	0.0	0.0	0.0	1.0	6.0	0.0
rev	5p	-	23	935.0	844.0	1807.0	1196.0	4782.0	8.0	4.0	1.0	10.0	0.0	0.0	0.0	2.0	0.0	1.0	0.0	4.00.0	0.0	0.0	0.0	1.0	0.0	1.0	3.0	0.0
rev	5p	-	24	1012.0	841.0	1699.0	1225.0	4777.0	15.0	7.0	5.0	2.0	0.0	0.0	0.0	1.0	1.0	0.0	0.0	5.00.0	0.0	0.0	0.0	0.0	0.0	0.0	9.0	0.0
rev	5p	-	25	984.0	924.0	1759.0	1116.0	4783.0	9.0	6.0	3.0	8.0	0.0	0.0	0.0	2.0	2.0	0.0	0.0	8.00.0	0.0	0.0	0.0	2.0	0.0	0.0	3.0	0.0
rev	5p	-	26	957.0	872.0	1747.0	1209.0	4785.0	5.0	9.0	1.0	5.0	0.0	0.0	0.0	2.0	3.0	0.0	0.0	9.00.0	0.0	0.0	0.0	0.0	0.0	0.0	1.0	0.0
rev	5p	-	27	1006.0	861.0	1734.0	1181.0	4782.0	11.0	7.0	0.0	4.0	0.0	0.0	1.0	1.0	3.0	0.0	1.0	5.00.0	0.0	0.0	0.0	1.0	0.0	1.0	4.0	0.0
rev	5p	-	28	973.0	942.0	1724.0	1141.0	4780.0	13.0	9.0	1.0	10.0	0.0	0.0	0.0	3.0	5.0	0.0	0.0	7.00.0	0.0	0.0	0.0	1.0	0.0	0.0	5.0	0.0
rev	5p	-	29	908.0	904.0	1797.0	1174.0	4783.0	12.0	4.0	1.0	7.0	0.0	0.0	0.0	7.0	5.0	0.0	0.0	7.00.0	0.0	0.0	0.0	0.0	0.0	0.0	4.0	0.0
rev	5p	-	30	1078.0	801.0	1704.0	1198.0	4781.0	29.0	3.0	5.0	7.0	0.0	0.0	0.0	5.0	2.0	0.0	0.0	4.00.0	0.0	0.0	0.0	0.0	0.0	0.0	7.0	0.0
rev	5p	-	31	1036.0	841.0	1653.0	1078.0	4608.0	41.0	0.0	2.0	14.0	0.0	1.0	0.0	2.0	3.0	1.0	1.0	11.00.0	0.0	0.0	0.0	1.0	0.0	1.0	1.0	0.0
rev	5p	-	32	914.0	771.0	1634.0	1103.0	4422.0	35.0	4.0	5.0	6.0	0.0	0.0	1.0	3.0	3.0	0.0	0.0	5.00.0	0.0	0.0	0.0	1.0	0.0	1.0	1.0	0.0
rev	5p	-	33	998.0	713.0	1524.0	961.0	4196.0	43.0	5.0	11.0	5.0	0.0	1.0	1.0	3.0	9.0	0.0	1.0	7.00.0	0.0	0.0	0.0	2.0	0.0	0.0	5.0	0.0
rev	5p	-	34	871.0	715.0	1393.0	1014.0	3993.0	34.0	2.0	8.0	6.0	0.0	2.0	1.0	1.0	7.0	1.0	0.0	7.00.0	0.0	0.0	0.0	0.0	0.0	0.0	1.0	0.0
rev	5p	-	35	794.0	601.0	1366.0	1011.0	3772.0	43.0	4.0	5.0	3.0	1.0	1.0	0.0	0.0	4.0	1.0	2.0	6.00.0	0.0	0.0	0.0	0.0	0.0	0.0	1.0	0.0
rev	5p	-	36	779.0	608.0	1317.0	820.0	3524.0	34.0	2.0	3.0	6.0	0.0	0.0	1.0	7.0	1.0	2.0	0.0	4.00.0	0.0	0.0	0.0	1.0	0.0	0.0	1.0	0.0
rev	5p	-	37	721.0	578.0	1139.0	841.0	3279.0	45.0	1.0	2.0	7.0	0.0	1.0	0.0	5.0	0.0	2.0	3.0	4.00.0	0.0	0.0	0.0	0.0	0.0	0.0	0.0	0.0
rev	5p	-	38	710.0	511.0	1048.0	780.0	3049.0	30.0	2.0	5.0	11.0	1.0	1.0	0.0	0.0	6.0	1.0	0.0	6.00.0	0.0	0.0	0.0	1.0	0.0	0.0	3.0	0.0
rev	5p	-	39	681.0	435.0	999.0	714.0	2829.0	39.0	2.0	2.0	8.0	0.0	0.0	2.0	4.0	11.0	1.0	1.0	0.00.0	0.0	0.0	0.0	0.0	0.0	3.0	0.0	0.0
rev	5p	-	40	607.0	457.0	907.0	650.0	2621.0	33.0	1.0	2.0	4.0	0.0	1.0	2.0	0.0	10.0	2.0	1.0	2.00.0	0.0	0.0	0.0	0.0	0.0	0.0	2.0	0.0
rev	5p	-	41	545.0	356.0	862.0	638.0	2401.0	25.0	1.0	1.0	10.0	0.0	0.0	2.0	1.0	8.0	1.0	0.0	2.00.0	0.0	0.0	0.0	0.0	0.0	1.0	1.0	0.0
rev	5p	-	42	551.0	336.0	782.0	538.0	2207.0	25.0	1.0	1.0	12.0	0.0	0.0	1.0	4.0	13.0	2.0	2.0	1.00.0	0.0	0.0	0.0	2.0	0.0	0.0	0.0	0.0
rev	5p	-	43	487.0	318.0	704.0	510.0	2019.0	25.0	1.0	3.0	3.0	0.0	1.0	0.0	1.0	6.0	1.0	3.0	5.00.0	0.0	0.0	0.0	0.0	0.0	0.0	1.0	0.0
rev	5p	-	44	405.0	306.0	677.0	450.0	1838.0	20.0	0.0	3.0	3.0	0.0	1.0	2.0	5.0	7.0	0.0	6.0	4.00.0	0.0	0.0	0.0	2.0	0.0	1.0	1.0	0.0
rev	5p	-	45	453.0	271.0	541.0	429.0	1694.0	20.0	3.0	2.0	4.0	0.0	0.0	2.0	0.0	3.0	0.0	1.0	0.00.0	0.0	0.0	0.0	0.0	0.0	0.0	2.0	0.0
rev	5p	-	46	361.0	231.0	553.0	400.0	1545.0	17.0	1.0	2.0	8.0	0.0	1.0	0.0	4.0	3.0	2.0	2.0	2.00.0	0.0	0.0	0.0	0.0	0.0	0.0	0.0	0.0
rev	5p	-	47	340.0	206.0	479.0	360.0	1385.0	17.0	6.0	2.0	2.0	2.0	2.0	2.0	1.0	8.0	2.0	0.0	4.00.0	0.0	0.0	0.0	0.0	0.0	0.0	0.0	0.0
rev	5p	-	48	306.0	213.0	437.0	303.0	1259.0	14.0	2.0	1.0	3.0	0.0	0.0	1.0	1.0	6.0	1.0	1.0	4.00.0	0.0	0.0	0.0	0.0	0.0	0.0	1.0	0.0
rev	5p	-	49	263.0	185.0	405.0	284.0	1137.0	15.0	0.0	0.0	0.0	0.0	0.0	0.0	2.0	0.0	0.0	1.0	1.00.0	0.0	0.0	0.0	1.0	0.0	2.0	0.0	0.0
rev	5p	-	50	270.0	149.0	362.0	251.0	1032.0	11.0	0.0	1.0	1.0	1.0	1.0	0.0	1.0	0.0	0.0	0.0	1.00.0	0.0	0.0	0.0	0.0	0.0	0.0	0.0	0.0
rev	5p	-	51	234.0	139.0	355.0	226.0	954.0	18.0	1.0	1.0	1.0	1.0	0.0	0.0	0.0	0.0	0.0	0.0	0.00.0	0.0	0.0	0.0	0.0	0.0	0.0	0.0	0.0
rev	5p	-	52	212.0	121.0	310.0	208.0	851.0	12.0	0.0	1.0	3.0	0.0	0.0	0.0	2.0	3.0	1.0	1.0	0.00.0	0.0	0.0	0.0	0.0	0.0	0.0	0.0	0.0
rev	5p	-	53	165.0	119.0	250.0	225.0	759.0	10.0	2.0	0.0	5.0	0.0	0.0	0.0	1.0	1.0	2.0	0.0	3.00.0	0.0	0.0	0.0	0.0	0.0	0.0	0.0	0.0
rev	5p	-	54	203.0	103.0	223.0	176.0	705.0	7.0	1.0	1.0	5.0	3.0	1.0	0.0	0.0	0.0	0.0	0.0	2.00.0	0.0	0.0	0.0	0.0	0.0	0.0	0.0	0.0
rev	5p	-	55	175.0	96.0	214.0	158.0	643.0	8.0	1.0	2.0	5.0	0.0	1.0	0.0	0.0	3.0	0.0	0.0	0.00.0	0.0	0.0	0.0	0.0	0.0	0.0	0.0	0.0
rev	5p	-	56	135.0	93.0	217.0	144.0	589.0	9.0	1.0	0.0	1.0	0.0	0.0	0.0	0.0	2.0	0.0	1.0	2.00.0	0.0	0.0	0.0	0.0	0.0	0.0	0.0	0.0
rev	5p	-	57	157.0	89.0	183.0	119.0	548.0	3.0	0.0	2.0	1.0	2.0	0.0	2.0	2.0	1.0	0.0	1.0	0.00.0	0.0	0.0	0.0	0.0	0.0	0.0	0.0	0.0
rev	5p	-	58	117.0	78.0	170.0	127.0	492.0	3.0	0.0	1.0	1.0	0.0	0.0	0.0	1.0	2.0	0.0	1.0	0.00.0	0.0	0.0	0.0	1.0	0.0	0.0	0.0	0.0
rev	5p	-	59	106.0	58.0	160.0	124.0	448.0	8.0	2.0	0.0	1.0	0.0	1.0	0.0	2.0	0.0	1.0	1.0	0.00.0	0.0	0.0	0.0	0.0	0.0	0.0	0.0	0.0
rev	5p	-	60	101.0	55.0	144.0	108.0	408.0	8.0	0.0	0.0	0.0	0.0	0.0	1.0	2.0	0.0	0.0	0.0	0.00.0	0.0	0.0	0.0	0.0	0.0	0.0	0.0	0.0
rev	5p	-	61	86.0	53.0	132.0	104.0	375.0	7.0	0.0	0.0	2.0	0.0	0.0	0.0	0.0	0.0	0.0	0.0	0.00.0	0.0	0.0	0.0	0.0	0.0	0.0	0.0	0.0
rev	5p	-	62	91.0	60.0	107.0	79.0	337.0	3.0	0.0	2.0	1.0	0.0	0.0	1.0	1.0	0.0	0.0	1.0	0.00.0	0.0	0.0	0.0	0.0	0.0	0.0	1.0	0.0
rev	5p	-	63	92.0	46.0	93.0	76.0	307.0	2.0	1.0	0.0	0.0	0.0	0.0	0.0	0.0	0.0	0.0	0.0	1.00.0	0.0	0.0	0.0	0.0	0.0	0.0	0.0	0.0
rev	5p	-	64	88.0	40.0	96.0	54.0	278.0	1.0	0.0	0.0	1.0	0.0	0.0	0.0	1.0	0.0	0.0	0.0	0.00.0	0.0	0.0	0.0	1.0	0.0	0.0	0.0	0.0
rev	5p	-	65	71.0	32.0	80.0	64.0	247.0	3.0	0.0	0.0	1.0	0.0	0.0	0.0	0.0	1.0	0.0	0.0	1.00.0	0.0	0.0	0.0	1.0	0.0	0.0	0.0	0.0
rev	5p	-	66	61.0	38.0	74.0	58.0	231.0	1.0	1.0	0.0	2.0	0.0	0.0	0.0	0.0	0.0	1.0	0.0	0.00.0	0.0	0.0	0.0	0.0	0.0	0.0	1.0	0.0
rev	5p	-	67	60.0	36.0	69.0	49.0	214.0	1.0	0.0	1.0	0.0	1.0	0.0	0.0	0.0	0.0	0.0	0.0	2.00.0	0.0	0.0	0.0	0.0	0.0	0.0	0.0	0.0
rev	5p	-	68	48.0	23.0	74.0	54.0	199.0	1.0	0.0	1.0	0.0	0.0	0.0	0.0	0.0	0.0	0.0	1.0	0.00.0	0.0	0.0	0.0	0.0	0.0	0.0	0.0	0.0
rev	5p	-	69	48.0	31.0	58.0	43.0	180.0	3.0	1.0	0.0	0.0	0.0	0.0	0.0	0.0	0.0	0.0	0.0	0.00.0	0.0	0.0	0.0	0.0	0.0	0.0	0.0	0.0
rev	5p	-	70	44.0	25.0	53.0	45.0	167.0	2.0	0.0	0.0	1.0	0.0	0.0	0.0	0.0	0.0	0.0	0.0	1.00.0	0.0	0.0	0.0	0.0	0.0	0.0	0.0	0.0
rev	5p	-	71	32.0	21.0	46.0	60.0	159.0	3.0	0.0	0.0	1.0	0.0	0.0	0.0	0.0	1.0	0.0	0.0	0.00.0	0.0	0.0	0.0	0.0	0.0	0.0	0.0	0.0
rev	5p	-	72	30.0	20.0	54.0	45.0	149.0	1.0	0.0	0.0	0.0	0.0	0.0	0.0	0.0	0.0	0.0	0.0	1.00.0	0.0	0.0	0.0	0.0	0.0	0.0	0.0	0.0
rev	5p	-	73	35.0	16.0	56.0	33.0	140.0	1.0	0.0	0.0	0.0	0.0	1.0	0.0	0.0	0.0	1.0	0.0	0.00.0	0.0	0.0	0.0	0.0	0.0	0.0	0.0	0.0
rev	5p	-	74	35.0	18.0	35.0	40.0	128.0	0.0	0.0	1.0	3.0	0.0	0.0	0.0	0.0	4.0	0.0	0.0	0.00.0	0.0	0.0	0.0	0.0	0.0	0.0	0.0	0.0
rev	5p	-	75	27.0	16.0	41.0	30.0	114.0	2.0	0.0	0.0	0.0	0.0	1.0	0.0	0.0	1.0	0.0	4.0	0.00.0	0.0	0.0	0.0	0.0	0.0	0.0	0.0	0.0
rev	5p	-	76	35.0	14.0	32.0	16.0	97.0	0.0	1.0	2.0	0.0	1.0	1.0	0.0	0.0	0.0	1.0	0.0	0.00.0	0.0	0.0	0.0	0.0	0.0	0.0	0.0	0.0
rev	5p	-	77	21.0	15.0	32.0	19.0	87.0	1.0	0.0	1.0	3.0	0.0	0.0	0.0	0.0	1.0	0.0	0.0	0.00.0	0.0	0.0	0.0	0.0	0.0	0.0	1.0	0.0
rev	5p	-	78	18.0	14.0	27.0	21.0	80.0	1.0	0.0	1.0	0.0	0.0	0.0	0.0	0.0	0.0	0.0	1.0	0.00.0	0.0	0.0	0.0	0.0	0.0	0.0	0.0	0.0
rev	5p	-	79	20.0	6.0	18.0	25.0	69.0	0.0	0.0	0.0	0.0	0.0	0.0	0.0	0.0	0.0	1.0	0.0	0.00.0	0.0	0.0	0.0	0.0	0.0	0.0	0.0	0.0
rev	5p	-	80	13.0	12.0	16.0	20.0	61.0	0.0	0.0	0.0	0.0	0.0	1.0	0.0	0.0	0.0	1.0	0.0	0.00.0	0.0	0.0	0.0	1.0	0.0	0.0	0.0	0.0
rev	5p	-	81	17.0	8.0	20.0	13.0	58.0	0.0	0.0	1.0	0.0	0.0	0.0	0.0	0.0	0.0	0.0	0.0	0.00.0	0.0	0.0	0.0	0.0	0.0	0.0	0.0	0.0
rev	5p	-	82	16.0	6.0	15.0	15.0	52.0	2.0	0.0	0.0	1.0	0.0	0.0	0.0	0.0	0.0	0.0	0.0	0.00.0	0.0	0.0	0.0	0.0	0.0	0.0	0.0	0.0
rev	5p	-	83	18.0	4.0	16.0	9.0	47.0	0.0	0.0	0.0	0.0	0.0	0.0	0.0	0.0	0.0	0.0	0.0	0.00.0	0.0	0.0	0.0	0.0	0.0	0.0	0.0	0.0
rev	5p	-	84	14.0	2.0	14.0	12.0	42.0	0.0	0.0	0.0	0.0	0.0	0.0	0.0	0.0	0.0	0.0	0.0	0.00.0	0.0	0.0	0.0	0.0	0.0	0.0	0.0	0.0
rev	5p	-	85	4.0	7.0	14.0	9.0	34.0	1.0	0.0	0.0	0.0	0.0	0.0	0.0	0.0	0.0	0.0	0.0	0.00.0	0.0	0.0	0.0	0.0	0.0	0.0	0.0	0.0
rev	5p	-	86	5.0	5.0	12.0	10.0	32.0	0.0	0.0	0.0	0.0	0.0	0.0	0.0	0.0	0.0	0.0	0.0	0.00.0	0.0	0.0	0.0	0.0	0.0	0.0	0.0	0.0
rev	5p	-	87	8.0	3.0	10.0	10.0	31.0	0.0	0.0	0.0	0.0	0.0	0.0	0.0	0.0	0.0	0.0	0.0	0.00.0	0.0	0.0	0.0	0.0	0.0	0.0	0.0	0.0
rev	5p	-	88	11.0	4.0	8.0	6.0	29.0	0.0	0.0	0.0	0.0	0.0	0.0	0.0	0.0	0.0	0.0	0.0	0.00.0	0.0	0.0	0.0	0.0	0.0	0.0	0.0	0.0
rev	5p	-	89	7.0	2.0	11.0	7.0	27.0	1.0	0.0	0.0	0.0	0.0	0.0	0.0	0.0	0.0	0.0	0.0	0.00.0	0.0	0.0	0.0	0.0	0.0	0.0	0.0	0.0
rev	5p	-	90	6.0	4.0	12.0	3.0	25.0	0.0	0.0	0.0	0.0	0.0	0.0	0.0	0.0	0.0	0.0	0.0	0.00.0	0.0	0.0	0.0	0.0	0.0	0.0	0.0	0.0
rev	5p	-	91	13.0	1.0	4.0	7.0	25.0	0.0	0.0	0.0	0.0	0.0	0.0	0.0	0.0	0.0	0.0	0.0	0.00.0	0.0	0.0	0.0	0.0	0.0	0.0	0.0	0.0
rev	5p	-	92	14.0	0.0	6.0	4.0	24.0	1.0	0.0	0.0	0.0	0.0	0.0	0.0	0.0	0.0	0.0	0.0	0.00.0	0.0	0.0	0.0	0.0	0.0	0.0	0.0	0.0
rev	5p	-	93	5.0	3.0	10.0	6.0	24.0	0.0	0.0	0.0	0.0	0.0	0.0	0.0	0.0	0.0	0.0	0.0	0.00.0	0.0	0.0	0.0	0.0	0.0	0.0	0.0	0.0
rev	5p	-	94	7.0	1.0	7.0	8.0	23.0	1.0	0.0	0.0	1.0	0.0	0.0	0.0	0.0	0.0	0.0	0.0	0.00.0	0.0	0.0	0.0	0.0	0.0	0.0	0.0	0.0
rev	5p	-	95	4.0	4.0	7.0	6.0	21.0	0.0	0.0	0.0	0.0	0.0	0.0	0.0	0.0	0.0	0.0	0.0	0.00.0	0.0	0.0	0.0	0.0	0.0	0.0	0.0	0.0
rev	5p	-	96	7.0	3.0	4.0	7.0	21.0	0.0	0.0	0.0	0.0	0.0	0.0	0.0	0.0	0.0	0.0	0.0	0.00.0	0.0	0.0	0.0	0.0	0.0	0.0	0.0	0.0
rev	5p	-	97	8.0	0.0	4.0	9.0	21.0	0.0	0.0	0.0	0.0	0.0	0.0	0.0	0.0	0.0	0.0	0.0	0.00.0	0.0	0.0	0.0	0.0	0.0	0.0	0.0	0.0
rev	5p	-	98	1.0	0.0	9.0	10.0	20.0	0.0	0.0	0.0	0.0	0.0	0.0	0.0	0.0	0.0	0.0	0.0	0.00.0	0.0	0.0	0.0	0.0	0.0	0.0	0.0	0.0
rev	5p	-	99	3.0	2.0	6.0	8.0	19.0	0.0	0.0	0.0	0.0	0.0	0.0	0.0	0.0	0.0	1.0	0.0	0.00.0	0.0	0.0	0.0	0.0	0.0	0.0	0.0	0.0
rev	5p	-	100	5.0	4.0	6.0	4.0	19.0	0.0	0.0	0.0	0.0	0.0	0.0	0.0	0.0	1.0	0.0	0.0	0.00.0	0.0	0.0	0.0	0.0	0.0	0.0	0.0	0.0
