BISCUITqc Depth Distribution - All Bases
depth	count
0	950104392
1	883603263
2	629392610
3	351007217
4	166399299
5	70232376
6	27353684
7	10278238
8	3999060
9	1774689
10	973299
11	642998
12	480141
13	377531
14	308762
15	255000
16	213877
17	178285
18	154007
19	132436
20	116701
21	104460
22	91628
23	81526
24	73516
25	66292
26	60390
27	54589
28	49174
29	44925
30	40954
31	37875
32	35869
33	33328
34	30972
35	28433
36	27642
37	25952
38	24341
39	23034
40	22236
41	20644
42	19716
43	19204
44	17857
45	16888
46	16244
47	15597
48	15313
49	14609
50	13992
51	13212
52	12536
53	12412
54	11844
55	11282
56	11110
57	10780
58	10468
59	10260
60	10032
61	9633
62	9315
63	9164
64	8703
65	8509
66	8134
67	7876
68	7783
69	7552
70	7452
71	7233
72	6956
73	6766
74	6834
75	6439
76	6423
77	6189
78	5917
79	5950
80	5699
81	5579
82	5386
83	5223
84	4924
85	4827
86	4891
87	4722
88	4601
89	4512
90	4466
91	4188
92	4042
93	4034
94	3799
95	3771
96	3828
97	3762
98	3734
99	3789
100	3708
101	3606
102	3684
103	3413
104	3519
105	3256
106	3294
107	3288
108	3248
109	3186
110	2980
111	3098
112	2954
113	2887
114	2880
115	2804
116	2686
117	2836
118	2785
119	2770
120	2848
121	2632
122	2733
123	2658
124	2694
125	2556
126	2548
127	2466
128	2383
129	2391
130	2346
131	2427
132	2233
133	2302
134	2207
135	2173
136	2220
137	2140
138	2178
139	2051
140	2025
141	2031
142	2046
143	1882
144	2050
145	2033
146	2070
147	1907
148	1966
149	1864
150	1862
151	1819
152	1828
153	1891
154	1908
155	1793
156	1783
157	1804
158	1800
159	1677
160	1775
161	1757
162	1748
163	1758
164	1769
165	1731
166	1709
167	1672
168	1619
169	1667
170	1684
171	1620
172	1542
173	1548
174	1517
175	1638
176	1599
177	1553
178	1541
179	1547
180	1536
181	1600
182	1489
183	1543
184	1555
185	1541
186	1567
187	1558
188	1532
189	1433
190	1463
191	1547
192	1382
193	1420
194	1463
195	1432
196	1386
197	1345
198	1305
199	1350
200	1381
201	1407
202	1299
203	1295
204	1358
205	1416
206	1358
207	1314
208	1361
209	1328
210	1340
211	1305
212	1371
213	1326
214	1314
215	1371
216	1361
217	1349
218	1368
219	1321
220	1232
221	1259
222	1309
223	1207
224	1280
225	1252
226	1288
227	1240
228	1258
229	1339
230	1236
231	1348
232	1298
233	1238
234	1223
235	1252
236	1175
237	1236
238	1251
239	1220
240	1192
241	1124
242	1175
243	1107
244	1136
245	1135
246	1055
247	1031
248	1110
249	1051
250	1067
251	1002
252	1011
253	1051
254	1024
255	953
256	1004
257	1003
258	976
259	891
260	969
261	929
262	925
263	894
264	971
265	941
266	907
267	938
268	913
269	895
270	867
271	925
272	842
273	822
274	873
275	796
276	851
277	858
278	864
279	832
280	816
281	846
282	865
283	811
284	884
285	813
286	808
287	867
288	795
289	799
290	834
291	828
292	805
293	757
294	781
295	723
296	763
297	705
298	720
299	689
300	728
301	706
302	688
303	679
304	703
305	679
306	667
307	668
308	705
309	703
310	639
311	661
312	667
313	682
314	662
315	714
316	616
317	672
318	646
319	666
320	693
321	628
322	592
323	582
324	607
325	620
326	597
327	565
328	547
329	572
330	554
331	520
332	589
333	561
334	571
335	566
336	575
337	496
338	552
339	580
340	485
341	544
342	549
343	507
344	473
345	464
346	507
347	450
348	466
349	478
350	452
351	465
352	468
353	436
354	431
355	371
356	394
357	422
358	411
359	456
360	428
361	406
362	385
363	337
364	388
365	414
366	406
367	402
368	355
369	351
370	399
371	385
372	374
373	355
374	368
375	344
376	353
377	381
378	363
379	363
380	313
381	359
382	327
383	300
384	328
385	329
386	332
387	314
388	336
389	299
390	307
391	311
392	314
393	295
394	299
395	290
396	327
397	295
398	286
399	270
400	261
401	294
402	301
403	300
404	252
405	298
406	274
407	273
408	282
409	288
410	318
411	282
412	298
413	295
414	292
415	281
416	236
417	318
418	296
419	290
420	249
421	281
422	262
423	294
424	263
425	302
426	289
427	260
428	277
429	261
430	262
431	224
432	231
433	237
434	252
435	247
436	244
437	228
438	236
439	220
440	236
441	227
442	215
443	233
444	247
445	238
446	230
447	216
448	243
449	236
450	209
451	245
452	234
453	199
454	227
455	224
456	215
457	198
458	201
459	219
460	221
461	224
462	210
463	200
464	200
465	202
466	189
467	184
468	197
469	207
470	187
471	223
472	198
473	185
474	204
475	198
476	181
477	202
478	173
479	224
480	209
481	196
482	195
483	214
484	181
485	161
486	197
487	207
488	172
489	170
490	182
491	185
492	186
493	170
494	175
495	164
496	168
497	181
498	183
499	179
500	171
501	177
502	195
503	169
504	167
505	187
506	167
507	190
508	169
509	171
510	178
511	183
512	163
513	197
514	182
515	197
516	193
517	169
518	170
519	149
520	172
521	143
522	156
523	154
524	160
525	138
526	151
527	146
528	152
529	138
530	143
531	138
532	152
533	152
534	142
535	161
536	157
537	131
538	126
539	134
540	128
541	142
542	136
543	139
544	135
545	139
546	163
547	155
548	153
549	126
550	123
551	112
552	144
553	124
554	154
555	144
556	156
557	134
558	122
559	132
560	130
561	125
562	132
563	163
564	120
565	128
566	126
567	111
568	136
569	110
570	116
571	126
572	117
573	116
574	117
575	121
576	125
577	117
578	120
579	116
580	116
581	130
582	123
583	125
584	116
585	122
586	105
587	110
588	113
589	116
590	114
591	121
592	107
593	127
594	125
595	90
596	132
597	125
598	127
599	109
600	90
601	99
602	112
603	129
604	108
605	100
606	123
607	117
608	122
609	110
610	115
611	131
612	102
613	109
614	100
615	106
616	108
617	107
618	97
619	117
620	105
621	104
622	101
623	90
624	124
625	118
626	122
627	116
628	101
629	120
630	91
631	122
632	94
633	122
634	98
635	92
636	124
637	116
638	92
639	101
640	116
641	96
642	108
643	103
644	115
645	91
646	129
647	96
648	113
649	109
650	92
651	100
652	92
653	112
654	91
655	104
656	116
657	85
658	93
659	85
660	99
661	97
662	93
663	81
664	84
665	76
666	89
667	84
668	89
669	79
670	87
671	81
672	78
673	91
674	75
675	69
676	84
677	92
678	77
679	92
680	82
681	102
682	96
683	84
684	86
685	85
686	87
687	77
688	85
689	97
690	76
691	90
692	81
693	101
694	84
695	78
696	82
697	96
698	68
699	87
700	72
701	99
702	87
703	87
704	93
705	99
706	91
707	75
708	78
709	92
710	72
711	72
712	94
713	94
714	89
715	84
716	93
717	91
718	93
719	79
720	85
721	88
722	89
723	81
724	102
725	101
726	89
727	84
728	68
729	77
730	77
731	82
732	88
733	74
734	106
735	73
736	88
737	82
738	85
739	88
740	84
741	78
742	81
743	88
744	90
745	88
746	85
747	64
748	81
749	77
750	75
751	87
752	91
753	84
754	65
755	90
756	80
757	82
758	76
759	73
760	66
761	88
762	95
763	77
764	63
765	72
766	73
767	68
768	73
769	79
770	77
771	80
772	86
773	79
774	60
775	70
776	69
777	72
778	74
779	76
780	76
781	77
782	71
783	77
784	79
785	83
786	83
787	74
788	75
789	78
790	81
791	83
792	91
793	82
794	61
795	75
796	69
797	77
798	71
799	65
800	69
801	79
802	78
803	71
804	87
805	79
806	66
807	65
808	73
809	65
810	84
811	67
812	71
813	77
814	66
815	76
816	60
817	79
818	69
819	73
820	70
821	66
822	79
823	71
824	72
825	69
826	78
827	55
828	70
829	50
830	62
831	65
832	68
833	54
834	67
835	69
836	64
837	59
838	52
839	69
840	66
841	61
842	70
843	59
844	56
845	59
846	56
847	68
848	62
849	61
850	53
851	61
852	65
853	62
854	70
855	54
856	54
857	50
858	65
859	49
860	68
861	58
862	55
863	50
864	55
865	58
866	57
867	58
868	58
869	64
870	44
871	44
872	60
873	53
874	38
875	50
876	49
877	61
878	55
879	65
880	67
881	62
882	48
883	55
884	56
885	60
886	55
887	57
888	43
889	53
890	59
891	56
892	48
893	58
894	63
895	54
896	60
897	65
898	60
899	54
900	65
901	61
902	65
903	50
904	57
905	67
906	64
907	73
908	48
909	53
910	47
911	45
912	64
913	44
914	62
915	55
916	50
917	50
918	53
919	63
920	69
921	51
922	54
923	49
924	51
925	60
926	63
927	60
928	49
929	42
930	66
931	47
932	47
933	50
934	56
935	53
936	61
937	49
938	54
939	52
940	62
941	50
942	56
943	65
944	51
945	56
946	43
947	49
948	47
949	43
950	50
951	45
952	43
953	60
954	54
955	59
956	65
957	48
958	60
959	42
960	53
961	40
962	44
963	50
964	38
965	42
966	36
967	43
968	48
969	45
970	47
971	43
972	36
973	37
974	45
975	51
976	51
977	53
978	43
979	60
980	50
981	49
982	48
983	47
984	42
985	46
986	43
987	42
988	44
989	44
990	47
991	42
992	53
993	52
994	48
995	70
996	42
997	51
998	50
999	44
1000	55
1001	58
1002	50
1003	45
1004	48
1005	35
1006	47
1007	53
1008	47
1009	50
1010	43
1011	53
1012	44
1013	46
1014	45
1015	44
1016	41
1017	45
1018	57
1019	30
1020	59
1021	50
1022	45
1023	40
1024	42
1025	57
1026	52
1027	40
1028	41
1029	35
1030	62
1031	58
1032	43
1033	47
1034	46
1035	55
1036	40
1037	55
1038	49
1039	45
1040	48
1041	38
1042	53
1043	47
1044	50
1045	52
1046	42
1047	47
1048	45
1049	60
1050	54
1051	42
1052	48
1053	41
1054	44
1055	52
1056	40
1057	56
1058	51
1059	32
1060	52
1061	44
1062	39
1063	51
1064	52
1065	40
1066	36
1067	47
1068	37
1069	38
1070	48
1071	52
1072	42
1073	50
1074	41
1075	45
1076	55
1077	49
1078	72
1079	53
1080	56
1081	51
1082	51
1083	40
1084	35
1085	47
1086	62
1087	59
1088	43
1089	50
1090	33
1091	44
1092	35
1093	40
1094	38
1095	48
1096	46
1097	55
1098	51
1099	37
1100	37
1101	40
1102	32
1103	45
1104	43
1105	34
1106	42
1107	41
1108	38
1109	39
1110	40
1111	31
1112	38
1113	37
1114	45
1115	47
1116	56
1117	33
1118	42
1119	43
1120	52
1121	43
1122	38
1123	42
1124	41
1125	60
1126	44
1127	36
1128	48
1129	55
1130	49
1131	47
1132	51
1133	43
1134	48
1135	35
1136	59
1137	53
1138	41
1139	39
1140	50
1141	47
1142	43
1143	49
1144	37
1145	39
1146	46
1147	40
1148	40
1149	35
1150	47
1151	49
1152	47
1153	45
1154	39
1155	42
1156	39
1157	45
1158	48
1159	43
1160	37
1161	42
1162	43
1163	43
1164	51
1165	42
1166	33
1167	36
1168	43
1169	38
1170	33
1171	40
1172	31
1173	36
1174	32
1175	32
1176	41
1177	38
1178	36
1179	36
1180	36
1181	42
1182	49
1183	35
1184	42
1185	30
1186	26
1187	34
1188	39
1189	44
1190	43
1191	45
1192	33
1193	35
1194	26
1195	41
1196	38
1197	38
1198	39
1199	35
1200	37
1201	26
1202	27
1203	27
1204	29
1205	38
1206	44
1207	36
1208	33
1209	35
1210	43
1211	38
1212	34
1213	48
1214	25
1215	60
1216	38
1217	46
1218	40
1219	44
1220	40
1221	31
1222	36
1223	31
1224	31
1225	35
1226	38
1227	29
1228	30
1229	28
1230	34
1231	24
1232	38
1233	30
1234	32
1235	33
1236	29
1237	40
1238	28
1239	30
1240	34
1241	32
1242	36
1243	31
1244	32
1245	27
1246	26
1247	33
1248	35
1249	25
1250	42
1251	36
1252	30
1253	37
1254	32
1255	32
1256	41
1257	28
1258	35
1259	29
1260	33
1261	29
1262	35
1263	29
1264	22
1265	47
1266	36
1267	27
1268	31
1269	31
1270	31
1271	35
1272	29
1273	27
1274	31
1275	35
1276	34
1277	31
1278	26
1279	31
1280	30
1281	34
1282	28
1283	28
1284	34
1285	28
1286	33
1287	37
1288	36
1289	34
1290	25
1291	35
1292	41
1293	26
1294	40
1295	27
1296	38
1297	33
1298	34
1299	39
1300	30
1301	28
1302	25
1303	32
1304	33
1305	30
1306	28
1307	27
1308	29
1309	22
1310	20
1311	33
1312	23
1313	36
1314	29
1315	28
1316	32
1317	41
1318	28
1319	20
1320	31
1321	27
1322	29
1323	31
1324	25
1325	47
1326	34
1327	32
1328	31
1329	44
1330	31
1331	37
1332	49
1333	33
1334	32
1335	27
1336	36
1337	26
1338	32
1339	26
1340	38
1341	34
1342	38
1343	29
1344	27
1345	24
1346	28
1347	39
1348	47
1349	35
1350	34
1351	25
1352	21
1353	31
1354	19
1355	25
1356	20
1357	25
1358	26
1359	54
1360	30
1361	28
1362	32
1363	25
1364	25
1365	28
1366	32
1367	21
1368	29
1369	26
1370	31
1371	22
1372	22
1373	21
1374	28
1375	25
1376	22
1377	28
1378	16
1379	23
1380	23
1381	23
1382	16
1383	21
1384	26
1385	21
1386	25
1387	29
1388	25
1389	23
1390	15
1391	24
1392	33
1393	25
1394	34
1395	27
1396	19
1397	27
1398	24
1399	26
1400	31
1401	23
1402	20
1403	20
1404	26
1405	26
1406	13
1407	31
1408	23
1409	27
1410	26
1411	23
1412	26
1413	29
1414	18
1415	22
1416	18
1417	23
1418	18
1419	19
1420	29
1421	25
1422	23
1423	24
1424	23
1425	20
1426	21
1427	16
1428	22
1429	31
1430	23
1431	26
1432	22
1433	19
1434	27
1435	17
1436	26
1437	18
1438	25
1439	29
1440	35
1441	19
1442	28
1443	21
1444	24
1445	23
1446	29
1447	21
1448	29
1449	18
1450	22
1451	27
1452	26
1453	20
1454	26
1455	23
1456	15
1457	19
1458	31
1459	16
1460	15
1461	21
1462	25
1463	12
1464	18
1465	14
1466	23
1467	16
1468	18
1469	21
1470	13
1471	20
1472	14
1473	17
1474	16
1475	19
1476	15
1477	20
1478	14
1479	15
1480	22
1481	24
1482	23
1483	19
1484	19
1485	31
1486	14
1487	18
1488	22
1489	24
1490	25
1491	26
1492	24
1493	19
1494	21
1495	13
1496	10
1497	20
1498	25
1499	21
1500	20
1501	19
1502	16
1503	20
1504	16
1505	24
1506	12
1507	27
1508	19
1509	20
1510	17
1511	21
1512	19
1513	26
1514	15
1515	20
1516	20
1517	18
1518	22
1519	30
1520	27
1521	24
1522	24
1523	22
1524	30
1525	29
1526	20
1527	32
1528	17
1529	25
1530	18
1531	10
1532	19
1533	19
1534	12
1535	20
1536	20
1537	29
1538	25
1539	26
1540	18
1541	39
1542	25
1543	26
1544	30
1545	24
1546	21
1547	28
1548	26
1549	32
1550	21
1551	19
1552	25
1553	20
1554	11
1555	16
1556	28
1557	21
1558	32
1559	27
1560	16
1561	20
1562	20
1563	26
1564	17
1565	18
1566	23
1567	16
1568	16
1569	21
1570	17
1571	15
1572	14
1573	24
1574	19
1575	16
1576	20
1577	25
1578	9
1579	21
1580	17
1581	23
1582	24
1583	21
1584	17
1585	19
1586	16
1587	24
1588	22
1589	18
1590	24
1591	20
1592	28
1593	20
1594	15
1595	16
1596	20
1597	24
1598	25
1599	21
1600	24
1601	15
1602	22
1603	34
1604	34
1605	18
1606	18
1607	26
1608	16
1609	15
1610	19
1611	18
1612	18
1613	20
1614	13
1615	24
1616	20
1617	28
1618	20
1619	17
1620	16
1621	20
1622	24
1623	19
1624	17
1625	13
1626	18
1627	20
1628	11
1629	22
1630	20
1631	10
1632	22
1633	14
1634	16
1635	14
1636	20
1637	14
1638	24
1639	15
1640	18
1641	14
1642	10
1643	14
1644	10
1645	17
1646	19
1647	7
1648	17
1649	14
1650	20
1651	14
1652	21
1653	21
1654	15
1655	11
1656	12
1657	18
1658	12
1659	26
1660	17
1661	15
1662	15
1663	16
1664	14
1665	18
1666	14
1667	7
1668	16
1669	19
1670	18
1671	13
1672	29
1673	27
1674	17
1675	19
1676	15
1677	17
1678	16
1679	12
1680	12
1681	10
1682	22
1683	21
1684	16
1685	20
1686	17
1687	16
1688	13
1689	20
1690	18
1691	17
1692	16
1693	21
1694	19
1695	13
1696	10
1697	17
1698	16
1699	11
1700	12
1701	15
1702	16
1703	12
1704	18
1705	12
1706	28
1707	16
1708	17
1709	22
1710	10
1711	15
1712	17
1713	19
1714	15
1715	16
1716	10
1717	14
1718	8
1719	11
1720	27
1721	12
1722	21
1723	13
1724	6
1725	17
1726	17
1727	12
1728	10
1729	9
1730	14
1731	20
1732	13
1733	16
1734	16
1735	8
1736	11
1737	18
1738	17
1739	13
1740	14
1741	14
1742	12
1743	16
1744	12
1745	14
1746	15
1747	18
1748	16
1749	14
1750	14
1751	17
1752	14
1753	19
1754	11
1755	14
1756	14
1757	20
1758	15
1759	14
1760	17
1761	14
1762	17
1763	14
1764	13
1765	8
1766	16
1767	9
1768	19
1769	18
1770	24
1771	7
1772	20
1773	17
1774	18
1775	15
1776	20
1777	16
1778	11
1779	10
1780	14
1781	19
1782	12
1783	12
1784	17
1785	13
1786	12
1787	16
1788	22
1789	10
1790	12
1791	15
1792	17
1793	16
1794	14
1795	18
1796	14
1797	28
1798	22
1799	13
1800	19
1801	26
1802	16
1803	13
1804	22
1805	9
1806	12
1807	11
1808	9
1809	12
1810	17
1811	17
1812	12
1813	10
1814	18
1815	17
1816	19
1817	18
1818	10
1819	14
1820	17
1821	12
1822	19
1823	24
1824	16
1825	24
1826	10
1827	15
1828	14
1829	12
1830	12
1831	12
1832	12
1833	15
1834	14
1835	17
1836	13
1837	9
1838	7
1839	18
1840	7
1841	15
1842	18
1843	14
1844	13
1845	20
1846	17
1847	15
1848	15
1849	21
1850	11
1851	15
1852	18
1853	11
1854	9
1855	16
1856	12
1857	9
1858	10
1859	15
1860	17
1861	8
1862	12
1863	12
1864	21
1865	10
1866	13
1867	15
1868	16
1869	13
1870	15
1871	16
1872	19
1873	21
1874	7
1875	21
1876	14
1877	13
1878	14
1879	14
1880	14
1881	17
1882	15
1883	18
1884	18
1885	16
1886	15
1887	11
1888	23
1889	22
1890	12
1891	21
1892	17
1893	6
1894	16
1895	19
1896	11
1897	22
1898	8
1899	14
1900	15
1901	17
1902	10
1903	14
1904	10
1905	8
1906	13
1907	14
1908	12
1909	15
1910	11
1911	20
1912	13
1913	12
1914	10
1915	11
1916	9
1917	19
1918	13
1919	17
1920	16
1921	18
1922	14
1923	12
1924	14
1925	7
1926	11
1927	15
1928	10
1929	10
1930	14
1931	9
1932	14
1933	15
1934	8
1935	6
1936	13
1937	16
1938	13
1939	8
1940	16
1941	15
1942	12
1943	6
1944	12
1945	10
1946	16
1947	14
1948	12
1949	10
1950	6
1951	9
1952	21
1953	11
1954	14
1955	15
1956	8
1957	13
1958	7
1959	13
1960	11
1961	15
1962	16
1963	8
1964	15
1965	18
1966	19
1967	13
1968	15
1969	10
1970	15
1971	14
1972	8
1973	22
1974	11
1975	10
1976	9
1977	17
1978	11
1979	17
1980	19
1981	18
1982	17
1983	13
1984	15
1985	16
1986	13
1987	20
1988	13
1989	14
1990	15
1991	12
1992	9
1993	14
1994	11
1995	9
1996	18
1997	11
1998	14
1999	12
2000	8
2001	19
2002	4
2003	9
2004	10
2005	14
2006	18
2007	11
2008	11
2009	13
2010	15
2011	18
2012	16
2013	18
2014	25
2015	6
2016	14
2017	11
2018	14
2019	26
2020	11
2021	16
2022	14
2023	20
2024	12
2025	8
2026	10
2027	15
2028	10
2029	15
2030	12
2031	16
2032	15
2033	20
2034	8
2035	13
2036	15
2037	11
2038	7
2039	15
2040	12
2041	13
2042	24
2043	8
2044	10
2045	6
2046	11
2047	15
2048	11
2049	11
2050	15
2051	9
2052	11
2053	10
2054	8
2055	18
2056	10
2057	11
2058	9
2059	14
2060	8
2061	17
2062	11
2063	8
2064	15
2065	15
2066	18
2067	11
2068	15
2069	15
2070	11
2071	18
2072	14
2073	12
2074	11
2075	13
2076	11
2077	14
2078	14
2079	16
2080	10
2081	12
2082	13
2083	15
2084	5
2085	12
2086	12
2087	8
2088	10
2089	18
2090	17
2091	10
2092	14
2093	9
2094	7
2095	16
2096	18
2097	12
2098	12
2099	11
2100	13
2101	19
2102	12
2103	16
2104	13
2105	8
2106	12
2107	9
2108	6
2109	11
2110	9
2111	9
2112	8
2113	20
2114	7
2115	10
2116	16
2117	11
2118	18
2119	8
2120	12
2121	13
2122	9
2123	17
2124	6
2125	14
2126	12
2127	9
2128	13
2129	7
2130	14
2131	6
2132	7
2133	9
2134	7
2135	11
2136	8
2137	6
2138	9
2139	8
2140	11
2141	8
2142	7
2143	8
2144	9
2145	14
2146	9
2147	8
2148	11
2149	11
2150	5
2151	5
2152	5
2153	14
2154	16
2155	11
2156	8
2157	7
2158	8
2159	5
2160	9
2161	9
2162	13
2163	9
2164	6
2165	4
2166	8
2167	9
2168	7
2169	6
2170	13
2171	6
2172	9
2173	15
2174	9
2175	7
2176	6
2177	3
2178	11
2179	11
2180	6
2181	11
2182	4
2183	16
2184	6
2185	3
2186	9
2187	5
2188	8
2189	9
2190	10
2191	7
2192	13
2193	10
2194	8
2195	7
2196	5
2197	5
2198	8
2199	14
2200	11
2201	19
2202	9
2203	7
2204	15
2205	9
2206	11
2207	7
2208	6
2209	8
2210	10
2211	9
2212	6
2213	10
2214	12
2215	7
2216	10
2217	10
2218	8
2219	13
2220	8
2221	6
2222	14
2223	11
2224	11
2225	11
2226	15
2227	12
2228	11
2229	10
2230	11
2231	15
2232	11
2233	11
2234	17
2235	6
2236	15
2237	10
2238	3
2239	11
2240	10
2241	13
2242	5
2243	8
2244	8
2245	10
2246	6
2247	5
2248	12
2249	12
2250	10
2251	6
2252	8
2253	19
2254	9
2255	9
2256	10
2257	17
2258	6
2259	8
2260	6
2261	12
2262	8
2263	6
2264	9
2265	8
2266	10
2267	7
2268	10
2269	10
2270	13
2271	16
2272	15
2273	7
2274	6
2275	9
2276	9
2277	9
2278	10
2279	11
2280	8
2281	10
2282	9
2283	5
2284	10
2285	10
2286	12
2287	12
2288	9
2289	8
2290	8
2291	18
2292	9
2293	11
2294	11
2295	6
2296	3
2297	13
2298	7
2299	8
2300	8
2301	10
2302	8
2303	12
2304	9
2305	5
2306	10
2307	5
2308	9
2309	8
2310	14
2311	10
2312	5
2313	11
2314	9
2315	12
2316	12
2317	11
2318	9
2319	6
2320	9
2321	12
2322	9
2323	6
2324	11
2325	10
2326	4
2327	6
2328	9
2329	7
2330	13
2331	12
2332	11
2333	9
2334	9
2335	10
2336	13
2337	9
2338	10
2339	9
2340	7
2341	10
2342	9
2343	10
2344	14
2345	8
2346	9
2347	10
2348	11
2349	3
2350	4
2351	7
2352	9
2353	6
2354	5
2355	10
2356	10
2357	5
2358	10
2359	3
2360	4
2361	8
2362	11
2363	10
2364	9
2365	9
2366	4
2367	9
2368	4
2369	13
2370	9
2371	6
2372	9
2373	6
2374	1
2375	9
2376	7
2377	8
2378	4
2379	7
2380	4
2381	9
2382	13
2383	9
2384	11
2385	7
2386	11
2387	10
2388	11
2389	5
2390	14
2391	4
2392	7
2393	7
2394	9
2395	11
2396	10
2397	10
2398	5
2399	10
2400	12
2401	8
2402	9
2403	6
2404	11
2405	16
2406	5
2407	13
2408	8
2409	9
2410	12
2411	8
2412	4
2413	9
2414	6
2415	5
2416	7
2417	2
2418	4
2419	18
2420	8
2421	9
2422	6
2423	12
2424	5
2425	12
2426	12
2427	12
2428	8
2429	5
2430	6
2431	8
2432	9
2433	4
2434	7
2435	10
2436	10
2437	10
2438	8
2439	6
2440	2
2441	13
2442	4
2443	10
2444	12
2445	6
2446	7
2447	10
2448	5
2449	9
2450	3
2451	9
2452	17
2453	8
2454	5
2455	7
2456	5
2457	7
2458	5
2459	6
2460	9
2461	3
2462	11
2463	9
2464	9
2465	3
2466	5
2467	2
2468	9
2469	8
2470	6
2471	8
2472	11
2473	6
2474	9
2475	5
2476	9
2477	7
2478	8
2479	5
2480	8
2481	7
2482	2
2483	8
2484	8
2485	5
2486	12
2487	7
2488	8
2489	9
2490	15
2491	10
2492	12
2493	5
2494	8
2495	6
2496	11
2497	5
2498	6
2499	9
2500	6
2501	6
2502	8
2503	5
2504	6
2505	14
2506	5
2507	5
2508	4
2509	8
2510	8
2511	8
2512	5
2513	7
2514	10
2515	5
2516	5
2517	5
2518	4
2519	8
2520	4
2521	8
2522	8
2523	5
2524	8
2525	9
2526	8
2527	8
2528	9
2529	9
2530	8
2531	11
2532	7
2533	8
2534	4
2535	11
2536	7
2537	5
2538	7
2539	10
2540	8
2541	11
2542	5
2543	8
2544	6
2545	13
2546	7
2547	15
2548	10
2549	9
2550	9
2551	10
2552	7
2553	11
2554	9
2555	5
2556	7
2557	10
2558	5
2559	6
2560	9
2561	5
2562	11
2563	9
2564	5
2565	6
2566	11
2567	6
2568	6
2569	4
2570	4
2571	10
2572	6
2573	7
2574	4
2575	8
2576	6
2577	11
2578	9
2579	10
2580	9
2581	10
2582	10
2583	5
2584	6
2585	4
2586	6
2587	9
2588	4
2589	7
2590	2
2591	6
2592	6
2593	7
2594	2
2595	9
2596	6
2597	5
2598	7
2599	7
2600	8
2601	9
2602	6
2603	9
2604	9
2605	6
2606	4
2607	6
2608	3
2609	13
2610	5
2611	7
2612	4
2613	4
2614	8
2615	7
2616	10
2617	11
2618	6
2619	9
2620	5
2621	8
2622	6
2623	10
2624	10
2625	4
2626	12
2627	6
2628	7
2629	6
2630	12
2631	7
2632	8
2633	6
2634	11
2635	13
2636	8
2637	7
2638	5
2639	10
2640	9
2641	6
2642	7
2643	5
2644	8
2645	5
2646	9
2647	7
2648	9
2649	10
2650	2
2651	6
2652	7
2653	12
2654	11
2655	10
2656	13
2657	7
2658	12
2659	7
2660	7
2661	5
2662	6
2663	6
2664	7
2665	2
2666	8
2667	6
2668	4
2669	6
2670	6
2671	5
2672	7
2673	2
2674	6
2675	5
2676	8
2677	6
2678	10
2679	6
2680	10
2681	2
2682	3
2683	4
2684	7
2685	5
2686	3
2687	7
2688	5
2689	5
2690	10
2691	4
2692	3
2693	8
2694	4
2695	5
2696	4
2697	8
2698	7
2699	3
2700	1
2701	3
2702	4
2703	5
2704	8
2705	7
2706	4
2707	6
2708	3
2709	6
2710	2
2711	5
2712	2
2713	4
2714	3
2715	8
2716	3
2717	7
2718	5
2719	5
2720	11
2721	5
2722	4
2723	2
2724	5
2725	4
2726	6
2727	5
2728	10
2729	11
2730	3
2731	7
2732	6
2733	4
2734	10
2735	5
2736	1
2737	6
2738	4
2739	4
2740	2
2741	4
2742	6
2743	4
2744	3
2745	5
2746	5
2747	8
2748	8
2749	7
2750	7
2751	3
2752	5
2753	5
2754	3
2755	10
2756	4
2757	5
2758	2
2759	5
2760	3
2761	6
2762	2
2763	3
2764	9
2765	4
2766	5
2767	3
2768	4
2769	4
2770	4
2771	5
2772	9
2773	3
2774	10
2775	11
2776	1
2777	6
2778	11
2779	3
2780	7
2781	2
2782	5
2783	3
2784	5
2785	3
2786	3
2787	7
2788	6
2789	4
2790	6
2791	5
2792	6
2793	7
2794	3
2795	3
2797	4
2798	2
2799	5
2800	11
2801	4
2802	4
2803	5
2804	6
2805	2
2806	5
2807	3
2808	4
2809	4
2810	3
2811	2
2812	6
2813	4
2814	4
2815	4
2816	4
2817	4
2818	6
2819	4
2820	2
2821	3
2822	4
2823	7
2824	5
2825	3
2826	6
2827	6
2828	7
2829	5
2830	5
2831	2
2832	4
2833	5
2834	3
2835	4
2836	4
2837	2
2838	5
2839	3
2840	3
2841	4
2842	5
2843	2
2844	3
2845	9
2846	5
2847	4
2848	3
2849	6
2850	12
2851	3
2852	5
2853	4
2854	3
2855	3
2856	3
2857	5
2858	4
2859	6
2860	4
2861	4
2862	4
2863	5
2864	5
2865	4
2866	4
2867	4
2868	7
2869	4
2870	5
2871	4
2872	4
2873	4
2874	1
2875	3
2876	2
2877	5
2878	2
2879	2
2880	2
2881	3
2882	9
2883	5
2884	5
2885	4
2886	5
2887	2
2888	4
2889	2
2890	5
2891	4
2892	6
2893	1
2894	2
2895	3
2896	6
2897	6
2898	9
2899	3
2900	1
2901	1
2902	3
2903	6
2904	4
2905	4
2906	3
2907	7
2908	2
2909	2
2910	3
2911	4
2912	6
2913	7
2914	5
2915	2
2916	4
2917	4
2918	4
2919	2
2920	2
2921	3
2922	3
2923	7
2924	2
2925	4
2926	4
2927	7
2928	4
2929	3
2930	2
2931	5
2932	3
2933	7
2934	11
2935	2
2936	3
2937	9
2938	4
2939	2
2940	2
2941	4
2942	6
2943	3
2944	6
2945	4
2948	3
2949	3
2950	4
2951	4
2952	2
2953	3
2954	1
2955	5
2956	6
2957	4
2958	4
2959	2
2960	4
2961	5
2962	6
2963	6
2964	3
2965	6
2966	4
2967	4
2968	6
2969	11
2970	8
2971	4
2972	1
2973	7
2974	10
2975	7
2976	6
2977	7
2978	4
2979	5
2980	6
2981	3
2982	4
2983	3
2984	4
2985	4
2986	3
2987	7
2988	7
2989	7
2990	1
2991	6
2992	6
2993	7
2994	6
2995	5
2996	7
2997	5
2998	6
2999	4
3000	6
3001	5
3002	6
3003	7
3004	2
3005	6
3006	2
3007	3
3008	8
3009	2
3010	5
3011	5
3012	3
3013	5
3014	3
3015	5
3016	5
3017	3
3018	2
3019	4
3020	6
3021	5
3022	9
3023	2
3024	5
3025	3
3026	4
3027	9
3028	2
3029	4
3030	9
3031	6
3032	8
3033	3
3034	2
3035	6
3036	4
3037	5
3038	4
3039	5
3040	3
3041	4
3042	2
3043	4
3044	3
3045	3
3046	5
3047	3
3048	3
3049	5
3050	4
3051	5
3052	2
3053	5
3054	5
3055	5
3056	1
3057	6
3058	9
3059	5
3060	6
3061	6
3062	5
3063	4
3064	4
3065	1
3066	6
3067	3
3068	1
3069	3
3070	7
3071	4
3072	3
3073	4
3074	6
3075	4
3076	4
3077	7
3078	3
3079	4
3080	6
3081	3
3082	5
3083	6
3084	5
3085	2
3086	1
3088	3
3089	6
3090	5
3091	7
3092	2
3093	6
3094	4
3095	3
3096	3
3097	3
3098	6
3099	2
3100	8
3101	4
3102	3
3103	6
3104	3
3105	7
3106	5
3107	5
3108	4
3109	3
3110	1
3111	5
3112	4
3113	3
3114	6
3115	2
3116	2
3117	4
3118	6
3119	3
3120	4
3121	1
3122	5
3123	7
3124	3
3125	7
3126	5
3127	2
3128	3
3129	3
3130	2
3131	2
3132	1
3133	2
3134	3
3135	3
3136	1
3137	2
3138	1
3139	3
3140	1
3141	4
3142	5
3143	9
3144	1
3146	2
3147	5
3148	3
3149	2
3150	3
3151	7
3152	4
3153	6
3155	2
3156	2
3157	5
3158	4
3159	6
3160	3
3161	2
3162	4
3163	5
3164	4
3165	4
3166	7
3167	4
3168	4
3169	4
3170	7
3171	2
3172	3
3173	2
3174	1
3175	2
3176	5
3177	4
3178	4
3179	6
3180	4
3181	1
3182	2
3183	2
3184	3
3185	4
3186	5
3187	2
3188	3
3189	5
3190	5
3191	1
3192	8
3193	5
3194	3
3195	6
3196	5
3197	4
3198	5
3199	4
3200	7
3201	4
3202	3
3203	5
3204	7
3205	5
3206	4
3207	3
3208	1
3209	5
3210	2
3211	2
3212	1
3213	6
3214	8
3215	3
3216	3
3217	3
3218	6
3219	5
3220	6
3221	2
3222	1
3223	5
3224	9
3225	4
3226	3
3227	7
3228	2
3229	4
3230	3
3231	4
3232	3
3233	4
3234	3
3235	3
3236	5
3237	5
3238	4
3239	3
3240	3
3241	4
3242	2
3243	2
3244	6
3245	4
3246	7
3247	4
3248	2
3249	5
3250	3
3251	4
3253	5
3254	4
3255	8
3256	5
3257	5
3258	2
3259	4
3260	5
3261	4
3262	5
3263	2
3264	5
3265	2
3266	4
3267	4
3268	3
3269	4
3270	6
3271	2
3272	3
3273	3
3274	5
3275	3
3276	3
3277	3
3278	2
3279	3
3280	8
3281	8
3282	4
3283	4
3284	3
3285	4
3286	2
3287	5
3288	3
3289	3
3290	5
3291	2
3292	4
3293	7
3294	7
3295	4
3296	5
3297	7
3298	6
3299	6
3300	4
3301	1
3302	4
3303	2
3304	4
3305	5
3306	8
3307	4
3308	8
3309	2
3310	4
3311	2
3312	3
3313	9
3314	8
3315	5
3316	8
3317	5
3318	5
3319	4
3320	8
3321	4
3322	5
3323	2
3324	3
3325	4
3326	4
3327	2
3328	5
3329	4
3330	6
3331	2
3332	5
3333	7
3334	3
3335	3
3336	3
3337	4
3338	6
3339	5
3340	2
3341	7
3342	6
3343	2
3344	1
3345	3
3346	4
3347	2
3348	3
3349	2
3350	3
3351	1
3352	3
3353	1
3354	3
3355	2
3356	1
3357	2
3358	2
3359	2
3360	5
3361	1
3362	1
3363	2
3364	1
3365	1
3366	5
3367	1
3368	4
3369	2
3370	2
3371	3
3372	1
3373	2
3374	4
3375	6
3376	2
3378	3
3379	4
3380	1
3381	1
3382	5
3384	4
3385	1
3386	3
3387	1
3388	3
3389	1
3390	1
3391	2
3392	7
3393	1
3394	3
3395	2
3396	1
3397	1
3398	1
3400	4
3401	3
3402	1
3403	2
3404	4
3405	1
3406	4
3407	5
3408	1
3409	3
3410	3
3411	2
3412	6
3413	2
3414	2
3415	1
3416	3
3418	1
3419	4
3420	1
3421	2
3422	4
3423	2
3424	5
3425	2
3426	2
3429	4
3430	2
3431	2
3432	2
3433	2
3434	2
3435	4
3436	3
3437	2
3438	2
3439	2
3440	2
3441	2
3442	5
3443	1
3444	1
3445	2
3446	4
3447	1
3448	7
3449	4
3450	1
3451	3
3452	6
3453	2
3455	4
3456	1
3457	2
3458	3
3459	2
3460	2
3461	1
3462	2
3463	1
3464	2
3465	1
3466	1
3468	2
3469	1
3470	1
3471	1
3472	5
3473	5
3474	2
3475	4
3476	1
3477	3
3478	1
3479	2
3480	1
3481	1
3482	1
3484	2
3485	1
3486	2
3487	1
3488	1
3489	2
3492	3
3493	3
3494	3
3495	2
3496	2
3497	2
3499	1
3501	3
3503	3
3504	1
3505	3
3506	2
3507	1
3508	1
3509	1
3510	6
3511	1
3512	2
3513	1
3514	1
3515	3
3516	2
3517	3
3518	3
3519	3
3520	3
3521	1
3522	2
3523	2
3526	1
3527	1
3529	1
3530	2
3531	1
3533	1
3534	2
3535	1
3536	2
3537	1
3538	3
3539	4
3542	3
3543	2
3544	2
3545	2
3547	1
3549	1
3550	2
3551	1
3552	3
3553	3
3554	2
3555	1
3557	2
3559	1
3560	3
3563	1
3564	2
3565	1
3569	2
3570	1
3571	3
3572	1
3573	2
3574	2
3575	1
3576	3
3577	4
3578	3
3579	1
3580	2
3581	2
3582	2
3583	3
3585	1
3586	1
3587	3
3588	1
3589	2
3590	1
3593	1
3594	2
3596	2
3598	1
3599	3
3600	2
3601	4
3603	2
3606	2
3607	1
3608	1
3610	1
3611	2
3612	2
3613	2
3614	3
3615	1
3617	3
3618	1
3619	1
3620	4
3621	1
3622	2
3624	2
3626	1
3627	1
3628	1
3630	4
3632	2
3633	2
3636	1
3637	1
3638	2
3640	2
3644	2
3645	1
3646	2
3647	2
3648	1
3649	1
3650	2
3651	1
3653	3
3655	2
3656	1
3658	2
3659	2
3661	6
3662	2
3663	1
3664	2
3665	4
3666	2
3668	1
3669	2
3671	1
3672	3
3673	5
3674	1
3675	1
3678	2
3679	1
3680	1
3683	4
3685	1
3686	1
3688	2
3690	2
3691	2
3692	1
3693	1
3694	2
3695	1
3696	1
3697	2
3698	1
3699	2
3700	1
3701	3
3705	1
3706	1
3708	1
3709	1
3710	1
3712	2
3713	1
3714	3
3716	1
3717	1
3721	2
3722	3
3723	1
3725	2
3726	2
3727	1
3728	1
3729	2
3731	2
3732	3
3733	1
3734	2
3735	4
3737	4
3739	1
3740	1
3741	4
3742	3
3744	1
3745	1
3746	1
3747	5
3748	3
3749	1
3750	1
3751	1
3752	1
3754	1
3757	2
3759	4
3760	2
3762	3
3763	2
3765	1
3766	1
3767	3
3768	2
3769	2
3770	2
3771	2
3772	2
3773	5
3774	1
3777	3
3778	1
3779	2
3780	4
3781	1
3782	1
3784	2
3785	1
3789	1
3790	2
3791	3
3792	2
3794	1
3795	6
3796	3
3797	2
3798	1
3799	2
3802	1
3803	2
3804	3
3805	2
3806	3
3807	7
3809	2
3810	1
3811	4
3812	1
3816	1
3817	1
3818	1
3819	1
3822	2
3824	2
3827	1
3829	1
3832	3
3833	4
3835	1
3837	2
3838	1
3839	2
3840	4
3841	2
3846	3
3847	2
3849	1
3850	1
3851	4
3855	1
3856	3
3857	1
3859	2
3861	2
3863	2
3865	2
3867	2
3868	1
3869	3
3870	2
3871	2
3876	1
3877	4
3878	1
3880	2
3881	3
3882	3
3884	1
3885	2
3886	1
3889	1
3890	1
3891	2
3892	2
3894	2
3896	3
3897	2
3898	1
3900	1
3901	2
3902	1
3903	1
3904	1
3905	2
3906	2
3907	1
3908	1
3909	2
3910	2
3911	1
3912	2
3916	2
3917	2
3919	1
3920	2
3921	1
3922	2
3923	1
3927	1
3930	3
3932	1
3933	2
3934	2
3935	1
3937	1
3938	2
3939	1
3940	3
3941	1
3942	2
3945	1
3947	3
3948	3
3949	1
3950	2
3951	4
3952	1
3953	2
3955	2
3956	3
3957	4
3958	1
3960	1
3961	1
3962	1
3964	3
3966	2
3967	5
3968	2
3970	1
3971	2
3972	3
3974	1
3975	2
3977	5
3979	1
3980	2
3981	1
3983	3
3984	1
3985	3
3986	3
3987	1
3989	1
3990	1
3992	2
3993	2
4002	2
4005	1
4006	1
4007	1
4008	1
4011	1
4013	1
4014	3
4015	3
4016	1
4017	2
4018	1
4019	1
4020	1
4021	1
4022	1
4023	2
4024	3
4026	1
4028	2
4030	2
4031	1
4033	2
4034	2
4035	1
4036	3
4037	2
4039	1
4040	3
4042	3
4043	2
4045	2
4046	2
4048	1
4050	1
4052	2
4053	2
4054	2
4055	1
4056	1
4057	2
4059	1
4062	3
4063	1
4065	1
4066	3
4068	1
4069	1
4070	3
4071	1
4073	1
4074	1
4077	1
4078	2
4081	3
4082	3
4085	2
4086	1
4088	3
4091	1
4093	1
4094	1
4096	4
4097	2
4098	1
4099	1
4100	1
4101	2
4102	1
4103	2
4105	2
4106	1
4107	2
4108	1
4109	3
4110	1
4111	4
4112	3
4113	1
4114	1
4115	1
4116	1
4117	2
4118	1
4119	2
4121	1
4123	2
4126	1
4127	2
4129	2
4130	2
4131	3
4132	1
4133	1
4135	3
4136	1
4139	4
4140	1
4141	3
4144	1
4145	6
4149	1
4150	2
4151	1
4152	1
4153	1
4154	2
4157	1
4159	1
4163	1
4164	3
4166	1
4167	3
4169	1
4171	3
4173	3
4175	2
4180	1
4183	2
4184	2
4188	1
4189	1
4191	1
4193	1
4194	1
4196	2
4197	1
4198	1
4199	1
4201	1
4202	2
4203	3
4204	1
4205	3
4206	2
4207	3
4208	1
4210	4
4213	1
4216	1
4217	1
4218	2
4220	1
4221	1
4226	1
4229	1
4230	1
4231	1
4236	2
4237	1
4239	3
4240	1
4241	1
4242	1
4243	1
4244	1
4245	1
4247	1
4248	2
4249	1
4250	1
4251	1
4252	1
4253	2
4254	3
4255	3
4256	1
4258	1
4264	1
4266	1
4267	2
4268	2
4269	1
4270	1
4271	2
4272	1
4274	2
4275	1
4276	1
4279	1
4280	1
4281	1
4282	2
4283	1
4285	1
4286	1
4287	1
4288	1
4289	1
4291	4
4292	1
4293	3
4294	1
4296	2
4297	2
4298	1
4300	1
4305	1
4306	3
4308	1
4309	1
4310	1
4311	3
4314	2
4315	1
4316	1
4318	1
4319	1
4320	2
4321	1
4322	2
4323	1
4324	1
4326	1
4328	1
4329	1
4331	2
4332	1
4337	2
4338	1
4339	1
4340	1
4343	1
4345	1
4346	2
4348	5
4349	1
4352	2
4353	2
4357	3
4358	1
4361	2
4362	3
4363	1
4364	2
4365	1
4366	1
4367	1
4368	2
4369	1
4370	2
4371	1
4372	2
4373	2
4374	2
4375	1
4376	2
4377	1
4378	2
4379	2
4380	1
4381	2
4384	1
4385	1
4388	1
4389	1
4390	1
4391	2
4392	1
4393	1
4394	3
4395	1
4398	2
4399	2
4400	3
4401	1
4404	2
4405	3
4406	2
4407	1
4408	3
4410	1
4412	1
4413	1
4414	1
4417	2
4419	1
4420	1
4422	1
4425	1
4426	2
4427	1
4428	1
4430	2
4431	2
4432	2
4435	2
4436	1
4437	1
4438	2
4439	1
4440	2
4444	2
4447	1
4448	1
4449	3
4450	2
4451	1
4452	2
4454	1
4455	1
4456	1
4457	1
4458	1
4459	4
4462	3
4463	2
4464	2
4465	2
4466	2
4468	1
4469	2
4471	4
4473	1
4474	1
4475	1
4476	1
4477	2
4478	1
4480	1
4481	2
4483	3
4484	1
4485	5
4486	2
4487	1
4488	2
4489	1
4490	2
4491	2
4492	3
4494	2
4495	1
4497	1
4499	3
4501	2
4502	1
4503	2
4505	2
4506	1
4507	2
4508	1
4509	2
4511	2
4514	1
4515	1
4516	2
4517	1
4518	1
4520	2
4521	1
4523	3
4525	1
4526	1
4529	1
4530	1
4531	2
4534	2
4535	3
4536	2
4537	1
4540	1
4541	1
4543	2
4544	2
4545	1
4546	2
4548	1
4549	1
4550	1
4551	2
4553	1
4554	1
4555	4
4557	2
4558	1
4561	3
4562	1
4563	3
4564	3
4565	1
4566	1
4567	2
4568	3
4569	3
4571	5
4572	1
4573	2
4574	2
4575	2
4577	2
4578	2
4580	2
4582	2
4583	3
4584	1
4585	1
4587	1
4588	2
4592	2
4593	1
4594	1
4595	2
4598	1
4599	2
4600	1
4601	1
4603	1
4604	2
4605	1
4606	1
4607	4
4608	6
4610	1
4611	2
4613	2
4614	1
4617	1
4618	4
4619	2
4620	1
4621	1
4622	1
4623	2
4624	1
4629	1
4630	1
4631	1
4632	2
4633	1
4634	4
4635	2
4636	2
4638	2
4639	2
4640	2
4642	2
4643	2
4644	2
4645	3
4647	1
4648	2
4649	2
4650	2
4651	1
4652	1
4653	2
4654	2
4656	2
4657	2
4659	2
4660	1
4661	4
4662	3
4665	1
4666	2
4667	2
4668	1
4669	1
4670	2
4671	1
4674	2
4675	1
4676	3
4677	1
4678	4
4679	3
4681	4
4682	1
4683	2
4685	3
4686	1
4687	2
4688	1
4691	1
4694	3
4695	1
4698	2
4699	1
4700	1
4702	1
4703	1
4706	3
4709	1
4710	3
4714	1
4715	1
4718	2
4719	2
4723	1
4724	1
4725	2
4730	1
4731	3
4732	3
4734	2
4737	1
4742	1
4744	1
4745	1
4746	2
4747	2
4749	1
4750	2
4751	1
4752	1
4754	1
4760	2
4762	1
4764	1
4765	1
4766	1
4767	2
4769	1
4770	1
4773	1
4774	1
4775	1
4780	1
4781	3
4785	1
4787	2
4788	1
4791	2
4793	1
4795	1
4796	1
4797	1
4805	1
4806	1
4809	2
4812	1
4813	1
4815	2
4817	1
4819	1
4820	1
4821	4
4822	1
4823	1
4824	3
4825	1
4830	1
4831	3
4832	1
4833	1
4834	1
4837	3
4838	2
4839	1
4840	3
4841	1
4843	1
4844	3
4845	1
4847	1
4848	2
4851	2
4852	1
4854	1
4857	1
4858	2
4860	1
4867	1
4869	1
4871	1
4873	1
4875	2
4877	2
4880	1
4881	2
4882	2
4885	2
4886	2
4891	2
4892	2
4895	2
4898	1
4899	1
4900	1
4904	1
4907	2
4909	1
4910	1
4912	1
4913	2
4915	2
4916	1
4920	3
4921	1
4922	1
4923	1
4924	1
4925	1
4926	2
4927	1
4929	2
4933	1
4934	1
4935	2
4936	2
4937	1
4938	1
4939	2
4940	1
4941	3
4942	2
4944	2
4949	1
4951	1
4952	1
4954	3
4955	1
4957	1
4962	1
4964	1
4965	1
4967	1
4969	1
4970	1
4974	2
4977	1
4978	3
4979	2
4980	1
4983	1
4984	1
4988	1
4989	1
4991	2
4992	1
4993	2
4998	1
5001	1
5003	1
5004	1
5005	1
5006	1
5007	1
5008	1
5009	1
5011	1
5012	2
5015	1
5016	1
5017	1
5020	1
5027	1
5029	1
5030	1
5032	1
5033	1
5037	2
5038	1
5041	2
5042	1
5043	1
5047	2
5051	2
5053	1
5054	1
5055	2
5059	2
5060	1
5061	2
5062	2
5067	1
5069	1
5071	1
5075	1
5077	2
5078	2
5080	1
5081	1
5086	1
5087	1
5089	1
5090	1
5091	1
5092	1
5093	1
5094	1
5100	1
5101	1
5102	1
5105	2
5106	1
5107	1
5115	1
5116	1
5118	1
5119	2
5121	1
5122	1
5128	1
5129	1
5134	2
5136	3
5141	1
5146	1
5149	1
5151	1
5152	1
5153	1
5154	2
5158	1
5163	1
5165	3
5168	1
5175	1
5178	1
5179	1
5181	1
5182	1
5183	1
5184	1
5185	1
5189	1
5190	1
5192	1
5193	1
5196	1
5198	1
5207	1
5210	1
5211	1
5216	1
5219	1
5223	1
5228	1
5229	1
5238	1
5240	1
5242	1
5251	1
5257	1
5258	2
5260	1
5261	1
5266	1
5268	2
5274	1
5279	1
5281	1
5282	1
5283	1
5296	2
5299	1
5300	1
5302	2
5305	1
5310	1
5313	1
5314	1
5315	1
5316	1
5319	1
5325	1
5327	1
5337	1
5338	2
5339	2
5340	1
5343	1
5345	2
5348	1
5350	1
5352	1
5354	1
5357	1
5358	1
5362	1
5364	1
5365	1
5368	1
5372	1
5375	1
5377	1
5384	1
5391	1
5396	2
5398	2
5401	1
5405	1
5406	1
5408	1
5410	1
5413	1
5414	1
5416	2
5418	1
5421	2
5422	1
5425	2
5426	1
5428	2
5429	2
5431	1
5434	1
5435	2
5441	1
5444	1
5445	1
5451	1
5452	2
5455	2
5459	1
5460	1
5461	1
5463	1
5468	1
5475	3
5479	2
5483	3
5484	1
5485	3
5487	1
5490	1
5499	1
5502	1
5506	1
5508	1
5509	2
5510	1
5512	1
5513	1
5517	1
5525	1
5526	1
5527	1
5529	1
5530	1
5537	1
5539	1
5540	1
5545	1
5547	1
5548	2
5552	1
5554	1
5556	3
5565	2
5566	2
5567	1
5571	1
5574	2
5575	1
5576	1
5579	1
5584	5
5587	1
5589	1
5590	2
5594	1
5598	1
5599	2
5600	2
5601	1
5603	1
5604	2
5607	1
5611	1
5614	1
5615	1
5616	1
5617	1
5619	1
5623	1
5624	3
5625	1
5627	1
5629	2
5630	1
5631	1
5632	1
5634	1
5637	1
5638	1
5642	1
5649	1
5652	1
5653	1
5658	1
5660	1
5661	1
5663	2
5665	1
5666	1
5667	2
5669	1
5671	3
5672	1
5674	1
5675	1
5676	1
5679	2
5680	1
5681	1
5682	1
5685	1
5686	1
5690	1
5695	1
5698	1
5699	1
5700	1
5702	1
5707	1
5714	1
5718	1
5720	1
5724	1
5734	2
5736	1
5741	2
5745	1
5746	2
5748	1
5750	1
5758	2
5763	1
5768	1
5769	1
5770	1
5772	1
5778	2
5782	1
5783	1
5786	1
5787	1
5792	1
5800	1
5805	1
5806	1
5811	2
5812	2
5814	1
5817	1
5818	1
5819	1
5839	1
5848	2
5850	1
5851	1
5856	1
5859	1
5861	1
5864	1
5870	1
5871	1
5874	1
5875	2
5876	3
5879	1
5886	1
5887	1
5888	1
5900	1
5903	1
5907	1
5908	1
5910	1
5913	1
5919	1
5921	1
5922	1
5926	1
5927	1
5929	1
5930	3
5931	1
5933	1
5934	2
5936	1
5937	1
5938	1
5940	1
5946	1
5949	1
5952	2
5954	1
5955	1
5958	2
5960	1
5961	2
5965	1
5970	1
5971	1
5974	1
5977	1
5981	1
5984	1
5985	1
5986	1
5989	1
5995	3
5999	1
6003	1
6004	1
6006	1
6011	1
6013	1
6018	1
6020	1
6021	1
6026	2
6028	1
6030	1
6039	1
6047	1
6060	3
6063	1
6064	1
6068	1
6070	1
6071	1
6073	1
6075	1
6080	1
6083	1
6084	1
6090	2
6096	1
6098	1
6100	1
6104	1
6107	2
6110	1
6116	1
6118	1
6119	1
6121	2
6128	1
6130	1
6131	1
6136	1
6139	1
6141	1
6142	1
6143	2
6152	1
6153	2
6154	1
6155	1
6163	2
6165	1
6169	1
6180	1
6183	1
6198	1
6204	1
6211	1
6221	1
6223	1
6226	1
6233	1
6238	1
6239	2
6241	1
6253	1
6257	2
6266	2
6269	1
6273	1
6283	1
6291	1
6293	1
6299	1
6304	1
6313	1
6315	1
6320	1
6322	1
6323	3
6326	1
6333	1
6350	1
6352	1
6354	1
6360	1
6364	1
6370	1
6382	1
6383	1
6394	1
6404	2
6406	1
6412	1
6414	1
6418	1
6421	1
6425	2
6426	1
6439	1
6440	1
6443	1
6445	1
6446	2
6451	1
6456	1
6457	1
6464	1
6481	1
6489	1
6493	1
6494	1
6505	1
6509	1
6511	1
6519	1
6525	1
6537	1
6542	1
6549	1
6550	1
6554	1
6555	1
6566	1
6567	1
6571	1
6574	1
6576	1
6579	1
6597	1
6616	1
6625	1
6627	1
6635	1
6637	1
6645	1
6652	1
6653	1
6654	1
6655	1
6658	1
6661	1
6668	1
6674	1
6675	1
6683	1
6685	1
6688	1
6689	1
6690	1
6691	1
6698	1
6700	1
6701	1
6708	1
6710	1
6711	1
6715	1
6723	1
6724	1
6727	1
6747	1
6748	1
6755	2
6757	1
6763	1
6765	1
6771	1
6772	1
6773	1
6776	1
6786	1
6802	1
6815	1
6816	1
6817	1
6819	1
6821	1
6825	1
6826	1
6832	1
6837	1
6839	1
6843	1
6851	1
6854	1
6860	1
6870	1
6871	1
6873	1
6885	1
6886	1
6889	1
6892	2
6897	1
6902	2
6919	1
6932	1
6936	1
6937	1
6938	1
6948	1
6949	1
6958	1
6972	1
6973	1
6980	1
6983	1
6985	2
6987	1
6992	1
6997	1
7003	1
7004	1
7005	1
7006	1
7011	1
7013	1
7027	1
7030	1
7031	1
7033	1
7034	1
7040	1
7043	1
7046	1
7058	3
7059	1
7060	1
7064	1
7065	1
7070	1
7071	3
7074	1
7075	2
7076	1
7078	1
7082	1
7085	1
7088	1
7089	1
7093	1
7097	1
7100	1
7101	1
7106	1
7107	1
7111	1
7115	1
7118	1
7119	1
7122	1
7127	1
7128	1
7131	1
7141	1
7144	1
7145	1
7150	1
7156	1
7157	1
7169	1
7170	2
7172	1
7177	1
7188	1
7189	1
7190	1
7192	2
7198	1
7199	1
7200	1
7201	1
7202	1
7203	1
7207	2
7210	1
7214	2
7215	1
7217	1
7218	1
7219	1
7221	1
7225	1
7226	1
7227	1
7232	1
7234	2
7235	2
7236	1
7240	1
7244	1
7245	1
7246	2
7253	1
7257	1
7258	1
7259	1
7263	1
7264	1
7285	1
7294	1
7298	1
7299	1
7307	1
7309	1
7310	1
7313	1
7314	1
7329	1
7354	1
7375	1
7379	1
7381	1
7384	1
7396	1
7403	1
7419	1
7425	1
7445	1
7453	1
7462	1
7475	1
7481	1
7504	1
7506	1
7526	1
7527	1
7534	1
7552	1
7553	1
7558	1
7560	1
7586	1
7608	1
7609	1
7613	1
7614	2
7621	1
7642	1
7645	1
7650	1
7666	1
7669	1
7673	1
7679	1
7685	2
7686	1
7693	1
7700	1
7704	1
7707	1
7730	1
7734	1
7743	1
7752	1
7753	1
7755	1
7775	1
7793	1
7859	1
7889	1
7891	1
7934	1
7961	1
7967	1
7977	1
7980	1
8001	1
8014	1
8036	1
8051	1
8060	1
8075	1
8100	1
8116	1
8150	1
8160	1
8169	1
8186	1
8190	1
8222	1
8231	1
8242	1
8243	1
8244	1
8252	1
8276	1
8306	1
8321	1
8332	1
8341	1
8345	1
8354	1
8359	2
8366	1
8376	1
8381	1
8389	1
8400	1
8421	1
8434	1
8451	1
8467	1
8479	1
8481	1
8483	2
8489	1
8491	1
8513	2
8517	1
8595	1
8598	1
8599	1
8604	1
8606	1
8609	1
8610	1
8611	1
8614	1
8617	1
8622	1
8629	1
8639	1
8647	1
8659	2
8661	1
8683	1
8685	1
8691	1
8697	1
8709	1
8713	1
8716	1
8721	1
8734	1
8739	1
8745	1
8753	1
8797	1
8823	1
8842	1
8852	1
8865	1
8908	1
8911	1
8933	1
8942	1
8960	1
8980	1
8987	1
9005	1
9008	1
9013	1
9023	1
9063	1
9075	1
9081	2
9089	1
9176	1
9224	1
9262	1
9269	1
9303	1
9348	1
9353	1
9361	1
9477	1
9478	1
9479	1
9494	1
9520	1
9543	1
9592	1
9657	1
9678	1
9689	1
9713	1
9801	1
9802	1
9819	1
9842	1
9859	1
9900	1
9907	1
9908	1
9961	1
9994	1
10007	1
10053	1
10087	1
10090	1
10098	1
10102	1
10111	1
10151	1
10165	1
10192	1
10230	1
10232	1
10260	1
10298	1
10314	1
10349	1
10356	1
10391	1
10397	1
10399	1
10408	1
10419	1
10427	1
10435	1
10465	1
10472	1
10498	1
10519	1
10533	1
10573	1
10588	1
10590	1
10595	1
10609	1
10615	1
10630	1
10670	1
10684	1
10709	1
10710	1
10720	1
10806	1
10834	1
10838	1
10841	1
10843	1
10854	1
10917	1
10941	1
10942	1
10979	1
11009	1
11041	1
11080	1
11113	1
11141	1
11155	1
11165	1
11230	1
11245	1
11263	1
11274	1
11278	1
11279	1
11298	1
11314	1
11317	1
11338	1
11343	1
11360	1
11379	1
11420	1
11446	1
11459	1
11490	1
11495	2
11518	1
11534	1
11562	1
11572	1
11595	1
11596	1
11609	1
11638	1
11659	1
11660	1
11670	1
11671	1
11704	1
11706	1
11713	1
11714	1
11732	1
11759	1
11767	1
11806	1
11808	1
11810	1
11822	1
11846	1
11863	1
11864	1
11866	1
11871	1
11875	2
11884	1
11890	1
11893	1
11911	1
11924	2
11933	1
11947	2
11992	1
11998	1
12000	1
12005	2
12012	1
12013	1
12033	1
12038	1
12039	1
12048	1
12049	1
12064	1
12079	1
12081	1
12092	2
12095	1
12121	1
12126	1
12128	1
12129	1
12144	1
12159	1
12179	1
12183	1
12229	1
12248	1
12258	1
12263	1
12274	1
12357	1
12365	1
12572	1
12597	1
12642	1
12758	1
12794	1
12968	1
13120	1
13150	1
13211	1
13277	1
13336	1
13394	1
13599	1
13613	1
13673	1
13791	1
13813	1
13955	1
14020	1
14186	1
14222	1
14235	1
14395	1
14449	1
14584	1
14586	1
14666	1
14832	1
14858	1
14922	1
14978	1
15021	1
15028	1
15162	1
15237	1
15313	1
15380	1
15458	1
15488	1
15525	1
15544	1
15570	1
15585	1
15611	1
15614	1
15667	1
15736	1
15739	1
15795	1
15824	1
15843	1
15845	1
15865	1
15869	1
15937	1
15956	1
15979	1
16008	1
16014	1
16024	1
16030	2
16056	1
16063	1
16064	1
16067	1
16134	1
16358	1
16764	1
16768	1
17221	1
17451	1
17665	1
18068	1
18095	1
18498	1
18752	1
18890	1
19267	1
19337	1
19735	1
19974	1
20286	1
20589	1
20718	1
21227	1
21383	1
21745	1
22040	1
22237	1
22654	1
22710	1
23169	1
23484	1
23532	1
24025	1
24101	1
24528	1
24786	1
24954	1
25410	1
25468	1
25765	1
26101	1
26179	1
26505	1
26736	1
26881	1
27214	1
27303	1
27532	1
27899	1
27943	1
28274	1
28413	1
28709	1
29016	1
29024	1
29382	1
29533	1
29685	1
29762	1
30271	1
30281	1
30520	1
30742	1
30872	1
31099	1
31414	1
31531	1
31745	1
32066	1
32139	1
32536	1
32633	1
32983	1
33257	1
33320	1
33765	1
33888	1
34147	1
34471	1
34626	1
34995	1
35255	1
35354	1
35726	1
35901	1
36219	1
36256	1
36678	1
36975	1
37151	1
37539	1
37794	1
38187	1
38450	1
38741	1
38997	1
39257	1
39592	1
39989	1
40130	1
40390	1
40741	1
41015	1
41281	1
41597	1
41882	1
42033	1
42435	1
42545	1
42976	1
43114	1
43552	1
43647	1
44029	1
44082	1
44456	1
44605	1
44861	1
44976	1
45408	1
45517	1
45832	1
45938	1
46324	1
46409	1
46561	1
46663	1
46875	1
46969	1
46990	1
47039	1
47046	1
47084	1
47103	1
47107	1
47114	1
47123	1
47168	1
47226	1
47255	1
47259	1
47262	1
47285	1
47325	1
47446	1
47452	1
47491	1
47508	1
47551	1
47575	1
47606	1
47649	1
47657	1
47734	1
47767	1
47825	1
47832	1
47883	1
47915	1
47924	1
47939	1
47959	1
47974	1
48011	1
48014	1
48028	1
48029	1
48059	1
48126	1
48139	1
48197	1
48221	1
48288	1
48305	1
48328	1
48370	1
48375	1
48393	1
48397	1
48400	1
48480	1
48514	1
48546	1
48645	1
48675	1
48684	1
48799	1
48801	1
48819	1
48844	1
48911	1
48934	1
49063	1
49113	1
49129	1
49137	1
49290	1
49328	1
49344	1
49420	1
49566	1
49597	1
49646	1
49674	1
49747	1
49753	1
49781	1
49891	1
49893	1
49924	1
49998	1
50006	1
50016	1
50043	1
50045	1
50059	1
50065	1
50144	2
50260	1
50279	1
50280	1
50289	1
50311	1
50332	1
50401	1
50412	1
50418	1
50486	1
50541	1
50598	1
50703	1
50830	1
51046	1
51125	1
51225	1
51244	1
51305	1
51404	1
51423	1
51528	1
51719	1
51726	1
51765	1
51862	1
51930	1
52129	1
52145	1
52368	1
52577	1
52654	1
52888	1
52890	1
52936	1
52950	1
53039	1
53223	1
53286	1
53290	1
53291	1
53312	1
53315	1
53353	1
53402	1
53409	1
53448	1
53502	1
53505	1
53530	1
53540	1
53545	1
53562	1
53651	1
53670	1
53714	1
53724	1
53739	1
53750	1
53761	1
53767	1
53778	1
53779	1
53797	1
53798	1
53831	1
53852	1
53860	1
53862	1
53864	1
53866	1
53870	1
53886	1
53898	1
53900	1
53905	1
53944	1
53954	1
54004	1
54008	1
54023	1
54044	1
54046	2
54156	1
54160	1
54175	1
54180	1
54212	1
54217	1
54276	1
54286	1
54346	1
54380	1
54412	1
54431	1
54493	1
54502	1
54533	1
54575	1
54590	1
54626	1
54674	1
54675	1
54676	1
54699	1
54738	1
54742	1
54851	1
54855	1
54868	1
54879	1
54920	1
54966	1
54998	1
55000	1
55007	1
55047	1
55051	1
55061	1
55062	1
55094	1
55104	1
55115	1
55116	1
55142	1
55144	1
55146	1
55214	1
55252	1
55276	1
55303	2
55309	1
55338	1
55358	1
55369	1
55390	1
55400	1
55405	1
55416	1
55423	1
55425	1
55432	1
55541	1
55588	1
55590	1
55593	1
55615	1
55729	1
55739	1
55912	1
55949	1
56179	1
56221	1
56375	1
56448	1
56574	1
56680	1
56793	1
56984	1
57009	1
57273	1
57337	1
57383	1
57387	1
57414	1
57426	1
57497	1
57519	1
57553	1
57654	1
57657	1
57738	1
57774	1
57884	1
57914	1
57952	1
57980	1
