BISCUITqc Depth Distribution - Q40 Bot GC Bases
depth	count
0	44115723
1	67257751
2	69961441
3	52987475
4	31945359
5	16143900
6	7087103
7	2765847
8	978500
9	327460
10	103336
11	33338
12	13350
13	7248
14	4442
15	3356
16	2442
17	1927
18	1462
19	1206
20	913
21	710
22	597
23	597
24	401
25	439
26	353
27	325
28	354
29	352
30	308
31	219
32	183
33	335
34	196
35	186
36	211
37	154
38	165
39	157
40	147
41	178
42	128
43	148
44	92
45	84
46	90
47	99
48	88
49	86
50	83
51	79
52	76
53	58
54	54
55	53
56	68
57	53
58	40
59	80
60	26
61	26
62	21
63	27
64	31
65	28
66	46
67	19
68	34
69	64
70	26
71	12
72	31
73	15
74	26
75	26
76	28
77	16
78	28
79	20
80	22
81	18
82	19
83	6
84	12
85	13
86	13
87	14
88	25
89	14
90	7
91	7
92	20
93	9
94	13
95	9
96	9
97	12
98	6
99	6
100	6
101	8
102	13
103	9
104	15
105	13
106	13
107	13
108	14
109	9
110	16
111	19
112	17
113	16
114	16
115	15
116	10
117	13
118	12
119	8
120	10
121	13
122	17
123	8
124	19
125	12
126	13
127	20
128	10
129	10
130	16
131	10
132	32
133	12
134	7
135	9
136	13
137	15
138	13
139	13
140	13
141	10
142	10
143	8
144	11
145	9
146	15
147	11
148	12
149	9
150	17
151	10
152	13
153	11
154	12
155	17
156	12
157	16
158	9
159	17
160	24
161	15
162	27
163	16
164	16
165	23
166	5
167	12
168	15
169	10
170	8
171	14
172	12
173	12
174	13
175	16
176	9
177	15
178	13
179	8
180	7
181	13
182	20
183	9
184	9
185	13
186	5
187	8
188	12
189	14
190	6
191	7
192	4
193	8
194	8
195	9
196	12
197	4
198	6
199	10
200	8
201	13
202	6
203	6
204	3
205	15
206	8
207	4
208	15
209	12
210	10
211	7
212	8
213	8
214	13
215	8
216	8
217	11
218	7
219	11
220	9
221	6
222	15
223	11
224	2
225	12
226	11
227	6
228	13
229	11
230	11
231	16
232	18
233	14
234	12
235	9
236	8
237	8
238	6
239	8
240	7
241	7
242	7
243	16
244	13
245	8
246	14
247	6
248	15
249	9
250	8
251	5
252	8
253	9
254	9
255	6
256	8
257	11
258	19
259	12
260	6
261	13
262	15
263	16
264	18
265	8
266	4
267	10
268	8
269	9
270	16
271	7
272	17
273	7
274	10
275	7
276	11
277	8
278	7
279	10
280	13
281	12
282	8
283	13
284	9
285	11
286	4
287	13
288	6
289	8
290	6
291	14
292	6
293	6
294	6
295	6
296	6
297	5
298	3
299	4
300	5
301	4
302	8
303	6
304	2
305	3
306	2
307	6
308	7
309	3
310	6
311	6
312	6
313	6
314	7
315	6
316	6
317	7
318	7
319	5
320	6
321	4
322	11
323	2
324	7
325	9
326	10
327	4
328	4
329	8
330	9
331	5
332	5
333	7
334	14
335	7
336	9
337	10
338	8
339	11
340	6
341	17
342	18
343	6
344	7
345	13
346	8
347	7
348	6
349	10
350	15
351	4
352	11
353	8
354	12
355	7
356	12
357	5
358	7
359	6
360	5
361	4
362	2
363	5
364	4
365	6
366	3
367	4
368	2
369	5
370	3
371	6
372	3
373	9
374	9
375	5
376	8
377	5
378	5
379	7
380	8
381	5
382	2
383	4
384	6
385	4
386	8
387	4
388	5
389	7
390	4
391	4
392	5
393	9
394	7
395	6
396	12
397	7
398	3
399	3
400	1
401	5
402	7
403	5
404	4
405	11
406	9
407	9
408	4
409	8
410	13
411	9
412	8
413	10
414	8
415	11
416	6
417	7
418	8
419	2
420	9
421	4
422	9
423	6
424	8
425	5
426	3
427	8
428	9
429	10
430	11
431	12
432	5
433	13
434	6
435	7
436	3
437	12
438	6
439	5
440	7
441	5
442	1
443	5
444	5
448	3
449	2
450	6
451	3
452	2
453	4
454	2
455	4
456	2
457	4
458	4
459	2
460	4
461	6
462	1
463	3
464	1
465	5
467	2
468	3
469	5
470	1
471	1
472	2
473	3
474	2
475	2
476	4
477	1
478	2
479	4
481	6
482	3
483	3
484	5
485	8
486	2
487	2
488	5
489	1
490	2
492	4
493	2
494	1
495	1
496	3
497	3
498	3
499	5
500	1
501	4
502	1
503	1
504	2
505	1
506	1
507	4
508	2
509	2
510	3
511	1
512	2
513	2
514	5
515	3
516	5
517	4
518	3
520	3
521	5
522	7
523	5
524	5
525	2
526	6
527	7
528	5
529	3
530	6
531	1
532	8
533	3
534	2
535	2
536	5
537	8
538	6
539	7
540	3
541	3
542	1
543	5
545	1
546	1
548	4
549	1
551	2
552	2
553	2
554	4
555	3
556	4
557	5
558	2
561	2
562	1
563	2
564	3
565	4
566	1
567	5
568	1
569	5
570	4
571	3
572	1
573	5
574	1
575	2
576	3
577	3
578	3
579	5
581	3
582	1
583	5
584	6
585	4
586	1
587	4
588	7
589	3
590	2
591	2
592	5
593	1
595	1
596	2
597	2
598	3
599	1
600	4
601	1
602	4
603	3
604	2
605	2
606	2
607	1
608	1
610	1
611	2
612	2
613	1
614	2
616	1
617	6
618	2
619	4
622	1
623	1
625	1
626	2
628	1
629	1
633	2
634	2
635	2
636	1
637	1
640	1
641	1
644	2
645	2
649	1
650	1
651	1
656	2
657	1
659	1
661	1
663	2
666	2
667	3
669	1
671	2
673	1
676	2
678	1
680	1
681	1
682	1
683	2
685	1
687	1
688	1
689	1
690	1
691	3
694	1
695	1
696	2
697	1
699	1
700	1
702	2
706	1
707	2
708	1
711	1
712	1
716	2
717	1
718	1
719	1
721	2
722	1
724	1
725	1
726	1
727	1
729	1
731	1
732	2
733	2
734	1
735	1
736	1
738	3
739	1
740	2
741	2
742	2
744	1
746	2
747	1
748	3
750	2
751	2
753	1
754	1
755	2
756	1
757	1
759	1
760	1
761	2
762	1
763	2
764	1
767	1
768	2
770	3
771	2
772	1
773	2
774	1
775	1
776	1
777	1
778	3
779	1
780	2
781	6
782	3
783	2
784	1
786	2
788	2
789	1
792	2
793	1
794	3
795	1
798	2
800	1
801	4
803	1
805	1
807	1
808	1
809	1
811	1
812	1
818	1
822	1
824	1
825	1
827	1
830	1
833	1
836	1
841	2
845	1
846	1
848	1
849	1
850	1
851	1
852	2
853	2
854	1
856	1
857	1
858	2
861	2
863	3
864	2
865	2
867	1
869	3
870	1
871	3
872	1
873	3
874	1
877	2
879	4
880	3
882	1
883	2
884	1
885	2
886	1
887	2
888	1
890	2
892	1
893	1
894	1
896	1
897	2
898	6
899	2
900	1
901	2
902	1
903	2
904	1
905	2
906	3
907	3
908	1
911	2
912	1
913	1
915	2
918	4
919	1
920	2
922	1
924	1
925	2
926	1
927	1
929	1
930	1
931	1
940	1
944	1
946	1
953	1
954	1
955	1
962	1
964	1
966	1
967	1
970	1
971	1
972	1
974	1
977	1
980	1
981	1
983	1
984	1
987	1
990	2
991	1
992	2
993	2
994	3
995	2
996	2
997	1
998	2
999	1
1000	1
1001	1
1004	1
1980	1
2256	1
2566	1
2767	1
2957	1
3171	1
3465	1
3949	1
4318	1
4670	1
5044	1
5468	1
5883	1
6186	1
6567	1
6995	1
7361	1
7726	1
8104	1
8467	1
8798	1
9208	1
9619	1
10021	1
10497	1
10977	1
11426	1
11868	1
12332	1
12752	1
13276	1
13733	1
14159	1
14707	1
15114	1
15566	1
15783	1
15971	1
16148	1
16358	1
16467	1
16743	1
16800	1
17090	1
17108	1
17383	1
17468	1
17601	1
17728	1
17858	1
18092	1
18104	1
18323	1
18511	1
18594	1
18870	1
18874	1
19201	1
19232	1
19447	1
19572	1
19671	1
19944	1
19955	1
19964	1
20291	1
20415	1
20608	1
20617	1
20787	1
20983	1
21047	1
21301	1
21358	1
21560	1
21725	1
21827	1
22082	1
22087	1
22294	1
22372	1
22579	1
22721	1
22912	1
23123	1
23166	1
23474	1
23513	1
23763	1
23774	1
24027	1
24134	1
24363	1
24495	1
24687	1
24873	1
25010	1
25233	1
25348	1
25644	1
25660	1
26023	1
26136	1
26397	1
26565	1
26816	1
27008	1
27185	1
27530	1
27545	1
27830	1
27881	1
28201	1
28403	1
28435	1
28779	1
28906	1
29019	1
29261	1
29288	1
29602	1
29776	1
29782	1
30114	1
30259	1
30307	1
30527	1
30692	1
30755	1
30789	1
30884	1
30946	1
31084	1
31135	1
31210	1
31538	1
31740	1
31855	1
31960	1
31980	1
32102	1
32223	1
32302	1
32311	1
32333	1
32342	1
32344	1
32367	1
32370	1
32371	1
32373	1
32388	1
32393	1
32395	1
32396	1
32402	1
32412	1
32416	1
32426	1
32432	1
32434	1
32439	1
32452	1
32453	1
32456	1
32460	1
32493	1
32494	1
32499	1
32500	1
32507	1
32513	1
32521	1
32530	1
32531	1
32544	1
32547	2
32558	1
32560	1
32567	1
32577	1
32579	1
32592	1
32629	1
32636	1
32656	1
32679	1
32681	1
32697	2
32726	1
32803	1
32809	1
32813	1
32823	1
32861	1
32872	1
32930	1
32948	1
32998	1
33058	1
33086	1
33092	1
33122	2
33129	1
33161	1
33202	1
33249	1
33252	1
33262	1
33285	1
33505	1
33654	1
33706	1
33857	1
33977	1
34037	1
34185	1
34320	1
34355	1
34528	1
34670	1
34888	1
34904	1
35136	1
35204	1
35280	1
35528	1
35568	1
35715	1
35803	1
36053	1
36070	1
36138	1
36366	1
36567	1
36603	1
36971	1
37016	1
37258	1
37345	1
37489	1
37719	1
37751	1
37960	1
38001	1
38106	1
38312	1
38359	1
38395	1
38673	1
38743	1
38826	1
39060	1
39065	1
39250	1
39254	1
39471	1
39588	1
39829	1
39953	1
40240	1
40273	1
40508	1
40774	1
40800	1
41003	1
41101	1
41110	1
41125	1
41175	1
41176	1
41194	1
41224	1
41228	1
41236	1
41253	1
41263	1
41284	1
41294	1
41311	1
41326	1
41342	1
41356	1
41358	1
41359	2
41376	1
41396	1
41406	1
41417	1
41419	1
41424	1
41428	1
41434	2
41445	1
41449	1
41450	1
41459	1
41462	1
41464	2
41478	1
41494	1
41500	1
41514	1
41518	1
41520	1
41524	1
41577	1
41596	1
41601	1
41617	1
41623	1
41626	1
41628	1
41647	1
41648	1
41658	1
41676	1
41693	1
41704	1
41718	1
41731	1
41737	1
41758	1
41778	1
41788	1
41799	1
41804	1
41814	1
41815	1
41825	1
41826	1
41840	1
41849	1
41866	2
41876	1
41879	1
41894	1
41917	1
41921	1
41922	1
41926	1
41931	1
41934	1
41938	1
41945	1
41959	1
42009	1
42010	1
42028	1
42036	1
42044	1
42051	1
42052	1
42068	1
42070	1
42075	1
42078	1
42081	1
42117	1
42127	2
42146	1
42151	1
42180	1
42213	1
42257	1
42431	1
42487	1
42507	1
42611	1
42682	1
42726	1
42740	1
42845	1
42987	1
42995	1
43088	1
43122	1
43136	1
43231	1
43250	1
43306	1
43361	1
43417	1
43463	1
43580	1
43582	1
43606	1
43632	1
43723	1
43765	1
43801	1
43823	1
