BISCUITqc CpG Retention by Read Position Table
ReadInPair	Position	Conversion/Retention	Count
1	0	C	18398
1	0	R	82980
1	1	C	34963
1	1	R	168378
1	2	C	36226
1	2	R	168072
1	3	C	38314
1	3	R	164513
1	4	C	37666
1	4	R	166769
1	5	C	38882
1	5	R	172259
1	6	C	38530
1	6	R	168283
1	7	C	37786
1	7	R	163460
1	8	C	38095
1	8	R	164093
1	9	C	38587
1	9	R	164461
1	10	C	38729
1	10	R	165833
1	11	C	38621
1	11	R	165724
1	12	C	38414
1	12	R	166105
1	13	C	38479
1	13	R	166966
1	14	C	38944
1	14	R	165671
1	15	C	38904
1	15	R	166971
1	16	C	38944
1	16	R	169213
1	17	C	38920
1	17	R	167732
1	18	C	38835
1	18	R	166815
1	19	C	39046
1	19	R	168418
1	20	C	39187
1	20	R	168820
1	21	C	39192
1	21	R	170019
1	22	C	39348
1	22	R	171269
1	23	C	40157
1	23	R	172302
1	24	C	39875
1	24	R	173977
1	25	C	40033
1	25	R	172731
1	26	C	39655
1	26	R	171917
1	27	C	39559
1	27	R	169195
1	28	C	39417
1	28	R	167851
1	29	C	39780
1	29	R	170922
1	30	C	40304
1	30	R	172455
1	31	C	39810
1	31	R	173690
1	32	C	40179
1	32	R	173831
1	33	C	39945
1	33	R	171764
1	34	C	39788
1	34	R	171367
1	35	C	39567
1	35	R	171928
1	36	C	39962
1	36	R	172252
1	37	C	39449
1	37	R	169017
1	38	C	39768
1	38	R	168992
1	39	C	39949
1	39	R	172538
1	40	C	39786
1	40	R	171922
1	41	C	39986
1	41	R	170362
1	42	C	40028
1	42	R	169427
1	43	C	39393
1	43	R	169453
1	44	C	39544
1	44	R	169380
1	45	C	39498
1	45	R	170356
1	46	C	39427
1	46	R	170090
1	47	C	39385
1	47	R	169062
1	48	C	39199
1	48	R	167823
1	49	C	38607
1	49	R	165598
1	50	C	32442
1	50	R	139717
1	51	C	26591
1	51	R	115450
1	52	C	26737
1	52	R	115532
1	53	C	26715
1	53	R	115133
1	54	C	26580
1	54	R	115738
1	55	C	26818
1	55	R	116629
1	56	C	26518
1	56	R	116439
1	57	C	26530
1	57	R	114965
1	58	C	27055
1	58	R	116230
1	59	C	26674
1	59	R	115501
1	60	C	26592
1	60	R	115294
1	61	C	26590
1	61	R	115294
1	62	C	26819
1	62	R	115466
1	63	C	26702
1	63	R	115849
1	64	C	26410
1	64	R	114197
1	65	C	26361
1	65	R	112826
1	66	C	26164
1	66	R	112784
1	67	C	26083
1	67	R	113161
1	68	C	26221
1	68	R	113229
1	69	C	26191
1	69	R	112708
1	70	C	25956
1	70	R	113105
1	71	C	25990
1	71	R	113118
1	72	C	25691
1	72	R	112166
1	73	C	25609
1	73	R	111260
1	74	C	25383
1	74	R	109912
1	75	C	20729
1	75	R	89449
1	76	C	15304
1	76	R	67941
1	77	C	15375
1	77	R	68012
1	78	C	15276
1	78	R	67592
1	79	C	15202
1	79	R	67688
1	80	C	15448
1	80	R	67826
1	81	C	15304
1	81	R	67859
1	82	C	15075
1	82	R	67389
1	83	C	15181
1	83	R	66959
1	84	C	15224
1	84	R	66785
1	85	C	15190
1	85	R	66529
1	86	C	15358
1	86	R	66650
1	87	C	15077
1	87	R	66152
1	88	C	14986
1	88	R	66257
1	89	C	15029
1	89	R	65686
1	90	C	15090
1	90	R	64738
1	91	C	14625
1	91	R	64782
1	92	C	14590
1	92	R	63848
1	93	C	14303
1	93	R	63344
1	94	C	14324
1	94	R	62785
1	95	C	14149
1	95	R	61867
1	96	C	13985
1	96	R	60229
1	97	C	13595
1	97	R	58299
1	98	C	13162
1	98	R	56678
1	99	C	13079
1	99	R	54415
1	100	C	8325
1	100	R	34378
1	101	C	1866
1	101	R	7515
2	0	C	183216
2	0	R	3475
2	1	C	248391
2	1	R	40534
2	2	C	87732
2	2	R	103029
2	3	C	44034
2	3	R	136961
2	4	C	43816
2	4	R	146731
2	5	C	41345
2	5	R	154990
2	6	C	41616
2	6	R	161897
2	7	C	41753
2	7	R	159304
2	8	C	39971
2	8	R	153134
2	9	C	41380
2	9	R	154926
2	10	C	41160
2	10	R	156118
2	11	C	40620
2	11	R	155135
2	12	C	40018
2	12	R	153074
2	13	C	39919
2	13	R	152595
2	14	C	40092
2	14	R	154686
2	15	C	40304
2	15	R	155500
2	16	C	40439
2	16	R	155721
2	17	C	40409
2	17	R	157624
2	18	C	40276
2	18	R	155665
2	19	C	40247
2	19	R	156036
2	20	C	40284
2	20	R	156893
2	21	C	40301
2	21	R	158501
2	22	C	40574
2	22	R	158615
2	23	C	40652
2	23	R	158933
2	24	C	40320
2	24	R	159551
2	25	C	40900
2	25	R	159849
2	26	C	40959
2	26	R	160730
2	27	C	41067
2	27	R	159222
2	28	C	40597
2	28	R	159583
2	29	C	40569
2	29	R	158795
2	30	C	40609
2	30	R	159739
2	31	C	40852
2	31	R	160668
2	32	C	40511
2	32	R	160413
2	33	C	40637
2	33	R	160925
2	34	C	40839
2	34	R	159943
2	35	C	40879
2	35	R	158950
2	36	C	40289
2	36	R	159922
2	37	C	40530
2	37	R	160929
2	38	C	41036
2	38	R	161240
2	39	C	40540
2	39	R	161345
2	40	C	40669
2	40	R	159590
2	41	C	40457
2	41	R	160625
2	42	C	40486
2	42	R	159398
2	43	C	40109
2	43	R	160049
2	44	C	40586
2	44	R	159054
2	45	C	40530
2	45	R	158085
2	46	C	40262
2	46	R	158450
2	47	C	38857
2	47	R	152454
2	48	C	36828
2	48	R	145262
2	49	C	36719
2	49	R	144256
2	50	C	31771
2	50	R	128411
2	51	C	27362
2	51	R	109178
2	52	C	27271
2	52	R	109032
2	53	C	27530
2	53	R	108161
2	54	C	26971
2	54	R	107898
2	55	C	27150
2	55	R	106670
2	56	C	26618
2	56	R	106070
2	57	C	26913
2	57	R	105573
2	58	C	26432
2	58	R	102091
2	59	C	26339
2	59	R	102527
2	60	C	25973
2	60	R	100581
2	61	C	25682
2	61	R	99295
2	62	C	25450
2	62	R	98612
2	63	C	25000
2	63	R	97196
2	64	C	24620
2	64	R	95716
2	65	C	24436
2	65	R	93844
2	66	C	24488
2	66	R	91917
2	67	C	23868
2	67	R	91335
2	68	C	23632
2	68	R	90420
2	69	C	23297
2	69	R	89579
2	70	C	23225
2	70	R	87949
2	71	C	23061
2	71	R	87414
2	72	C	22632
2	72	R	86259
2	73	C	22007
2	73	R	84032
2	74	C	21651
2	74	R	82238
2	75	C	16252
2	75	R	62129
2	76	C	10988
2	76	R	43535
2	77	C	10777
2	77	R	42627
2	78	C	10776
2	78	R	42515
2	79	C	10552
2	79	R	42235
2	80	C	10580
2	80	R	42058
2	81	C	10318
2	81	R	41697
2	82	C	10527
2	82	R	41445
2	83	C	10171
2	83	R	41379
2	84	C	10142
2	84	R	40456
2	85	C	10073
2	85	R	39860
2	86	C	10204
2	86	R	40292
2	87	C	10029
2	87	R	40223
2	88	C	10102
2	88	R	39814
2	89	C	10063
2	89	R	39730
2	90	C	9840
2	90	R	39335
2	91	C	9857
2	91	R	38913
2	92	C	9487
2	92	R	38736
2	93	C	9468
2	93	R	38597
2	94	C	9518
2	94	R	38339
2	95	C	9733
2	95	R	38262
2	96	C	9450
2	96	R	37367
2	97	C	9337
2	97	R	36436
2	98	C	9185
2	98	R	35631
2	99	C	8949
2	99	R	34610
2	100	C	4405
2	100	R	17298
2	101	C	11
2	101	R	10
