0
0
0
0
14
22
18
21
34
30
19
18
16
28
13
17
14
9
13
15
9
12
17
15
12
11
12
9
16
12
11
9
6
8
13
10
9
5
5
15
5
9
9
6
11
1
8
3
3
8
1
5
7
4
7
7
3
2
6
5
4
3
2
2
4
8
4
5
3
8
3
9
3
3
4
3
8
5
5
4
3
0
4
6
4
3
3
1
3
5
2
1
2
1
4
2
5
1
3
0
1
2
0
7
1
4
2
5
1
4
1
0
3
0
0
1
3
1
1
3
2
2
3
0
1
1
0
0
4
1
0
1
1
1
2
1
3
5
3
2
2
3
1
5
1
1
3
0
2
1
2
0
1
2
3
0
2
3
0
1
0
0
0
1
0
0
1
2
0
3
1
0
0
0
0
2
1
1
4
2
1
0
2
0
1
0
0
0
1
0
1
1
2
1
1
0
1
0
0
2
2
0
0
0
1
0
1
0
0
1
2
1
0
1
1
0
0
0
0
1
0
1
0
0
0
0
0
1
0
1
0
0
0
1
1
0
0
0
2
0
1
0
0
1
0
0
2
0
1
1
0
0
1
2
0
0
0
1
1
0
0
0
0
1
1
2
1
0
0
0
0
0
0
1
1
0
0
0
0
1
0
1
0
0
1
2
0
0
1
0
0
0
2
0
0
0
1
1
0
0
1
1
1
0
0
0
0
0
0
0
0
0
0
0
0
2
0
0
0
1
0
1
0
2
0
1
1
1
0
0
0
0
0
3
0
0
0
0
0
1
0
0
0
0
0
0
0
0
0
0
1
0
0
0
0
0
0
0
0
1
0
0
0
0
0
0
1
1
1
0
0
1
0
0
0
0
0
0
1
1
0
1
0
0
0
0
0
0
0
0
0
0
0
1
0
0
0
2
0
0
0
1
0
2
0
1
0
0
0
0
0
0
0
0
1
0
0
0
1
0
1
0
0
0
0
0
0
0
0
0
0
0
0
0
0
0
0
0
0
0
0
0
0
0
0
0
0
0
1
0
0
0
0
0
0
0
0
0
0
0
0
0
0
0
0
0
0
0
0
0
0
1
0
0
0
0
1
0
0
0
0
0
0
0
0
0
0
0
0
0
0
0
0
0
0
0
0
0
0
9
