16.052
19.448
22.928
26.238
28.911
31.228
33.355
35.584
37.133
38.587
40.081
41.335
42.446
43.461
44.264
44.659
44.985
45.265
45.724
45.778
46.458
46.333
46.271
46.632
46.619
46.775
46.984
47.628
48.676
49.216
49.468
49.866
50.338
50.576
50.541
50.325
50.31
50.477
50.926
50.934
51.14
51.53
51.556
52.052
52.267
51.848
51.396
51.159
50.951
50.73
50.91
50.951
51.059
50.725
50.732
50.928
50.374
50.5
50.73
50.249
50.296
49.781
49.529
49.67
49.646
49.834
49.822
49.214
48.802
48.477
48.152
48.559
48.592
48.481
47.804
47.301
46.967
47.062
46.945
46.628
46.689
46.102
46.036
45.974
45.944
45.518
45.302
44.702
44.726
44.44
43.959
42.78
41.546
40.326
38.949
37.395
35.834
33.551
30.717
28.253
