27.635
27.966
28.002
27.936
27.877
28.012
28.033
28.101
28.244
28.372
28.398
28.544
28.655
28.705
28.788
28.904
28.966
28.98
29.019
29.11
29.077
29.264
29.352
29.427
29.537
29.574
29.642
29.71
29.818
29.863
30.002
30.063
30.127
30.231
30.356
30.388
30.437
30.513
30.593
30.691
30.867
30.894
30.954
31.024
31.212
31.262
30.975
31.086
31.202
31.323
31.443
31.569
31.733
31.903
32.05
32.132
32.195
32.344
32.41
32.344
32.505
32.573
32.717
32.938
33.081
33.121
33.103
33.226
33.408
33.473
33.592
33.713
33.902
34.151
34.268
34.375
34.496
34.615
34.864
34.945
35.015
35.102
35.198
35.307
35.374
35.517
35.702
35.909
36.036
36.192
36.302
36.343
36.507
36.575
36.753
36.852
36.946
37.109
37.274
37.339
37.527
37.64
37.677
37.75
37.855
37.966
37.961
37.925
37.87
37.739
37.714
37.731
37.806
37.946
37.956
38.099
38.154
38.295
38.546
38.744
38.753
38.813
38.951
38.849
38.934
38.988
39.113
39.274
39.202
39.314
39.373
39.559
39.487
39.528
39.726
39.838
40.016
40.242
40.095
40.181
40.363
40.43
40.545
40.587
40.704
40.718
40.665
40.898
40.998
41.052
41.069
41.265
41.34
41.216217
41.253254
41.276276
41.279278
41.30931
41.191193
41.284283
41.44044
41.46146
41.516518
41.550552
41.69069
41.62162
41.744488
41.826653
41.678356
41.676353
41.742485
41.732464
41.746494
41.75451
41.928856
42.103207
42.059116
42.03507
41.891785
41.87375
41.96593
42.168335
42.252506
42.31964
42.36473
42.430862
42.351704
42.36974
42.481964
42.597195
42.722446
42.78056
42.80962
42.82966
43.058117
43.13527
43.225452
43.263527
43.292583
43.36473
43.43186
43.458374
43.472416
43.589767
43.7001
43.722168
43.79639
43.974926
44.012035
43.94985
43.901707
43.83952
44.004013
43.994984
44.119358
44.095287
44.039116
44.22969
44.22066
44.270813
44.208626
44.303913
44.304916
44.281845
44.31595
44.464394
44.544636
44.571716
44.617855
44.780342
44.832497
44.834503
44.898697
45.15045
45.034103
45.037113
44.89669
44.663994
44.74925
44.964893
44.917755
44.837513
44.829487
44.744232
44.67603
44.67603
44.634903
44.61886
44.633533
44.82731
44.802208
44.91566
44.859436
44.81426
44.849396
44.82229
44.870483
44.833332
44.720882
44.710842
45.241966
45.144577
45.252007
45.281124
45.059296
45.05025
45.213066
45.17588
45.15578
45.085426
45.1206
45.159798
45.296482
45.26633
45.20603
45.131657
44.983902
44.848087
44.704224
44.590725
44.541332
44.541332
44.68246
44.579636
44.663307
44.708668
44.74773
44.97881
45.014126
45.072655
45.10999
45.149345
45.140263
45.27346
45.378407
45.405052
45.583416
45.567238
45.437817
45.458504
45.393726
45.407894
45.432186
45.563766
45.52834
45.26012
45.2581
45.218624
45.229755
45.16717
45.22515
45.290062
45.293102
45.266735
45.251522
45.34787
45.403046
45.54822
45.588833
45.711674
45.771572
45.924873
45.90254
45.73198
45.71878
45.590862
45.68934
45.60609
45.55939
45.585785
45.245686
44.895325
44.86992
44.89939
44.952236
44.922764
44.96643
45.039673
45.01119
45.07943
45.092667
45.171078
45.27291
45.293278
45.327904
45.27625
45.061226
45.041878
45.017384
45.061474
44.85041
44.65369
44.65574
44.709015
44.679302
44.799793
44.80801
44.80801
44.822865
44.83419
44.69516
44.4655
44.491737
44.732918
44.67909
44.709843
44.71917
44.56684
44.434196
44.43347
43.98021
44.186848
44.02923
44.09927
43.943516
43.761505
43.762302
43.62932
43.571728
43.82618
43.87644
43.96649
44.172775
44.140316
44.145702
44.048218
43.944386
43.87185
43.886436
43.8265
43.722107
43.7471
43.97574
43.84583
43.84672
43.705074
43.712475
43.67759
43.683933
43.614166
43.54757
43.475132
43.351322
43.31746
43.34074
43.26032
43.316402
43.303703
43.586426
43.416138
43.513283
43.517536
43.498405
43.51757
43.41471
43.333687
43.27428
43.17823
43.285255
43.282352
43.37045
43.29077
43.162018
43.21781
43.18582
43.2739
43.24275
43.16756
43.168102
42.966595
43.03879
42.975216
43.043198
42.934124
42.768898
42.70054
42.78355
42.70779
42.57251
42.677876
42.715836
42.693146
42.620502
42.724102
42.89422
42.7082
42.723495
42.691467
42.632385
42.656456
42.678726
42.455044
42.426537
42.426537
42.601536
42.664837
42.69527
42.667767
42.563255
42.546753
42.56954
42.463577
42.561325
42.585827
42.57918
42.53326
42.554325
42.52439
42.492786
42.46504
42.37931
42.372635
42.28476
42.252785
42.219376
42.248608
42.463688
42.43352
42.422348
42.418995
42.318027
42.265694
42.35578
42.197754
42.11573
42.203598
42.262093
42.260136
42.32469
42.295376
42.319054
42.435173
42.41263
42.399323
42.35374
42.262203
42.363224
42.496582
42.695206
42.736
42.648
42.858124
42.875
42.85862
42.75
42.735023
42.5818
42.53518
42.514416
42.57341
42.621964
42.58266
42.54682
42.609047
42.595818
42.62558
42.67093
42.731396
42.78114
42.723454
42.681446
42.637108
42.623833
42.678364
42.69006
42.65263
42.443275
42.475967
42.593895
42.636898
42.594593
42.632507
42.444576
42.48052
42.549114
42.55148
42.58225
42.539646
42.54083
42.47986
42.560425
42.43128
42.510662
42.370106
42.288258
42.269276
42.234875
42.182682
42.22209
42.326992
42.354763
42.249405
42.308243
42.409092
42.40072
42.42395
42.683453
42.65228
42.657074
42.54742
42.46274
42.440434
42.45367
42.370636
42.080917
42.079712
42.072464
42.169285
42.23729
42.237576
42.255756
42.224243
42.14909
42.13107
42.159367
42.476887
42.42336
42.355232
42.38368
42.520832
42.5
42.38575
42.310345
42.268475
42.393078
42.385662
42.311497
42.35891
42.35192
42.26923
42.243477
42.09938
42.04969
42.02985
42.02985
42.036068
42.011223
41.966335
41.87125
42.0201
42.219696
42.205807
42.166668
42.156567
42.118835
42.125317
42.242695
42.357964
42.29172
42.309555
42.122448
42.08546
42.016582
42.153255
42.132824
42.14687
42.140484
42.20844
42.183098
42.06146
41.965385
42.034706
41.962727
41.964012
41.93959
41.916454
41.86247
41.88417
41.893177
41.782497
41.779922
41.76319
41.77062
41.667526
41.583225
41.60129
41.613194
41.615284
41.600517
41.554546
41.574966
41.75457
41.776764
41.873203
41.922874
41.904575
41.937172
42.102497
42.078842
42.005257
41.971092
41.990803
41.926414
41.90921
41.852436
41.769432
41.734478
41.784676
41.67239
41.607143
41.579365
41.327587
41.250996
41.31824
41.311584
41.288948
41.340878
41.334667
41.220295
41.298527
41.505363
41.473827
41.51613
41.513477
41.39946
41.26046
40.97973
40.87162
40.844593
40.76081
40.820652
40.792118
40.701088
40.75613
40.731243
40.76093
40.628414
40.615597
40.562244
40.684933
40.62055
40.622772
40.573387
40.625
40.62586
40.65978
40.506207
40.46888
40.44383
40.467316
40.516712
40.58159
40.62151
40.648952
40.745453
40.79021
40.77063
40.836136
41.02107
41.11252
41.13221
41.119717
41.260563
41.267982
41.27864
41.349857
40.983
40.99574
40.930298
40.925926
41.022858
40.818314
40.773964
40.743553
40.814922
40.84339
40.78993
40.770893
40.76445
40.731213
40.75398
40.735165
40.79855
40.728985
40.653122
40.606678
40.439766
40.460754
40.761696
40.754387
40.80527
40.910294
40.98088
41.033924
40.87168
40.828907
40.99852
41.062313
41.028233
40.89896
40.842495
40.76453
40.7403
40.87444
40.744743
40.630074
40.658646
40.65257
40.574017
40.595165
40.65106
40.637463
40.707577
40.79787
40.81611
40.899544
41.111282
41.172256
41.08994
41.048782
41.164635
41.134556
41.25574
41.315468
41.215927
41.10107
41.14264
41.230415
41.29231
41.545456
41.493046
41.518578
41.547287
41.67807
41.657852
41.65109
41.7
41.810642
41.81505
41.9011
41.83176
41.82205
41.870663
41.97943
41.988926
42.041138
42.152138
42.46105
42.473766
42.410175
42.440193
42.472
42.2816
42.224358
42.120193
42.279743
42.332798
42.48871
42.663975
42.7411
42.839287
42.777596
42.797077
42.66504
42.738213
42.776875
42.845024
42.89689
42.888706
43.065468
43.027824
43.083744
43.082237
42.77467
42.792763
42.84704
42.92092
42.808895
42.952225
43.01318
43.009884
43.052807
43.08775
43.06136
43.11277
43.29236
43.321133
43.586666
43.69282
43.804348
43.984898
44.11111
44.243244
44.222973
44.16554
44.22804
44.196278
44.209812
44.26271
44.360546
44.287415
44.29932
44.309525
44.31005
44.223167
44.275978
44.337307
44.29983
44.25724
44.31005
44.315163
44.298126
44.336754
44.360683
44.441025
44.664383
44.63185
44.64726
44.63356
44.814434
45.036083
45.017212
44.860584
44.917385
44.97586
44.86874
44.854923
44.854923
44.731834
44.694973
44.674175
44.348957
44.36111
44.453125
44.32639
44.403477
44.466087
44.47826
44.50261
44.50087
44.509563
44.549564
44.52174
44.38261
44.413914
44.39547
44.373474
44.343803
44.267483
44.251747
44.31818
44.38879
44.517544
44.531578
44.554386
44.61579
44.51845
44.393673
44.35211
44.306877
44.223988
44.08642
44.16755
44.035275
44.017635
43.93827
43.93651
44.024693
44.038868
43.918728
43.851326
43.925533
43.957447
44.01064
44.00888
43.927177
43.834812
43.792183
43.777977
43.735348
43.69982
43.63055
43.57371
43.49288
43.373665
43.768684
43.695187
43.705883
43.434937
43.301247
43.24599
43.17647
43.24643
43.05914
43.114902
43.198555
43.227848
43.253166
43.24412
43.20253
43.273552
43.26268
43.097828
43.0779
42.838768
42.874775
42.834846
42.871143
42.952812
43.143375
43.121597
43.230907
43.24226
43.087593
43.072994
43.04927
43.032906
42.98172
42.921246
42.884617
42.8663
42.89194
42.857143
42.8315
42.826008
42.760075
42.727108
42.64835
42.73578
42.761467
42.961468
42.891743
43.049725
43.086555
43.0221
42.9779
42.987083
42.85055
42.91682
42.962963
43.016666
42.946297
42.81111
42.74259
42.775925
42.76208
42.687733
42.72119
42.706318
42.715614
42.76208
42.758366
42.76208
42.726257
42.631287
42.725746
42.77239
42.546642
42.600746
42.59515
42.64739
42.619404
42.67724
42.570896
42.58582
42.58209
42.501865
42.370094
42.252335
41.99813
41.93271
41.981308
42.02243
41.964485
41.37453
41.325844
41.370785
41.29026
41.250935
41.17636
41.16698
41.110695
41.214287
40.98872
41.08098
41.13936
41.10546
41.345284
41.343395
41.42911
41.597355
41.61815
41.62193
41.75
41.738636
41.695076
41.660984
41.604168
41.585228
41.626892
41.615532
41.700756
41.798862
41.787476
41.850094
41.836502
41.72053
41.70152
41.606464
41.52
41.394287
41.266666
41.22095
41.24381
41.310474
41.209522
41.205715
41.165714
41.15619
41.045715
41.064762
41.13524
41.451427
41.587788
41.576336
41.56107
41.532444
41.601147
41.612595
41.694656
41.71374
41.690838
41.86233
41.824093
41.759083
41.715107
41.875717
41.99809
41.99235
42.036327
42.13793
42.08621
42.14176
42.17816
42.212643
42.229885
42.745213
42.7682
42.689655
42.72222
42.69732
42.773514
42.94423
43.03077
43.040386
42.95769
42.95769
43.54528
43.53372
43.557915
43.552124
43.519306
43.632496
43.622826
43.69052
43.686653
43.688587
43.66538
43.7118
43.827854
43.827854
43.961315
43.945843
44.129593
44.12766
44.212765
44.22244
44.189556
44.381783
44.397285
44.43107
44.353397
44.469902
44.41942
44.314564
44.291264
44.324272
44.231068
44.207767
44.151455
44.079613
44.09903
44.104855
44.166992
44.141747
44.126213
44.180584
44.08932
44.054367
44.060196
44.249027
44.1965
44.258755
44.2179
44.128407
43.99611
43.968872
44.093384
44.105057
44.09144
44.14425
44.267056
44.51852
44.51852
44.460037
44.57895
44.60429
44.612087
44.67383
44.679688
44.66797
44.585938
44.42578
44.283203
44.16797
44.119373
44.078278
44.09002
44.037254
44.02745
44.045097
44.14706
44.162746
44.511765
44.55294
44.701374
44.738705
44.66601
44.71316
44.77603
44.82711
44.53831
44.548134
44.397636
44.244095
44.23866
44.422092
44.392506
44.398422
44.546352
44.51085
44.467457
44.36292
44.426876
44.503952
44.569168
44.565216
44.549408
44.529644
44.389328
44.369564
44.219803
44.28317
44.223763
44.218254
44.009922
44.136906
43.968254
43.97619
43.878967
43.958252
44.260437
44.21869
44.27634
44.336655
43.84263
43.796814
43.71514
43.92032
43.90239
43.860558
43.876495
43.85259
44.023903
44.02988
44.05976
43.936256
43.780876
43.808765
43.912174
43.898205
44.0
43.99601
43.912174
43.93413
43.93413
43.942116
43.922157
43.86028
43.918163
43.886227
43.85
43.88
43.856
43.983936
43.983936
43.821285
43.82731
43.751003
43.790745
43.85887
43.677418
43.73131
43.79192
43.78182
43.844444
43.79596
43.769695
43.8202
43.850506
43.761616
43.816162
43.765656
44.076923
44.07085
44.08097
43.993927
43.973682
43.874493
43.831985
43.64575
43.64575
43.862347
43.823887
43.76923
43.639675
43.64575
43.64155
43.63951
43.71894
43.72505
43.767822
43.981632
44.018368
44.075665
44.15542
44.030674
43.940697
44.002045
44.0
43.918034
43.915985
43.967213
43.42828
43.590164
43.65503
43.61807
43.60575
43.60494
43.462963
43.523712
43.239174
43.348454
43.210308
43.22268
43.350517
43.352577
43.336082
43.395878
43.50413
43.621902
43.588844
43.51446
43.623188
43.579712
43.51967
43.53416
43.43064
43.59006
43.62733
43.58385
43.244305
43.240166
43.138718
43.120083
43.072464
43.09731
43.089027
43.12422
43.113873
43.101448
43.10973
43.174274
43.15145
43.35625
43.310417
43.373695
43.390396
43.37996
43.46764
43.490604
43.446766
43.526096
43.574112
43.609604
43.699375
43.66806
43.743214
43.692467
43.74686
43.79498
44.230125
44.188286
44.133892
44.158997
44.094143
44.02929
44.78661
44.70502
44.642258
44.52092
44.533474
44.474895
44.51046
44.412132
44.23109
44.214287
44.342438
44.237396
44.40546
44.39706
44.40421
44.522106
44.541054
44.698948
44.743156
44.747368
44.698948
44.648422
44.55579
44.58439
44.57384
44.49789
44.618145
44.4926
44.65466
44.625
44.726696
44.728813
44.66949
44.665253
44.796177
44.772823
44.77707
44.78344
44.770702
44.726116
44.93177
44.94456
45.09188
45.2906
45.21154
45.19872
45.100426
45.267666
45.522484
45.624462
45.682404
45.609444
45.688843
45.65236
45.65236
45.69528
45.75322
45.596565
45.575108
45.58925
45.65161
45.71828
45.91613
46.00645
46.189247
46.105377
46.258064
46.24086
46.15914
46.124733
46.22198
46.36638
46.375
46.464363
46.593952
46.483803
46.53132
46.336933
46.332615
46.47619
46.46104
46.5
46.510822
46.60606
46.644253
46.709328
46.585682
46.544468
46.481564
46.50759
46.40564
46.56182
46.590023
46.645653
46.65652
46.58478
46.613045
46.63913
46.582607
46.702175
46.715218
46.81087
46.819565
46.730434
46.702175
46.636955
46.608696
46.519566
46.52174
46.497826
46.53913
46.465218
46.71024
46.651417
46.673203
46.620914
46.557735
45.6122
45.586056
45.67538
45.679737
45.738564
45.77778
46.091503
46.010895
45.995644
45.954247
45.87146
45.94323
45.982494
45.958424
45.96499
45.943108
45.958424
45.934353
45.870895
45.90372
46.061405
45.991226
46.048244
46.065933
46.002197
45.73348
45.65859
45.568283
45.14978
45.20705
45.178413
45.156387
45.196033
45.24009
45.2649
45.401768
45.32671
45.339954
45.47345
45.43584
45.457966
45.79646
45.780975
45.79646
45.873894
45.761063
45.815964
45.802223
45.80401
45.80401
45.69265
45.888393
45.875
45.825893
45.776787
45.64732
45.589287
45.544643
45.37723
45.421875
45.316963
45.392857
45.596413
45.672646
45.64574
45.65695
45.681614
45.826576
46.0158
46.19501
46.03182
45.94091
45.909092
45.838634
45.738636
45.704544
45.640907
45.60682
45.586365
45.638638
45.6
45.697727
45.825
45.802273
45.861362
45.888638
45.854546
45.875
45.98182
45.93182
45.911366
45.96818
45.94318
45.88409
45.888638
45.890907
45.86591
45.747726
45.77727
45.85
45.795456
45.55909
45.588634
45.59318
45.629547
45.504547
45.488636
45.39318
45.354546
45.456818
45.471527
45.384438
45.470184
45.426605
45.272934
45.199543
45.2
45.12644
45.183907
44.88046
44.813793
44.896553
44.956223
44.93779
45.071594
44.976906
44.90531
44.838337
45.025463
45.118057
45.26389
45.252316
45.157406
45.136574
45.07176
45.023148
44.95139
45.01389
45.0
44.997684
45.078705
45.11111
45.05324
44.935184
44.868057
44.881943
44.88426
44.858795
44.851852
44.88889
44.81713
44.851852
44.84028
44.761574
44.800926
44.787037
44.83102
44.928074
44.90023
44.951275
44.960556
44.88399
44.99072
45.02552
44.958237
45.027843
44.937355
44.82831
44.77494
44.651974
44.71462
44.703014
44.7471
44.825985
44.89559
44.814384
44.837208
44.776745
44.734264
44.692307
44.70327
44.901638
44.894367
44.755867
44.60094
44.593895
44.516434
44.441315
44.41784
44.40141
44.469482
44.366196
44.380283
44.241783
44.460094
44.453053
44.467136
44.457745
44.478874
44.514084
44.43897
44.429577
44.415493
44.471832
44.42019
44.366196
44.444706
44.42353
44.501175
44.367058
44.551888
44.45283
44.429245
44.478775
44.41981
44.40758
44.42654
44.42654
44.40758
44.28673
44.296207
44.170616
44.049763
44.021328
44.01185
44.085308
44.07109
44.182465
44.2891
44.201424
44.113743
44.0545
44.023697
44.023697
43.978672
43.962086
44.014217
43.966824
43.926365
43.96437
43.862232
43.969048
44.07381
44.192856
44.228573
44.295944
44.30383
44.361244
44.330143
44.380383
44.138756
44.17266
44.050358
44.07434
44.17506
44.16307
44.01439
43.956833
43.844124
43.91346
43.877403
43.723557
43.641827
43.653847
43.564903
43.533653
43.47952
43.477108
43.45301
43.457832
43.555557
43.463768
43.483093
43.289856
43.140095
43.036232
42.990337
43.086956
43.149757
43.280872
43.34625
43.33414
43.227604
43.174335
43.208233
43.281555
43.220875
43.305824
43.37864
43.291264
43.332523
43.17233
43.296116
43.247574
43.281555
43.3034
43.208736
43.203884
43.07767
43.03398
42.987865
43.123787
43.10194
43.2233
43.07524
43.067963
43.08738
42.995144
42.995144
42.927185
42.932037
42.98301
43.220875
43.2233
43.14806
43.182037
43.213593
43.228157
43.235435
43.2233
43.194176
43.194176
43.191746
43.194176
43.160194
43.11408
42.96602
42.949028
42.861652
42.866505
42.941605
42.946472
42.96107
42.727493
42.673965
42.618004
42.52798
42.48905
42.48175
42.586376
42.56691
42.83374
42.819073
42.865196
42.840687
42.919117
42.867645
42.941177
43.09828
43.169533
43.19212
43.06404
43.059113
43.061577
42.96552
42.95074
42.99261
43.0665
43.0468
43.061577
42.990147
42.884235
42.876846
42.864532
42.788177
42.62808
42.721676
42.782715
42.826733
42.794556
42.82178
42.83416
42.91337
42.868813
42.94307
43.0
43.047146
42.861042
42.615383
42.617867
42.68408
42.773632
42.84826
42.728855
42.713932
42.671642
42.76617
42.748756
42.86816
42.865673
42.87811
42.873135
42.86816
42.743782
42.748756
42.79602
42.791046
42.840797
42.810944
42.902744
42.97257
42.952618
43.022446
43.01995
43.075
43.2
43.310776
43.426064
43.586468
43.53133
43.526318
43.373432
43.345863
43.293232
43.270676
43.162907
42.989975
42.989975
42.88722
42.81955
42.822056
42.854637
42.7594
42.877193
42.93233
43.06015
43.148243
43.18593
43.349247
43.394474
43.31407
43.413097
43.446968
43.38384
43.419193
43.424244
43.47222
43.64304
43.812656
43.90886
43.86802
43.890587
43.78626
43.826973
43.959183
44.010204
43.956635
43.92857
44.247448
44.19388
44.24041
44.19693
44.219948
44.3641
44.353848
44.47815
44.496143
44.59794
44.62629
44.653748
44.810883
44.756477
45.00259
44.92746
45.018135
45.08549
45.173576
45.132126
45.132126
45.16062
45.12953
45.0
44.994804
45.229767
45.795277
45.752632
45.844738
46.174603
46.09549
46.143234
46.276596
46.284573
46.18883
46.148937
46.119682
46.288
46.266666
46.210667
46.034668
45.826668
45.794666
45.90107
45.8877
45.78075
45.80214
45.740643
45.74599
45.724598
45.692513
45.641712
45.700535
45.68182
45.67647
45.860962
46.002674
45.989304
45.87166
45.96524
45.967827
46.10215
46.228493
46.22043
46.258064
46.201614
46.010754
46.037636
