7.252
13.762
16.109
17.406
18.019
18.566
19.632
20.698
20.804
20.879
20.535
20.547
20.68
21.141
21.607
21.711
21.672
21.301
21.313
21.562
21.702
21.551
21.7
21.876
21.713
21.548
21.351
20.863
20.546
20.403
20.537
20.638
20.336
20.182
19.951
20.196
20.506
20.65
20.691
20.507
20.474
20.328
20.462
20.528
20.662
20.499
20.09
19.947
19.924
19.868
20.109
20.085
20.008
20.435
20.619
20.683
20.694
20.688
20.788
20.909
21.083
21.011
20.793
20.637
20.973
21.261
21.387
21.646
22.313
22.205
22.1
21.948
21.984
22.119
21.962
21.694
21.805
22.394
22.898
23.119
22.989
23.066
23.089
23.285
23.673
24.139
24.2
23.869
23.802
23.81
23.84
23.627
23.228
22.216
20.742
18.409
15.246
11.543
7.269
3.342
