0
0
0
0
25
31
33
37
15
20
25
11
26
28
24
18
21
23
16
20
21
18
19
19
24
20
21
16
17
18
12
17
30
18
17
29
19
9
20
7
17
15
13
12
19
9
9
9
8
8
12
11
9
6
12
5
12
16
12
8
5
12
9
13
8
3
3
6
10
7
4
12
9
8
9
10
7
4
5
6
5
7
5
6
4
5
9
5
4
3
4
4
7
4
4
4
8
3
4
3
2
5
4
3
3
4
2
8
7
3
2
4
9
8
7
3
4
7
3
3
5
9
5
5
7
2
5
4
3
1
7
3
3
3
3
1
7
5
6
4
0
3
5
7
2
0
3
2
5
2
2
4
5
3
0
1
6
1
1
2
1
0
1
1
3
3
4
4
2
1
5
3
3
2
2
3
0
4
3
5
4
1
4
0
1
5
3
2
4
3
3
0
2
3
2
2
2
0
3
2
3
2
2
1
0
0
2
0
1
3
1
0
2
2
0
4
3
1
1
3
1
1
1
0
1
0
1
2
0
3
4
1
0
2
1
3
2
1
1
1
0
0
2
1
0
1
2
0
2
1
3
1
1
1
0
0
0
0
2
0
1
1
2
1
3
0
3
1
1
0
2
3
2
0
0
0
2
0
2
0
0
1
0
1
1
1
0
1
0
1
1
1
0
1
1
1
1
1
5
1
5
1
2
1
0
0
1
0
0
0
1
1
0
0
0
0
0
0
0
1
0
0
1
0
1
0
0
1
0
0
0
0
1
0
1
0
1
1
0
1
1
1
0
0
0
0
1
1
0
0
1
1
0
1
0
0
2
0
1
1
1
1
0
0
1
0
0
0
0
0
0
0
0
0
0
1
0
0
0
1
0
0
0
0
0
0
0
0
0
2
0
2
2
0
0
0
0
2
0
0
2
0
1
1
0
1
0
0
0
0
1
0
0
3
0
0
1
0
0
1
0
1
0
0
1
0
0
1
1
1
3
1
0
1
0
2
0
1
1
0
0
0
0
0
1
1
0
1
0
0
0
1
0
0
0
0
1
0
0
1
1
0
0
1
1
0
0
1
0
1
0
0
0
0
1
0
1
1
0
0
0
1
0
0
0
1
0
1
0
0
0
0
0
1
0
0
1
0
0
68
