8.746
8.744
8.75
8.735
8.815
8.77
8.751
8.811
8.813
8.793
8.805
8.798
8.818
8.818
8.86
8.885
8.885
8.889
8.888
8.882
8.849
8.852
8.877
8.865
8.874
8.858
8.85
8.862
8.863
8.87
8.904
8.943
8.937
8.921
8.941
8.934
8.921
8.931
8.938
8.948
8.939
8.941
8.937
8.925
8.98
9.004
9.002
9.039
9.05
9.132
9.18
9.205
9.221
9.184
9.259
9.251
9.261
9.291
9.298
9.298
9.303
9.289
9.294
9.288
9.293
9.267
9.286
9.309
9.293
9.283
9.294
9.255
9.267
9.233
9.182
9.163
9.157
9.14
9.132
9.139
9.154
9.159
9.196
9.199
9.205
9.224
9.279
9.29
9.29
9.275
9.244
9.255
9.254
9.253
9.23
9.201
9.259
9.261
9.193
9.198
9.176
9.156
9.155
9.14
9.155
9.125
9.147
9.11
9.088
9.107
9.117
9.132
9.137
9.11
9.184
9.223
9.201
9.211
9.219
9.281
9.304
9.271
9.281
9.266
9.316
9.331
9.344
9.416
9.421
9.394
9.361
9.344
9.297
9.331
9.305
9.32
9.339
9.269269
9.261261
9.244245
9.282282
9.351352
9.336336
9.324325
9.323323
9.099099
9.066066
9.081081
9.085085
9.065065
9.0360365
9.018018
9.0040045
9.0200205
9.058058
9.003003
8.988989
9.073073
9.041041
9.075075
9.104104
9.091091
9.09009
9.106106
9.098098
9.097097
9.112112
9.147147
9.118355
9.172518
9.198596
9.217872
9.279117
9.277108
9.237952
9.227912
9.256024
9.211847
9.23996
9.237952
9.232932
9.25
9.243976
9.245984
9.195783
9.20482
9.210843
9.210843
9.215863
9.224899
9.29518
9.278112
9.283133
9.283133
9.311245
9.305221
9.301205
9.292169
9.258291
9.327639
9.307538
9.328643
9.337688
9.344724
9.368844
9.287437
9.257286
9.303517
9.2934675
9.279397
9.41407
9.467337
9.527638
9.546734
9.5055275
9.530181
9.518108
9.560362
9.589538
9.554884
9.642497
9.637463
9.650554
9.634441
9.657603
9.693857
9.712991
9.726083
9.710977
9.717019
9.719033
9.752266
9.763344
9.729104
9.72709
9.768378
9.736153
9.727822
9.732862
9.747984
9.743952
9.748992
9.799396
9.831654
9.83367
9.81754
9.774194
9.799396
9.784274
9.800404
9.818365
9.7941475
9.797174
9.7921295
9.748485
9.756319
9.781597
9.817998
9.816987
9.800608
9.76417
9.758097
9.77834
9.737854
9.738867
9.725709
9.751773
9.719352
9.714286
9.742655
9.721378
9.690983
9.674772
9.691996
9.673428
9.602434
9.590263
9.61359
9.616243
9.629441
9.628427
9.604061
9.603045
9.635533
9.627032
9.644309
9.596544
9.584944
9.561546
9.542769
9.541752
9.549898
9.551935
9.532586
9.546844
9.559633
9.577982
9.600408
9.595311
9.577982
9.519877
9.535169
9.56473
9.61264
9.660204
9.704082
9.705102
9.739796
9.711225
9.729316
9.6884575
9.683351
9.611849
9.587334
9.61043
9.6227
9.664621
9.623722
9.601227
9.597137
9.588957
9.61043
9.574206
9.561476
9.553279
9.530256
9.638604
9.646454
9.668037
9.708119
9.676622
9.680412
9.654639
9.6945305
9.636739
9.632232
9.6515
9.656671
9.646329
9.595656
9.603108
9.53057
9.552904
9.512448
9.524403
9.493763
9.609781
9.6077
9.598958
9.658334
9.644792
9.609375
9.612096
9.607924
9.612735
9.617954
9.574113
9.596234
9.587866
9.568586
9.583858
9.619748
9.681052
9.544397
9.587301
9.606992
9.633086
9.592789
9.593418
9.63018
9.623003
9.609808
9.618997
9.634615
9.620321
9.61349
9.594218
9.590568
9.609442
9.601932
9.622317
9.633727
9.627282
9.664516
9.643011
9.713979
9.746237
9.77718
9.745689
9.698276
9.710896
9.703464
9.683983
9.685065
9.661256
9.666306
9.654387
9.611051
9.579632
9.597614
9.617806
9.594124
9.624592
9.665577
9.667756
9.69256
9.696605
9.686403
9.683114
9.705044
9.744517
9.800439
9.78595
9.773377
9.750275
9.711453
9.668502
9.6276245
9.663344
9.641196
9.669256
9.708565
9.6396
9.628062
9.659978
9.616759
9.624581
9.62374
9.590145
9.594171
9.586516
9.696288
9.61443
9.61851
9.5807905
9.541243
9.6
9.570782
9.586167
9.673099
9.677639
9.6875
9.706819
9.718182
9.675
9.641638
9.639363
9.6731205
9.6613455
9.629418
9.619429
9.605956
9.616532
9.597015
9.587357
9.563218
9.544827
9.51954
9.540852
9.517282
9.928407
9.950289
9.911935
9.887471
9.869919
9.881533
9.83856
9.869767
9.89186
9.908139
9.888372
9.904651
9.906868
9.945222
9.962661
9.9614935
9.995333
9.984831
9.955659
9.927654
9.836257
9.832748
9.836065
9.825527
9.903981
9.908665
9.877049
9.85463
9.848769
9.904929
9.952996
9.955347
10.001178
9.987043
9.9375
9.915094
9.873672
9.861865
9.854781
9.8487
9.856635
9.862396
9.865955
9.859691
9.788347
9.941736
9.958333
9.944048
9.954708
9.958283
9.938022
9.90584
9.904649
9.8829155
9.591617
9.624701
9.629807
9.600962
9.532452
9.54272
9.613993
9.639225
9.671117
9.673966
9.648418
9.585366
9.619513
9.590964
9.616137
9.655637
9.710784
9.710073
9.70516
9.743243
9.769988
9.753695
9.786683
9.76267
9.794555
9.763321
9.719951
9.723325
9.707196
9.681142
9.665012
9.689826
9.683229
9.691543
9.669154
9.71393
9.685324
9.678305
9.660848
9.695761
9.7665415
9.7425
9.745933
9.757196
9.849624
9.828105
9.873897
9.883985
9.852459
9.839646
9.798988
9.816688
9.802781
9.793932
9.83818
9.888748
9.907712
9.911392
9.896202
9.885932
9.813688
9.808619
9.777637
9.770013
9.771283
9.729008
9.702291
9.688295
9.732824
9.731552
9.726463
9.723214
9.704981
9.745524
9.723785
9.696931
9.601023
9.53265
9.542308
9.5308485
9.520566
9.521851
9.5786085
9.58634
9.549678
9.562742
9.633766
9.6085825
9.53316
9.559168
9.578878
9.560784
9.541285
9.463255
9.43832
9.541995
9.5427065
9.527632
9.521739
9.504611
9.524374
9.520422
9.509234
9.447229
9.396301
9.416117
9.379128
9.404227
9.412153
9.429139
9.435013
9.431607
9.460107
9.4540615
9.459279
9.41522
9.413654
9.418231
9.379356
9.371314
9.349866
9.293566
9.298927
9.32349
9.340054
9.34724
9.368421
9.357625
9.350877
9.365722
9.378378
9.38701
9.369418
9.381793
9.410884
9.407357
9.40382
9.439726
9.419753
9.434066
9.365888
9.2971115
9.320496
9.367263
9.287879
9.243802
9.266207
9.267586
9.265193
9.239281
9.248266
9.244445
9.273611
9.21727
9.203342
9.114206
9.083798
9.05042
9.035014
9.06882
9.060393
9.066011
9.0591545
9.0706215
9.094633
9.101695
9.127119
9.164074
9.171145
9.15461
9.139205
9.136752
9.146724
9.188034
9.257834
9.284901
9.245014
9.256411
9.275321
9.251429
9.244286
9.261803
9.282235
9.276901
9.301724
9.2744255
9.254676
9.257925
9.256484
9.2785
9.242424
9.213564
9.247109
9.274567
9.33237
9.373372
9.377713
9.384058
9.354651
9.372635
9.336735
9.253644
9.28655
9.274854
9.274854
9.324523
9.301914
9.276877
9.286558
9.289513
9.286983
9.29037
9.328889
9.378338
9.430906
9.467262
9.470939
9.456036
9.461884
9.476831
9.434978
9.426009
9.445441
9.33982
9.288922
9.289355
9.3213215
9.312312
9.3509035
9.340875
9.274924
9.328267
9.344985
9.323709
9.325723
9.327245
9.362252
9.383562
9.396341
9.339939
9.287023
9.3027525
9.310397
9.261468
9.256529
9.223077
9.224615
9.203077
9.200308
9.224961
9.214175
9.232666
9.245749
9.196594
9.193499
9.198142
9.215504
9.213953
9.215504
9.200311
9.232087
9.21028
9.248438
9.2375
9.209375
9.196875
9.201563
9.189062
9.160937
9.151563
9.164577
9.163265
9.21978
9.254317
9.257457
9.27673
9.284591
9.246057
9.276462
9.389857
9.465818
9.535885
9.682109
9.661342
9.730032
9.750799
9.747603
9.7776
9.8288
9.8288
9.857142
9.84058
9.882258
9.907767
9.9189625
9.88979
9.837926
9.781199
9.815235
9.76461
9.761364
9.772358
9.785366
9.770732
9.80813
9.8
9.806504
9.814634
9.853659
9.905691
9.907317
9.826016
9.78374
9.760587
9.731271
9.76509
9.761827
9.76509
9.805555
9.794118
9.825164
9.859016
9.704918
9.693442
9.727869
9.73399
9.712171
9.705592
9.751645
9.766447
9.782537
9.7792425
9.777595
9.728171
9.700827
9.67438
9.651239
9.619835
9.61755
9.624172
9.622517
9.660596
9.654485
9.657807
9.67608
9.687708
9.692691
9.702658
9.679402
9.620632
9.597338
9.587355
9.593333
9.559265
9.58194
9.579564
9.544389
9.56208
9.59396
9.618487
9.631933
9.635294
9.709459
9.7
9.7423725
9.788136
9.794915
9.767403
9.747029
9.774194
9.813243
9.8486395
9.862245
9.836735
9.77551
9.799319
9.763203
9.75256
9.754266
9.794871
9.808547
9.794871
9.762393
9.733334
9.707692
9.618803
9.57265
9.621575
9.647261
9.670669
9.663808
9.686107
9.675815
9.719932
9.659794
9.666093
9.652324
9.654045
9.662651
9.643718
9.66093
9.702237
9.67642
9.643718
9.626506
9.583477
9.612737
9.583477
9.590362
9.540447
9.5197935
9.492254
9.476764
9.483649
9.486207
9.455958
9.495682
9.480138
9.469775
9.468048
9.428325
9.46114
9.33391
9.362218
9.343154
9.318891
9.335652
9.37913
9.368695
9.330435
9.333913
9.323479
9.347826
9.33913
9.382608
9.398261
9.445217
9.549565
9.582608
9.602787
9.604529
9.618467
9.646341
9.722028
9.708042
9.688266
9.663748
9.65324
9.635727
9.619965
9.583187
9.610526
9.616872
9.59754
9.615114
9.592267
9.588752
9.590509
9.591549
9.583775
9.593639
9.591873
9.5848055
9.593639
9.577739
9.570671
9.553003
9.545937
9.542403
9.55477
9.517668
9.508834
9.457597
9.459364
9.462897
9.427562
9.433628
9.430088
9.423009
9.559292
9.522124
9.545133
9.525663
9.558511
9.535461
9.574468
9.578014
9.567376
9.573712
9.611012
9.65897
9.637655
9.666075
9.653641
9.618117
9.624556
9.613879
9.613879
9.626334
9.661319
9.6470585
9.655972
9.582888
9.595366
9.643494
9.688057
9.823215
9.828571
9.858929
9.901786
9.935599
9.912343
9.937276
9.921147
9.953405
9.973118
9.953405
9.892473
9.919354
9.94086
9.908602
9.87276
9.8494625
9.83871
9.820788
9.831541
9.8154125
9.758064
9.736559
9.75763
9.793165
9.754955
9.771172
9.723826
9.687726
9.66065
9.65642
9.681736
9.629294
9.625
9.652727
9.681238
9.69581
9.644809
9.666667
9.642987
9.6684885
9.663024
9.59745
9.35337
9.3315115
9.378871
9.367942
9.342441
9.347905
9.327868
9.298725
9.304745
9.334552
9.404022
9.399267
9.4157505
9.456044
9.456881
9.408089
9.417279
9.479779
9.4779415
9.478822
9.510129
9.531365
9.675277
9.686347
9.6789665
9.619926
9.476015
9.426987
9.406654
9.437037
9.453704
9.462963
9.422222
9.429629
9.372222
9.344444
9.342592
9.335185
9.366667
9.361111
9.375926
9.361111
9.333333
9.322222
9.301852
9.311111
9.376623
9.35436
9.395176
9.3940525
9.41264
9.421933
9.586592
9.564246
9.55866
9.538175
9.513967
9.445895
9.429105
9.389925
9.36194
9.369403
9.390655
9.235514
9.219101
9.2509365
9.179775
9.149813
9.166667
9.142323
9.146068
9.166667
9.162921
9.151686
9.168856
9.178572
9.195489
9.223684
9.244361
9.286252
9.301318
9.143396
9.120754
9.14717
9.207547
9.186792
9.201887
9.241509
9.228302
9.230188
10.079395
10.130435
10.155009
10.136106
10.10586
10.098299
10.126654
10.098299
10.092628
10.060492
10.071834
10.073724
10.158791
10.128788
10.208333
10.229167
10.217803
10.227273
10.240987
10.252372
10.223909
10.165086
10.174573
10.140417
10.110057
10.087287
10.123574
10.10076
10.087619
10.089524
9.390476
9.369524
9.354285
9.333333
9.328244
9.351145
9.322519
9.342257
9.351816
9.51434
9.541109
9.541109
9.525812
9.546845
9.51434
9.525812
9.558317
9.543021
9.578544
9.555555
9.59387
9.588122
9.597701
9.65643
9.59501
9.619962
9.678227
9.657033
9.630057
9.583815
9.589596
9.608863
9.597302
9.603083
9.60501
9.552986
9.5549135
9.579962
9.572254
9.5684
9.584942
9.635135
9.611969
9.592664
9.594595
9.584942
9.409266
9.430502
9.428572
9.478765
9.459459
9.463321
9.457529
9.447876
9.440154
9.4266405
9.413127
9.362934
9.362934
9.357142
9.368726
9.341699
9.34749
9.377176
9.374031
9.366279
9.356589
9.362403
9.3365755
9.378168
9.390625
9.355469
9.363281
9.407045
9.48728
9.504892
9.530333
9.502935
9.497065
9.491194
9.526419
9.540117
9.5655575
9.475538
9.465754
9.473581
9.483366
9.518591
9.545098
9.5363455
9.495089
9.5167
9.518664
9.587426
9.561886
9.638507
9.61886
9.634578
9.664047
9.6719055
9.611002
9.632613
9.614931
9.632613
9.609037
9.620825
9.601179
9.575639
9.5815325
9.606299
9.591716
9.540434
9.549407
9.51581
9.50693
9.49307
9.491089
9.441585
9.449505
9.473268
9.584158
9.520792
9.502971
9.516831
9.497029
9.543651
9.551587
9.555555
9.577381
9.543825
9.529881
9.557769
9.533865
9.571713
9.547809
9.553785
9.579681
9.5976095
9.601594
9.658683
9.628
9.664
9.614
9.584
9.6
9.566
9.608
9.596
9.568
9.572
9.628514
9.638555
9.588353
9.597586
9.602822
9.794354
9.834678
9.862626
9.868687
9.902834
9.949392
9.955465
9.997975
10.034413
10.066802
10.15213
10.21501
10.200811
10.237323
10.221095
10.263692
10.26572
10.255578
10.29065
10.3482685
10.327902
10.274949
10.285132
10.301426
10.283095
10.289796
10.242857
10.285714
10.261225
10.229039
10.192229
10.216769
10.249489
10.200409
10.218814
10.214724
10.237219
10.265849
10.255624
10.282208
10.336065
10.3504095
10.366803
10.377049
10.387295
10.348361
10.348361
10.219262
10.202868
10.186476
10.170431
10.211934
10.209877
10.1872425
10.189301
10.195474
10.228395
10.193814
10.212371
10.228866
10.241237
10.247422
10.261856
10.280992
10.309917
10.266529
10.237603
10.272727
10.258265
10.245868
10.241735
10.248447
10.227743
10.226141
10.205394
10.188797
10.168399
10.160083
10.180873
10.222453
10.222453
10.204166
10.208333
10.2
10.160417
10.169103
10.154489
10.152401
10.167015
10.152401
10.102297
10.100209
10.106694
10.125786
10.184486
10.165619
10.15304
10.163522
10.192872
10.2117405
10.218029
10.201258
10.199162
10.171907
10.155136
10.136555
10.117647
10.088235
10.132353
10.084034
10.09874
10.052521
10.027311
10.0357895
10.0
9.99579
10.023207
10.018988
10.135021
10.065401
10.016877
10.004219
9.7463
9.7463
9.7855625
9.730361
9.736731
10.301486
10.242038
10.235669
10.235669
10.231422
10.201698
10.1825905
10.299363
10.276009
10.276009
10.263269
10.305733
10.333333
10.335457
10.348195
10.329087
10.329087
10.3099785
10.314894
10.312766
10.3773985
10.434968
10.441364
10.541578
10.558636
10.510684
10.659529
10.663812
10.678801
10.655246
10.650214
10.648068
10.640861
10.621506
10.658065
10.615054
10.603448
10.629311
10.634989
10.643628
10.650108
10.62987
10.601731
10.608225
10.593074
10.590909
10.61039
10.644252
10.616052
10.620391
10.744035
10.744035
10.75705
10.718004
10.7223425
10.746204
10.637744
10.668113
11.034707
11.013015
11.056399
11.043384
11.039045
11.056399
11.058568
11.05423
11.067391
10.991304
10.969565
10.915217
10.915032
10.925926
10.8910675
10.797385
10.808279
10.851851
10.83878
10.886463
10.877729
10.847161
10.842794
10.812227
10.779476
10.78821
10.781659
10.762009
10.740174
10.766376
10.772925
10.779476
10.742358
10.849345
10.836245
10.862446
10.899564
10.895197
10.925764
10.91703
10.969365
10.95186
10.949672
10.892779
10.862144
10.940919
10.949672
10.982494
10.982494
10.969365
10.892779
10.892544
10.914286
10.986814
10.934066
10.892307
10.879121
10.868132
10.89011
10.894273
10.88326
10.870044
10.878855
10.779249
10.523179
10.529801
10.419426
10.421634
10.384106
10.324503
10.317881
10.271523
10.293598
10.275938
10.271523
10.311258
10.271523
10.2428255
10.274336
10.269912
10.219027
9.891593
9.865045
9.865045
9.886918
9.904445
9.837778
9.828889
9.846666
9.848889
9.866369
9.792873
9.808463
9.770601
9.783964
9.785234
9.756152
9.727069
9.71141
9.568233
9.55157
9.589686
9.582959
9.582959
9.668161
9.672646
9.67713
9.674888
9.69663
9.631461
9.674157
9.707865
9.719101
9.723596
9.760722
9.744921
9.738149
9.706546
10.0293455
10.015801
10.022573
10.04289
10.036118
10.097066
10.139955
10.187359
10.153499
10.10158
10.121896
10.156109
10.122172
10.058824
10.040724
10.040724
10.054421
10.068182
10.045455
10.025
10.052273
10.084283
10.107306
10.141553
10.175799
10.148402
10.043379
10.068493
10.009132
10.027397
10.009132
9.995434
10.020548
10.152968
10.182649
10.184932
10.16895
10.230594
10.248858
10.230594
10.246575
10.200913
10.164384
10.1552515
10.175799
10.24714
10.256293
10.20595
10.210526
10.258581
10.277523
10.28211
10.252294
10.259174
10.305046
10.279817
10.293578
10.295872
10.275229
10.291285
10.279817
10.31422
10.3027525
10.268349
10.316514
10.354023
10.365518
10.354023
10.367816
10.324138
10.278161
10.280459
10.310345
10.328735
10.4758625
10.45977
10.4758625
10.443678
10.514942
10.473563
10.4896555
10.512644
10.521839
10.573732
10.5553
10.541474
10.520738
10.513824
10.529954
10.506912
10.518434
10.545034
10.502315
10.506945
10.456018
10.509259
10.513889
10.43287
10.454757
10.422274
10.459396
10.455814
10.467442
10.42093
10.439535
10.413954
10.3930235
10.374418
10.374418
10.34965
10.324009
10.324766
10.28972
10.254673
10.287383
10.231308
10.2476635
10.294393
10.226636
10.273364
10.313084
10.311476
10.330986
10.380281
10.319249
10.314554
10.340376
10.342723
10.36385
10.377934
10.359155
10.409411
10.404706
10.390588
10.428235
10.369411
10.374118
10.334118
10.365566
10.360849
10.474056
10.431603
10.441038
10.471698
10.472814
10.452606
10.431279
10.360189
10.353081
10.303317
10.270143
10.274881
10.2274885
10.296912
10.273809
10.2047615
10.17619
10.140476
10.104762
10.090476
10.1214285
10.145238
10.138095
10.140476
10.147619
10.12619
10.154762
10.161904
10.12619
10.116667
10.161904
10.183333
10.169047
10.069048
10.073986
10.085918
10.095694
10.098086
10.102871
10.114833
10.14354
10.114833
10.078947
10.069378
10.0741625
10.11271
10.160671
10.167866
10.17506
10.1875
10.185096
10.134615
10.125
10.081731
10.103365
10.108173
10.154217
10.192771
10.245783
10.241546
10.625604
10.690073
10.658596
10.498783
10.49635
10.493917
10.459854
10.459854
10.435523
10.454988
10.430657
10.445255
10.452555
10.452555
10.43309
10.396594
10.442822
10.411192
10.445255
10.491485
10.490244
10.478048
10.458536
10.441463
10.558537
10.42439
10.392683
10.396088
10.400978
10.337408
10.361858
10.466992
10.425427
10.356968
10.254279
10.36855
10.406404
10.374384
10.413794
10.391625
10.416256
10.358025
10.562963
10.596535
10.5990095
10.623762
10.663366
10.616337
10.612904
10.6228285
10.617866
10.57072
10.562189
10.554727
10.514925
10.5199
10.512438
10.746268
10.746268
10.738806
10.748756
10.728856
10.726368
11.497513
11.578553
11.603491
11.548629
11.563591
11.501253
11.471178
11.483709
11.481203
11.458647
11.451128
11.453634
11.463659
11.541353
11.618091
11.618091
11.623116
11.590452
11.613066
11.587939
11.605528
11.577889
11.590452
11.552764
11.56784
11.532663
11.505025
11.472362
11.40201
11.415617
11.425693
11.395466
11.367758
11.360202
11.390429
11.337531
11.307304
11.289673
11.267002
11.27204
11.329975
11.332494
11.324937
11.29471
11.3274555
11.3274555
11.30303
11.323233
11.217172
11.202021
11.181818
11.184343
11.171718
11.14899
11.128788
11.088384
11.007576
10.967172
10.952021
10.979798
11.0
11.002532
11.020253
10.92405
10.951899
10.956962
10.972152
10.625317
10.6075945
10.592405
10.589873
10.622785
10.670886
10.670886
10.643038
10.63038
10.6075945
10.602531
10.531646
10.516456
10.54847
10.482142
10.489796
10.57653
10.510204
10.507653
10.5
10.456633
10.494898
10.507653
10.510204
10.510204
10.515306
10.461735
10.477041
10.489796
