4.823
5.705
6.676
7.439
7.706
8.402
8.983
9.316
9.656
9.774
10.237
10.698
10.896
10.315
9.972
10.115
10.219
10.253
10.394
10.466
10.566
10.565
10.564
10.447
10.446
10.412
10.481
10.548
10.71
10.853
10.692
10.547
10.396
10.302
10.353
10.497
10.689
10.944
10.97
10.92
10.93
10.943
11.059
11.107
10.975
10.876
10.907
10.822
10.767
10.766
10.794
10.613
10.47
10.424
10.49
10.581
10.523
10.463
10.555
10.646
10.692
10.848
10.857
10.534
10.456
10.506
10.535
10.431
10.38
10.472
10.431
10.492
10.585
10.644
10.561
10.631
10.684
10.848
10.637
10.377
10.258
10.587
10.675
10.67
10.777
10.771
10.543
10.472
10.323
10.141
10.028
10.136
10.185
10.108
10.079
10.069
9.862
9.513
9.018
8.582
