WTCHG_171117_262	WTCHG_171117_264	
1.873	3.065	
1.97	3.191	
2.103	3.366	
2.255	3.565	
2.399	3.7	
2.559	3.879	
2.691	4.03	
2.836	4.26	
2.951	4.399	
3.06	4.548	
3.161	4.669	
3.228	4.771	
3.295	4.871	
3.396	5.041	
3.487	5.118	
3.564	5.24	
3.71	5.303	
3.784	5.389	
3.857	5.48	
3.934	5.538	
4.046	5.594	
4.107	5.676	
4.211	5.777	
4.294	5.841	
4.375	5.944	
4.436	6.043	
4.525	6.144	
4.62	6.261	
4.682	6.352	
4.762	6.444	
4.852	6.537	
4.975	6.642	
5.245	6.743	
5.375	6.794	
5.454	6.898	
5.576	6.986	
5.675	7.088	
5.745	7.157	
5.85	7.27	
5.955	7.399	
6.034	7.485	
6.163	7.609	
6.244	7.715	
6.356	7.863	
6.43	7.971	
6.526	8.096	
6.646	8.23	
6.738	8.324	
6.833	8.454	
6.944	8.612	
7.07	8.725	
7.199	8.844	
7.296	8.961	
7.415	9.08	
7.52	9.201	
7.644	9.33	
7.779	9.455	
7.898	9.596	
8.004	9.72	
8.154	9.841	
8.294	9.989	
8.422	10.163	
8.563	10.31	
8.686	10.457	
8.851	10.634	
9.0	10.787	
9.142	10.917	
9.371	11.1	
9.509	11.254	
9.619	11.439	
9.788	11.582	
9.946	11.727	
10.06	11.934	
10.214	12.117	
10.378	12.284	
10.564	12.481	
10.741	12.654	
10.931	12.841	
11.091	13.012	
11.243	13.162	
11.415	13.382	
11.577	13.564	
11.736	13.739	
11.885	13.89	
12.063	14.044	
12.233	14.2	
12.419	14.377	
12.552	14.567	
12.705	14.748	
12.887	14.913	
13.088	15.108	
13.26	15.334	
13.33	15.483	
13.536	15.655	
13.718	15.759	
13.824	15.857	
13.992	15.96	
14.057	16.037	
14.107	16.086	
14.132	16.15	
14.155	16.24	
14.265	16.339	
14.322	16.432	
14.391	16.475	
14.508	16.577	
14.588	16.621	
14.678	16.666	
14.742	16.695	
14.852	16.778	
14.979	16.829	
15.103	16.971	
15.232	17.054	
15.362	17.185	
15.527	17.261	
15.67	17.398	
15.799	17.477	
15.928	17.673	
16.031	17.826	
16.178	17.975	
16.347	18.153	
16.508	18.349	
16.686	18.567	
16.826	18.647	
16.984	18.799	
17.116	18.966	
17.287	19.155	
17.412	19.303	
17.607	19.462	
17.741	19.619	
17.908	19.742	
17.962	19.866	
18.027	19.924	
18.154	20.036	
18.267	20.215	
18.429	20.379	
18.602	20.493	
18.705	20.666	
18.826	20.756756	
18.937	20.87888	
19.038	20.996998	
19.204	21.117117	
19.339	21.239239	
19.488	21.368368	
19.694	21.46947	
19.918	21.585585	
20.037	21.713715	
20.137	21.836838	
20.257	21.96096	
20.381	22.053053	
20.474	22.124125	
20.628	22.242243	
20.713	22.376377	
20.782	22.476477	
20.921	22.602602	
21.047	22.75976	
21.215	22.913914	
21.327	22.997997	
21.842	23.089088	
22.009	23.27928	
22.147	23.377377	
22.228	23.518518	
22.256	23.602602	
22.394	23.656656	
22.506	23.815815	
22.589	23.901901	
22.745	24.034035	
22.753	24.144144	
22.798	24.149149	
22.919	24.27127	
23.068	24.377377	
23.144	24.458458	
23.3	24.532532	
23.404	24.572573	
23.397	24.656656	
23.438	24.738739	
23.501	24.795795	
23.589	24.891891	
23.621	24.938938	
23.725	25.084084	
23.886	25.20921	
24.138	25.275276	
24.253	25.365366	
24.282	25.466467	
24.511	25.587587	
24.589	25.644644	
24.627	25.731731	
24.702	25.88889	
24.782	26.025024	
24.874	26.152153	
24.949	26.265265	
25.026	26.348349	
25.076	26.32833	
25.152	26.393393	
25.235	26.456457	
25.284	26.582582	
25.304	26.623623	
25.321	26.754755	
25.392	26.864864	
25.371	26.928928	
25.472	26.91992	
25.542	26.926928	
25.53	26.916918	
25.575	26.954954	
25.644	27.013014	
25.74	27.05005	
25.779	27.123123	
25.851	27.198198	
25.881	27.296297	
25.914	27.405405	
25.905	27.458458	
25.904	27.531532	
25.947	27.622623	
26.009	27.636637	
26.01	27.71071	
26.079	27.758759	
26.089	27.782784	
26.16	27.847847	
26.159	27.893894	
26.214	27.913914	
26.211	27.908909	
26.223	28.0	
26.24	27.961962	
26.301	27.938938	
26.345	28.035034	
26.348	27.98999	
26.382	27.938938	
26.473	27.965965	
26.464	28.001001	
26.533	28.087088	
26.62	28.091091	
26.626	28.122122	
26.701	28.217216	
26.851	28.228228	
26.866	28.258259	
26.838	28.307308	
26.785	28.35135	
26.843	28.406406	
26.925	28.537537	
26.977	28.518518	
27.019	28.554554	
27.012	28.59159	
27.03	28.641642	
27.056	28.701702	
27.105	28.719719	
27.041	28.741741	
27.062	28.80881	
27.072	28.855856	
27.094	28.900902	
27.094	28.97097	
27.191	29.006006	
27.197	29.038038	
27.194	29.058058	
27.233	29.135136	
27.295	29.179178	
27.381	29.185184	
27.355	29.18919	
27.365	29.217216	
27.413	29.25025	
27.359	29.233232	
27.306	29.225225	
27.337	29.153152	
27.444	29.179178	
27.456	29.27027	
27.438	29.293293	
27.406	29.241241	
27.407	29.291292	
27.399	29.252253	
27.4	29.256256	
27.441	29.251251	
27.353	29.237238	
27.44	29.252253	
27.43	29.321321	
27.461	29.36937	
27.437	29.422422	
27.396	29.443443	
27.404	29.456457	
27.408	29.465466	
27.386	29.442442	
27.423	29.437437	
27.408	29.373373	
27.376	29.358358	
27.399	29.275276	
27.382	29.25025	
27.324	29.23023	
27.239	29.264265	
27.251	29.24024	
27.203	29.202202	
27.247	29.202202	
27.18	29.231232	
27.158	29.301302	
27.139	29.315315	
27.175	29.387388	
27.214	29.455456	
27.191	29.32833	
27.169	29.372372	
27.149	29.464464	
27.163	29.398397	
27.109	29.37037	
27.15	29.411411	
27.123	29.461462	
27.097	29.447447	
27.161	29.489489	
27.09	29.531532	
27.074	29.503504	
27.028	29.52152	
27.071	29.508509	
27.132	29.479479	
27.152	29.517517	
27.063	29.51952	
27.071	29.518518	
26.917	29.462463	
26.874	29.42042	
26.875	29.376377	
26.944	29.343344	
26.922	29.446447	
26.963	29.452452	
26.98	29.436436	
27.039	29.409409	
27.033	29.424425	
27.072	29.448448	
27.028	29.37938	
27.009	29.355356	
27.016	29.385386	
26.963	29.35936	
26.959	29.37938	
27.057	29.38038	
27.019	29.42943	
27.11	29.36136	
27.114	29.353354	
27.115	29.396397	
27.026	29.412413	
27.022	29.383383	
26.942	29.377377	
26.938	29.395395	
26.941	29.364365	
26.904	29.423424	
26.873	29.396397	
26.844	29.401402	
26.825	29.43143	
26.825	29.405405	
26.789	29.393393	
26.773	29.302301	
26.763	29.224224	
26.744	29.18018	
26.749	29.16016	
26.781	29.188189	
26.825	29.187187	
26.873	29.216217	
26.904	29.215216	
26.859	29.14014	
26.926	29.14014	
26.853	29.183184	
26.915	29.13914	
26.869	29.13914	
26.811	29.083082	
26.785	29.166166	
26.84	29.075075	
26.858	29.078077	
26.915	28.973974	
26.92	29.03103	
26.98	29.117117	
26.889	29.083082	
26.895	29.138138	
26.875	29.087088	
26.917	29.089088	
26.846	29.091091	
26.807	29.077078	
26.768	29.011011	
26.82	29.004004	
26.795	28.976976	
26.8	28.993994	
26.765	29.02903	
26.76	28.966967	
26.706	28.91992	
26.7	28.871872	
26.657	28.886887	
26.598	28.793795	
26.617619	28.732733	
26.53954	28.72873	
26.564564	28.64965	
26.565565	28.583584	
26.578579	28.562563	
26.54955	28.644644	
26.535536	28.645645	
26.515516	28.61962	
26.567568	28.585585	
26.48849	28.562563	
26.494495	28.546547	
26.492493	28.49049	
26.504505	28.411411	
26.461462	28.346346	
26.391392	28.31031	
26.34935	28.33033	
26.411411	28.438438	
26.396397	28.444445	
26.423424	28.417418	
26.445446	28.43143	
26.442442	28.474474	
26.457457	28.467468	
26.483484	28.463463	
26.541542	28.464464	
26.546547	28.427427	
26.557558	28.381382	
26.610611	28.352352	
26.611612	28.284285	
26.606607	28.28128	
26.616617	28.355356	
26.585585	28.345345	
26.63864	28.331331	
26.722723	28.253254	
26.784784	28.306307	
26.73974	28.371372	
26.793795	28.352352	
26.744745	28.346346	
26.734735	28.2993	
26.705706	28.265265	
26.654655	28.249249	
26.667667	28.208208	
26.6997	28.204205	
26.725725	28.13914	
26.735735	28.144144	
26.742743	28.168169	
26.680681	28.202202	
26.66967	28.18018	
26.677677	28.165165	
26.554554	28.135136	
26.53954	28.192192	
26.575575	28.200201	
26.536537	28.167168	
26.532532	28.142141	
26.597597	28.153152	
26.517517	28.164164	
26.55055	28.136137	
26.485485	28.135136	
26.522522	28.081081	
26.532532	28.042042	
26.555555	27.998999	
26.523523	27.88889	
26.526527	27.774775	
26.526527	27.754755	
26.569569	27.697699	
26.537537	27.635635	
26.557558	27.644644	
26.438438	27.690691	
26.436436	27.71071	
26.452452	27.676676	
26.428429	27.696697	
26.432432	27.661661	
26.437437	27.65065	
26.386387	27.613613	
26.368368	27.567568	
26.332333	27.562563	
26.3003	27.56857	
26.204205	27.495495	
26.235235	27.473473	
26.235235	27.39039	
26.205206	27.454454	
26.13914	27.462463	
26.120121	27.403404	
26.11111	27.366365	
26.105104	27.324324	
26.085085	27.32833	
26.016016	27.267267	
26.083082	27.222221	
26.028028	27.186186	
26.112112	27.2012	
26.1992	27.118118	
26.238237	27.083166	
26.182182	27.097195	
26.173174	27.051102	
26.126125	27.0	
26.142141	26.881645	
26.148148	26.85958	
26.166166	26.815447	
26.179178	26.828314	
26.116116	26.84036	
26.104105	26.848394	
26.087088	26.790955	
26.182182	26.813065	
26.158157	26.900503	
26.09009	26.881407	
26.002003	26.81608	
26.023024	26.796986	
26.027027	26.810051	
26.083082	26.738693	
26.053053	26.703518	
26.084084	26.688442	
26.12112	26.590954	
26.13113	26.579899	
26.163162	26.516582	
26.159159	26.507538	
26.143143	26.419096	
26.172173	26.36583	
26.196196	26.297487	
26.212212	26.24422	
26.161161	26.249496	
26.171171	26.290745	
26.159159	26.265594	
26.116116	26.250755	
26.084084	26.244713	
26.036036	26.250755	
25.986986	26.23162	
25.96997	26.158106	
25.923923	26.185297	
25.877878	26.23565	
25.785786	26.25277	
25.755756	26.150051	
25.71872	26.206446	
25.685686	26.204432	
25.64064	26.205439	
25.639639	26.180262	
25.642643	26.141994	
25.614614	26.182276	
25.605606	26.163141	
25.567568	26.138973	
25.615616	26.128902	
25.5996	26.077543	
25.4995	26.099697	
25.48849	26.099697	
25.486486	26.103725	
25.457457	26.077543	
25.433434	25.973816	
25.468468	25.956697	
25.552553	25.949648	
25.559559	25.880161	
25.615616	25.731855	
25.635635	25.654234	
25.57958	25.60484	
25.510511	25.53784	
25.437437	25.466196	
25.364365	25.396568	
25.353354	25.352169	
25.286285	25.332996	
25.229229	25.277498	
25.198198	25.0777	
25.136137	25.001009	
25.108109	24.9778	
25.096096	25.01009	
25.078077	25.035318	
25.052052	25.007063	
24.964966	25.006054	
24.92993	24.9778	
24.8989	24.967709	
24.777779	24.932392	
24.725725	24.872856	
24.596596	24.846619	
24.616617	24.865656	
24.65065	24.860605	
24.586586	24.785858	
24.62926	24.843277	
24.722445	24.852377	
24.738478	24.815975	
24.728456	24.769464	
24.76052	24.71082	
24.707415	24.709808	
24.785572	24.661274	
24.749498	24.664307	
24.742485	24.652174	
24.717434	24.785643	
24.689379	24.687563	
24.632265	24.68352	
24.611223	24.672396	
24.628256	24.634985	
24.572144	24.55915	
24.65531	24.510616	
24.622244	24.524773	
24.566132	24.512638	
24.59519	24.489384	
24.582165	24.453995	
24.639278	24.452982	
24.663326	24.419617	
24.663992	24.38625	
24.676027	24.331648	
24.635908	24.314459	
24.612839	24.311426	
24.683048	24.273003	
24.725176	24.26188	
24.717152	24.383215	
24.637915	24.360971	
24.59679	24.33367	
24.614845	24.366026	
24.604815	24.366026	
24.551655	24.339737	
24.558676	24.410515	
24.530592	24.403439	
24.494484	24.360971	
24.472418	24.32558	
24.447342	24.314459	
24.388165	24.220425	
24.354063	24.244692	
24.374123	24.227503	
24.422266	24.222446	
24.363089	24.219414	
24.33032	24.159758	
24.251003	24.148636	
24.242971	24.155712	
24.227911	24.149647	
24.221888	24.13448	
24.196787	24.063702	
24.135542	24.023256	
24.114458	24.058645	
24.079317	24.032356	
24.039156	24.030334	
24.08534	24.026289	
24.045181	24.167847	
24.006031	24.114256	
24.021105	24.11628	
24.031157	24.130568	
24.039196	24.095142	
24.00503	24.110323	
24.031187	24.024292	
23.99497	24.020243	
23.988934	23.963562	
23.969818	23.986841	
23.942656	23.949392	
23.924547	23.918016	
23.938631	23.936235	
23.958752	24.092106	
23.928572	24.115385	
23.90141	24.09919	
23.967808	24.104252	
24.05332	24.24595	
24.018108	24.343117	
23.961771	24.348179	
24.027163	24.411943	
24.023138	24.41093	
24.02817	24.467611	
24.016096	24.56174	
24.06841	24.563765	
24.061369	24.577936	
24.062374	24.605263	
24.037224	24.635628	
24.100603	24.617409	
24.096579	24.638664	
24.04527	24.631578	
24.084507	24.59008	
24.096579	24.560728	
24.087524	24.573887	
24.087524	24.634615	
24.063381	24.586033	
24.001005	24.586033	
24.026157	24.540485	
24.039236	24.530365	
24.072435	24.496964	
24.129778	24.493927	
24.144869	24.42915	
24.200403	24.362349	
24.212488	24.288462	
24.229607	24.275303	
24.211481	24.178137	
24.166162	24.126518	
24.168177	24.077936	
24.19134	24.135628	
24.159113	24.07591	
24.151058	24.021255	
24.090635	24.045547	
24.104733	24.016193	
24.067472	24.031376	
24.053373	23.928137	
24.066465	23.97672	
24.06848	23.955465	
24.099697	23.92915	
24.09265	23.940283	
24.114803	23.31174	
24.011078	23.352226	
23.944557	23.190283	
23.898186	23.180162	
23.862764	23.16498	
23.884964	23.120445	
23.871847	23.13664	
23.903128	23.10324	
23.911201	23.133604	
23.921291	23.181173	
23.902119	23.1417	
23.993946	23.084007	
23.980827	23.030365	
24.0111	22.991903	
23.976791	22.98077	
24.039354	22.871458	
24.107971	22.83907	
24.037336	22.82591	
24.04339	22.822874	
24.008072	22.76417	
23.91221	22.727734	
23.962664	22.798582	
23.958586	22.798582	
23.983822	22.707193	
23.985844	22.74772	
24.012133	22.745693	
24.002022	22.726444	
24.131447	22.714285	
24.138523	22.704153	
24.197168	22.679838	
24.209303	22.587639	
24.210314	22.60689	
24.213346	22.605877	
24.158747	22.59068	
24.211325	22.56839	
24.235592	22.518744	
24.244692	22.52077	
24.24089	22.504559	
24.25532	22.430597	
24.25532	22.436676	
24.201622	22.431034	
24.224924	22.421907	
24.231003	22.446247	
24.251266	22.41785	
24.305977	22.42495	
24.270517	22.40365	
24.259373	22.404665	
24.20466	22.445232	
24.14691	22.388437	
24.123608	22.412779	
24.136778	22.432049	
24.171227	22.528399	
24.195541	22.474646	
24.110435	22.44929	
24.078014	22.466532	
24.10841	22.43002	
24.089159	22.464502	
24.095238	22.477688	
24.05471	22.5071	
24.029383	22.434076	
23.993921	22.411764	
23.994934	22.288033	
24.004053	22.220081	
23.986828	22.180527	
24.010132	22.11359	
24.045593	22.102434	
24.032421	22.111563	
24.009119	22.064909	
23.956434	22.078093	
23.931105	22.100405	
23.889565	22.053753	
23.929077	22.030426	
23.82776	22.077158	
23.85613	22.148224	
23.845999	22.053806	
23.793314	21.977665	
23.829786	21.943089	
23.851065	21.914635	
23.819656	21.882114	
23.821682	21.848577	
23.793314	21.861788	
23.71226	21.908537	
23.740627	21.897358	
23.690983	21.903456	
23.636272	21.909554	
23.657549	21.929878	
23.643364	21.908537	
23.625126	21.865854	
23.601824	21.857723	
23.647417	21.822155	
23.621075	21.814024	
23.640324	21.780487	
23.6643	21.754065	
23.62069	21.731707	
23.598377	21.704268	
23.560852	21.691057	
23.51724	21.686993	
23.488844	21.639227	
23.469574	21.720528	
23.439148	21.704268	
23.433502	21.743643	
23.512196	21.68769	
23.544716	21.717192	
23.552845	21.69176	
23.631098	21.696846	
23.577236	21.71414	
23.645325	21.631739	
23.651423	21.624619	
23.674797	21.592066	
23.693089	21.577824	
23.70122	21.570702	
23.627033	21.712107	
23.659554	21.739573	
23.588415	21.758902	
23.594513	21.75585	
23.589432	21.758902	
23.553862	21.782078	
23.587399	21.745417	
23.611788	21.716904	
23.584349	21.72505	
23.578253	21.700611	
23.591463	21.669043	
23.553862	21.70948	
23.546747	21.719673	
23.571138	21.67686	
23.595528	21.674822	
23.626017	21.674822	
23.568089	21.602446	
23.530487	21.570847	
23.496952	21.559633	
23.47256	21.618757	
23.445576	21.587156	
23.478128	21.56473	
23.387589	21.510704	
23.336725	21.41998	
23.336725	21.36901	
23.360123	21.362894	
23.403866	21.326199	
23.433367	21.32314	
23.400814	21.320082	
23.42116	21.37105	
23.446592	21.379206	
23.417091	21.393476	
23.346897	21.355759	
23.367243	21.328236	
23.396744	21.331295	
23.399797	21.289501	
23.419125	21.273191	
23.457783	21.29052	
23.467955	21.295616	
23.44354	21.239552	
23.471487	21.151886	
23.404278	21.197758	
23.415478	21.220184	
23.406313	21.171253	
23.357433	21.175331	
23.303463	21.181818	
23.272913	21.194077	
23.233198	21.11338	
23.220978	21.111338	
23.231161	21.0429	
23.230143	21.051073	
23.170061	21.062372	
23.17617	21.104294	
23.138493	21.100204	
23.142567	21.129856	
23.098778	21.116564	
23.098778	21.150307	
23.014257	21.10225	
23.015274	21.04499	
23.049898	20.958078	
23.031569	21.00409	
22.995926	21.060328	
22.970469	21.08086	
22.990835	21.112589	
22.991854	21.029682	
23.003056	20.916069	
23.004074	20.877174	
23.106924	20.908905	
23.069246	20.883316	
23.065172	20.83214	
23.069246	20.809622	
23.019348	20.766632	
23.001019	20.801434	
22.943993	20.764585	
22.897148	20.746925	
22.85947	20.82787	
22.761711	20.760246	
22.789206	20.82359	
22.771662	20.835897	
22.784914	20.882051	
22.794088	20.836924	
22.785933	20.835897	
22.771662	20.779488	
22.506123	20.688206	
22.42653	20.657436	
22.457144	20.551794	
22.50102	20.693731	
22.55306	20.65262	
22.616327	20.590956	
22.639795	20.507708	
22.62143	20.475847	
22.62245	20.48818	
22.568367	20.450153	
22.526531	20.436794	
22.482653	20.406988	
22.468367	20.457348	
22.485714	20.409044	
22.440817	20.4111	
22.356123	20.416239	
22.300306	20.399794	
22.276814	20.421377	
22.152197	20.337101	
22.28907	20.366907	
22.232891	20.359713	
22.136875	20.364851	
22.089888	20.330935	
22.115541	20.298353	
22.101227	20.338478	
22.124744	20.307613	
22.1227	20.315844	
22.056236	20.324074	
22.04499	20.265432	
22.10133	20.308641	
22.03173	20.313786	
22.082993	20.289095	
22.009222	20.313786	
22.022541	20.354939	
22.012295	20.26749	
22.075819	20.245108	
22.032787	20.23172	
22.036884	20.189495	
22.04923	20.131958	
22.077002	20.131958	
22.140657	20.167183	
22.080082	20.203302	
22.039015	20.206398	
21.971252	20.245613	
21.929157	20.190918	
21.975359	20.204334	
21.954826	20.178535	
21.858316	20.114552	
21.883984	19.949432	
21.919918	19.879257	
21.936344	19.915377	
21.918892	19.933952	
21.924025	19.927761	
21.956835	19.885448	
21.905447	19.961777	
21.894142	19.978283	
21.909557	19.928646	
21.946556	19.926577	
21.944502	19.880041	
21.884892	19.849018	
21.915724	19.871769	
21.909557	19.843847	
21.91367	19.847984	
21.924896	19.7818	
21.924896	19.72906	
21.932098	19.683558	
21.969135	19.741468	
21.945473	19.724922	
21.925926	19.6853	
21.917696	19.643892	
21.873457	19.642857	
21.795267	19.651138	
21.805555	19.646997	
21.824074	19.580746	
21.772635	19.548655	
21.705761	19.536232	
21.70679	19.52588	
21.615227	19.464804	
21.654322	19.425467	
21.685184	19.443064	
21.677984	19.366459	
21.668724	19.355072	
21.659466	19.351967	
21.604939	19.360249	
21.48251	19.250517	
21.418724	19.195652	
21.38889	19.188406	
21.356997	19.180124	
21.316872	19.233955	
21.289095	19.182194	
21.337448	19.206003	
21.18107	19.16356	
21.14933	19.138716	
21.15345	19.143892	
21.064882	19.116978	
21.013388	19.038301	
21.058702	19.013458	
21.011328	19.008282	
21.052578	19.074533	
21.18866	19.018652	
21.193815	19.015545	
21.230928	19.01658	
21.153608	18.98031	
21.131958	18.974092	
21.130928	18.994818	
21.127834	19.017616	
21.166151	19.049742	
21.14448	19.074612	
21.14964	19.131607	
21.163055	19.169949	
21.142414	19.120207	
21.146544	19.129534	
21.099072	19.162695	
21.144777	19.146114	
21.117891	19.182383	
21.169598	19.123444	
21.22544	19.113188	
21.220268	19.060228	
21.314375	19.068537	
21.266804	19.106956	
21.335056	19.074766	
21.311272	19.036345	
21.35574	19.02077	
21.404343	18.998962	
21.467909	18.958464	
21.531055	18.959501	
21.511387	18.904465	
21.467909	18.920042	
21.468945	18.953272	
21.439959	18.959501	
21.451345	18.917965	
21.471014	18.876429	
21.490683	18.86812	
21.464804	18.839045	
21.5176	18.87422	
21.510351	18.876299	
21.60145	18.862785	
21.547619	18.81289	
21.567287	18.841995	
21.602072	18.759874	
21.590673	18.793139	
21.632124	18.753637	
21.65664	18.776506	
21.678423	18.754168	
21.682573	18.763294	
21.659752	18.771637	
21.662863	18.74244	
21.71755	18.793535	
21.63863	18.84463	
21.576324	18.851929	
21.56445	18.75391	
21.578564	18.688217	
21.616026	18.626694	
21.644121	18.640251	
21.616026	18.54953	
21.620188	18.5683	
21.569199	18.589155	
21.592283	18.55683	
21.569344	18.572025	
21.574556	18.512526	
21.554745	18.455591	
21.548489	18.454546	
21.54953	18.486938	
21.65762	18.471758	
21.691023	18.52406	
21.652401	18.536612	
21.63883	18.486403	
21.667015	18.517782	
21.66284	18.49477	
21.639875	18.471758	
21.672234	18.493723	
21.624218	18.463388	
21.636744	18.474895	
21.61691	18.467573	
21.655172	18.526701	
21.703976	18.56335	
21.648535	18.536125	
21.701883	18.621593	
21.766737	18.633123	
21.725655	18.628931	
21.74109	18.633123	
21.685535	18.619497	
21.728512	18.584906	
21.730608	18.578617	
21.768343	18.613207	
21.743187	18.544025	
21.757862	18.524109	
21.77673	18.487421	
21.7935	18.502096	
21.795597	18.451782	
21.790356	18.430819	
21.798742	18.465408	
21.815514	18.496855	
21.78826	18.490032	
21.808176	18.478992	
21.816563	18.461134	
21.789309	18.461134	
21.849947	18.464285	
21.806925	18.454832	
21.820566	18.435925	
21.802729	18.446428	
21.715635	18.436382	
21.705141	18.459517	
21.67681	18.416405	
21.641132	18.439537	
21.5404	18.418947	
21.524658	18.370527	
21.5383	18.335789	
21.443861	18.306316	
21.363064	18.268421	
21.331932	18.243414	
21.30252	18.216017	
21.319328	18.190727	
21.304623	18.261328	
21.336134	18.289335	
21.360294	18.292503	
21.30042	18.318182	
21.272058	18.344608	
21.268139	18.355179	
21.365263	18.2537	
21.414557	18.236786	
21.393875	18.200846	
21.380148	18.181818	
21.33791	18.176533	
21.352694	18.163847	
21.353065	18.18499	
21.393234	18.222221	
21.440804	18.206348	
21.455603	18.150265	
21.504229	18.21693	
21.498943	18.195766	
21.483088	18.118519	
21.516912	18.122751	
21.490486	18.097355	
21.434462	18.120762	
21.411205	18.115465	
21.437037	18.133474	
21.45291	18.12288	
21.374603	18.088984	
21.35699	18.09428	
21.353128	18.028603	
21.41189	18.043478	
21.390657	17.985153	
21.41189	18.043478	
21.403397	18.110287	
21.376858	18.073172	
21.37792	18.138918	
21.33758	18.100742	
21.321655	18.058325	
21.37792	18.076433	
21.308918	18.136942	
21.29724	18.059448	
21.360933	18.0414	
21.325903	17.9862	
21.34501	18.005308	
21.39172	18.007431	
21.389597	18.008501	
21.381104	18.024443	
21.386412	18.053135	
21.387886	18.112766	
21.450584	18.129925	
21.431456	18.124601	
21.402763	18.1258	
21.427206	18.083157	
21.411264	18.053362	
21.462767	18.062967	
21.52766	18.025614	
21.469149	18.029882	
21.429787	18.072649	
21.41702	18.050213	
21.401064	18.056623	
21.415956	18.03312	
21.39468	18.051283	
21.297873	18.080128	
21.3	18.076017	
21.337593	18.097431	
21.355698	18.0803	
21.371672	17.978586	
21.317358	18.022509	
21.299574	17.992496	
21.298508	18.003216	
21.284649	17.991425	
21.29211	17.967812	
21.314499	17.968884	
21.294243	17.984978	
21.233475	17.983906	
21.257996	17.997854	
21.25507	17.939915	
21.26681	18.005371	
21.313766	18.04726	
21.242262	17.969925	
21.20406	17.986036	
21.215813	17.979591	
21.219017	18.037634	
21.186966	18.053764	
21.141026	18.074194	
21.1453	18.066668	
21.149572	18.093649	
21.208334	18.092573	
21.19658	18.097956	
21.166666	18.108719	
21.17842	18.181915	
21.192308	18.14224	
21.18483	18.168104	
21.26389	18.132544	
21.235043	18.105604	
21.2703	18.172413	
21.25	18.155172	
21.257479	18.106796	
21.2703	18.091694	
21.28312	18.080906	
21.307692	18.105717	
21.233974	18.151188	
21.230192	18.104752	
21.223768	18.046486	
21.195932	18.063784	
21.167202	18.028109	
21.15434	17.993513	
21.17149	17.948109	
21.155413	17.966486	
21.107182	17.972973	
21.155413	18.047567	
21.1597	18.042162	
21.12433	18.058378	
21.063236	18.015135	
21.007504	18.04108	
20.990355	18.037838	
20.944265	17.985947	
20.86388	17.975136	
20.802786	17.971891	
20.745981	17.98162	
20.724249	17.941622	
20.680258	17.92	
20.714592	17.952433	
20.671675	17.967567	
20.624464	17.894054	
20.553648	17.865946	
20.56545	17.863783	
20.574034	17.877838	
20.600859	17.918919	
20.63412	17.923243	
20.58691	17.92	
20.550428	17.895136	
20.509657	17.804325	
20.534334	17.744865	
20.524677	17.79329	
20.52897	17.727272	
20.50322	17.72186	
20.525751	17.795233	
20.467812	17.775732	
20.479614	17.767063	
20.532188	17.770313	
20.45279	17.763813	
20.477468	17.740782	
20.52739	17.787418	
20.546724	17.777657	
20.512352	17.762472	
20.539206	17.712582	
20.55639	17.691975	
20.526316	17.700651	
20.4565	17.684381	
20.44898	17.64859	
20.440386	17.689468	
20.421053	17.757872	
20.440386	17.774158	
20.396349	17.793703	
20.372717	17.747015	
20.388828	17.753529	
20.336197	17.788273	
20.356606	17.788044	
20.343716	17.755434	
20.356606	17.729347	
20.367348	17.735582	
20.38602	17.711643	
20.373117	17.680086	
20.378494	17.618063	
20.294624	17.651417	
20.315054	17.672113	
20.441336	17.669575	
20.481121	17.697927	
20.455233	17.697927	
20.432579	17.695747	
20.427185	17.691385	
20.409924	17.674673	
20.423948	17.734716	
20.417927	17.728167	
20.407127	17.720524	
20.450323	17.7369	
20.419006	17.692896	
20.36717	17.68306	
20.397408	17.700546	
20.466522	17.652458	
20.422247	17.667759	
20.37797	17.710382	
20.345572	17.738798	
20.335854	17.765863	
20.342333	17.728664	
20.478918	17.678337	
20.45946	17.647703	
20.322163	17.684902	
20.335135	17.744797	
20.316017	17.668127	
20.353895	17.68127	
20.341991	17.628696	
20.318182	17.616648	
20.262987	17.592552	
20.241343	17.578314	
20.207792	17.539978	
20.189394	17.556408	
20.18723	17.538883	
20.200216	17.51864	
20.19264	17.487938	
20.25	17.46601	
20.247835	17.489035	
20.242424	17.480263	
20.20671	17.472588	
20.1961	17.519209	
20.163597	17.540066	
20.221018	17.542261	
20.224268	17.579582	
20.282774	17.597803	
20.2026	17.516483	
20.169014	17.50385	
20.152763	17.518152	
20.10726	17.585258	
20.076923	17.515951	
20.001083	17.518152	
20.094463	17.577559	
20.175896	17.592958	
20.222584	17.537954	
20.244299	17.581959	
20.244299	17.635864	
20.25733	17.636963	
20.270359	17.58746	
20.294565	17.553965	
20.302174	17.547358	
20.330435	17.52533	
20.320652	17.464758	
20.294565	17.40969	
20.246738	17.386564	
20.240217	17.39978	
20.293478	17.388092	
20.297827	17.465784	
20.304348	17.51766	
20.311956	17.533113	
20.279348	17.45254	
20.243479	17.426048	
20.226088	17.431568	
20.212187	17.404419	
20.232862	17.449724	
20.236383	17.414824	
20.173203	17.411505	
20.19281	17.44469	
20.189543	17.460176	
20.147058	17.434734	
20.17538	17.43031	
20.183006	17.43584	
20.173203	17.409292	
20.126362	17.357697	
20.153595	17.362125	
20.154684	17.36102	
20.084967	17.348837	
20.062092	17.331486	
20.068628	17.315964	
20.092592	17.267183	
20.119825	17.236141	
20.117775	17.26526	
20.12432	17.26748	
20.102509	17.190899	
20.030535	17.200888	
19.980371	17.209766	
20.005453	17.223085	
19.954199	17.220865	
19.941113	17.247503	
20.009815	17.278889	
19.964012	17.256952	
19.973827	17.276974	
19.937841	17.278088	
19.902945	17.272526	
19.901854	17.23693	
19.883316	17.16574	
19.908398	17.140156	
19.897491	17.181313	
19.908398	17.17575	
19.900763	17.10901	
19.968374	17.143494	
19.954199	17.22247	
20.002184	17.1802	
20.03821	17.1802	
20.05786	17.143494	
20.028385	17.115685	
19.989082	17.171492	
19.980349	17.163696	
19.991266	17.087973	
20.024017	17.033407	
20.027323	16.987751	
20.022951	16.974388	
19.971584	16.949888	
19.983606	16.95323	
20.019693	16.952116	
20.047047	16.858574	
20.0	16.840757	
19.970394	16.804008	
19.95285	16.847439	
19.957237	16.81069	
19.986841	16.78285	
19.961622	16.74499	
19.970362	16.767262	
19.964874	16.769487	
20.02854	16.795101	
19.958288	16.807135	
19.936335	16.832775	
19.883644	16.852842	
19.915478	16.865107	
19.903402	16.831661	
19.972527	16.762543	
20.00989	16.740246	
20.05165	16.76923	
20.042856	16.760313	
20.07912	16.710144	
20.024176	16.6767	
20.034065	16.77146	
20.06044	16.738016	
20.073708	16.723522	
20.069307	16.68562	
20.069307	16.71349	
20.064907	16.703125	
20.006601	16.72067	
19.963696	16.729307	
19.89329	16.782997	
19.864538	16.748322	
19.871004	16.715883	
19.837927	16.717003	
19.819183	16.71812	
19.788313	16.736017	
19.790287	16.722595	
19.78256	16.739374	
19.751656	16.732662	
19.78808	16.721476	
19.759115	16.68421	
19.767443	16.764574	
19.710964	16.730942	
19.624584	16.66779	
19.635658	16.69248	
19.565891	16.64422	
19.538206	16.68504	
19.571428	16.683914	
19.58361	16.631046	
19.598007	16.69482	
19.55383	16.615992	
19.577137	16.712837	
19.567148	16.68018	
19.570477	16.646397	
19.574444	16.612612	
19.651112	16.625	
19.636667	16.597519	
19.644444	16.605412	
19.644444	16.634724	
19.63889	16.70575	
19.62111	16.622322	
19.682222	16.636978	
19.736666	16.642616	
19.767778	16.614431	
19.795555	16.614431	
19.744444	16.650507	
19.69188	16.661781	
19.628475	16.676437	
19.612904	16.626833	
19.661846	16.652761	
19.680756	16.594137	
19.7208	16.572718	
19.64516	16.542278	
19.675194	16.523111	
19.666296	16.456594	
19.693764	16.445322	
19.691536	16.448704	
19.739422	16.43292	
19.724945	16.4239	
19.698217	16.410372	
19.699331	16.40699	
19.706013	16.373167	
19.674833	16.377678	
19.728285	16.351748	
19.71572	16.37655	
19.710144	16.361895	
19.710938	16.35513	
19.694973	16.312288	
19.743017	16.32469	
19.72067	16.293123	
19.693855	16.33973	
19.709497	16.401806	
19.6868	16.37062	
19.638702	16.324293	
19.653975	16.300905	
19.637892	16.433258	
19.587444	16.424208	
19.643497	16.406109	
19.689463	16.402716	
19.661434	16.325792	
19.705156	16.312218	
19.680492	16.262444	
19.658072	16.25	
19.643497	16.228506	
19.627802	16.207014	
19.623318	16.226244	
19.65695	16.276018	
19.671524	16.320498	
19.698431	16.272934	
19.69731	16.261608	
19.661434	16.231031	
19.700672	16.261608	
19.74523	16.263874	
19.789001	16.180067	
19.789888	16.161947	
19.795506	16.143827	
19.744944	16.165346	
19.705618	16.138165	
19.682022	16.14496	
19.651686	16.142694	
19.58427	16.141563	
19.591677	16.116648	
19.56243	16.092865	
19.573679	16.07248	
19.633295	16.053288	
19.605175	16.05102	
19.653889	16.068027	
19.625704	16.098639	
19.629797	16.086168	
19.63729	16.064627	
19.6	16.031746	
19.554802	16.057823	
19.576923	16.075964	
19.5724	16.061295	
19.593891	16.06243	
19.64213	16.029512	
19.70068	16.034052	
19.6958	16.032917	
19.53462	16.040863	
19.547106	16.023836	
19.561363	16.010216	
19.611364	15.973893	
19.592045	16.01589	
19.55	15.944382	
19.57224	15.956867	
19.546076	16.00454	
19.584755	16.019318	
19.544937	16.056818	
19.513083	16.093288	
19.491468	16.073948	
19.574032	16.04892	
19.57631	16.075085	
19.53189	16.010239	
19.538725	16.013653	
19.535307	16.031855	
19.493166	16.02278	
19.494305	16.072893	
19.494305	16.047836	
19.506271	16.042141	
19.509691	16.026196	
19.518814	16.058086	
19.524515	16.011389	
19.522831	16.039864	
19.502857	16.062643	
19.418764	16.051311	
19.375286	16.061573	
19.345537	16.109589	
19.375286	16.118721	
19.38717	16.133715	
19.350515	16.194286	
19.447882	16.201143	
19.448395	16.213959	
19.464449	16.036697	
19.46101	16.088303	
19.46789	16.111238	
19.497707	16.111238	
19.557339	16.141054	
19.569954	16.127293	
19.661697	16.129587	
19.665138	16.116972	
19.718714	16.18922	
19.711826	16.251146	
19.786207	16.205275	
19.768965	16.277842	
19.764368	16.24914	
19.783909	16.252583	
19.75977	16.261768	
19.793104	16.282434	
19.735632	16.215843	
19.703447	16.274397	
19.7023	16.269804	
19.62069	16.244547	
19.593786	16.228474	
19.571922	16.267817	
19.566168	16.31954	
19.565018	16.254023	
19.528193	16.249426	
19.47526	16.241379	
19.42923	16.245977	
19.463133	16.267817	
19.427912	16.190805	
19.543253	16.275862	
19.580162	16.28046	
19.570934	16.28046	
19.57324	16.25977	
19.576212	16.261219	
19.534641	16.272728	
19.50636	16.241657	
19.478613	16.238205	
19.401155	16.210587	
19.36763	16.219793	
19.360693	16.247412	
19.360693	16.265823	
19.352602	16.273878	
19.354166	16.330265	
19.38426	16.301497	
19.427578	16.306099	
19.39861	16.303797	
19.417149	16.302647	
19.410196	16.332565	
19.531866	16.32336	
19.575897	16.309551	
19.617613	16.387802	
19.657011	16.363636	
19.551565	16.38435	
19.526072	16.329113	
19.50058	16.25576	
19.560835	16.245392	
19.514484	16.229263	
19.550406	16.279953	
19.588644	16.309908	
19.69525	16.29954	
19.61066	16.26728	
19.618773	16.296425	
19.586327	16.242214	
19.8146	16.272203	
19.913094	16.251442	
19.901506	16.236448	
19.876015	16.262976	
19.809965	16.21478	
19.798378	16.245958	
19.747393	16.213625	
19.78281	16.093641	
19.813007	16.07052	
19.811846	16.086704	
19.663183	16.034681	
19.643438	15.957226	
19.635307	15.982659	
19.64535	16.046244	
19.64535	16.07986	
19.625582	16.084589	
19.602325	16.039398	
19.554651	16.044033	
19.559301	16.030127	
19.54186	16.039444	
19.639114	16.02323	
19.669382	16.054588	
19.681025	16.047619	
19.710957	15.984901	
19.681818	15.946574	
19.700466	15.981396	
19.74329	15.961628	
19.738623	15.922093	
19.73629	15.966279	
19.781797	15.897675	
19.66472	15.784634	
19.718458	15.795111	
19.681074	15.845169	
19.745327	15.848661	
19.731308	15.786962	
19.74386	15.777648	
19.695906	15.871795	
19.673685	15.864644	
19.651463	15.913551	
19.616375	15.912383	
19.529825	15.899532	
19.471897	15.831776	
19.418034	15.814252	
19.323185	15.834112	
19.34701	15.853801	
19.350527	15.770761	
19.385698	15.747072	
19.35639	15.764637	
19.320047	15.76815	
19.321218	15.733021	
19.31184	15.702228	
19.314554	15.69871	
19.342724	15.701878	
19.346245	15.75	
19.37676	15.725352	
19.342724	15.728873	
19.386604	15.7027025	
19.400705	15.687427	
19.444183	15.643949	
19.488836	15.636898	
19.480612	15.701528	
19.511164	15.672151	
19.566393	15.689776	
19.561691	15.699178	
19.567059	15.689776	
19.65371	15.756471	
19.549528	15.763251	
19.544811	15.772674	
19.549528	15.782097	
19.51651	15.755006	
19.53184	15.750295	
19.542454	15.794811	
19.512972	15.801887	
19.548996	15.746462	
19.545454	15.752066	
19.544273	15.767139	
19.401417	15.752955	
19.420307	15.734042	
19.36954	15.752955	
19.448643	15.767139	
19.429752	15.777778	
19.446281	15.747929	
19.421986	15.728673	
19.48936	15.7247925	
19.449173	15.758907	
19.403072	15.770512	
19.387707	15.785969	
19.364496	15.723809	
19.46327	15.728572	
19.50474	15.779762	
19.482227	15.790476	
19.504152	15.848629	
19.423487	15.835322	
19.524319	15.866348	
19.485172	15.849642	
19.457888	15.900954	
19.352314	15.884248	
19.388361	15.922435	
19.407364	15.903341	
19.397861	15.983294	
19.344418	15.916468	
19.241093	15.954654	
19.272295	15.883055	
19.286564	15.923628	
19.272295	15.957041	
19.27824	15.941527	
19.312723	15.923628	
19.285374	15.9642	
19.287752	15.951074	
19.325802	15.934367	
19.35434	15.937947	
19.390013	15.949881	
19.403091	15.954599	
19.413794	15.936679	
19.43044	15.891278	
19.438763	15.902031	
19.414982	15.970132	
19.382877	15.936603	
19.403091	15.982058	
19.40428	15.995215	
19.335316	16.069462	
19.303211	16.022755	
19.34126	16.052694	
19.40119	16.043114	
19.462456	16.10419	
19.508352	16.071856	
19.57706	16.06467	
19.587814	16.077938	
19.600956	16.027578	
19.626795	16.009592	
19.640718	16.034773	
19.601198	16.03837	
19.637125	16.021584	
19.625149	16.032373	
19.635492	16.07563	
19.564749	16.046818	
19.408163	16.01202	
19.405762	16.004814	
19.386555	15.973494	
19.446579	15.936068	
19.384615	15.91918	
19.377857	15.892642	
19.40313	15.864898	
19.448856	15.833534	
19.494585	15.831121	
19.47533	15.874548	
19.454874	15.879373	
19.399519	15.866104	
19.41757	15.831121	
19.463297	15.808203	
19.449398	15.84541	
19.436144	15.927448	
19.473494	15.935835	
19.456627	15.878935	
19.47229	15.843825	
19.55783	15.859564	
19.550602	15.906779	
19.561445	15.90303	
19.556627	15.933333	
19.587952	15.935758	
19.62485	15.916262	
19.614735	15.927184	
19.504232	15.90534	
19.48005	15.93674	
19.488512	15.824818	
19.460701	15.809003	
19.466747	15.852798	
19.442564	15.851582	
19.435308	15.844282	
19.422007	15.896468	
19.348248	15.954878	
19.287786	15.892683	
19.34341	15.901099	
19.304716	15.952381	
19.316807	15.953602	
19.287786	16.021978	
19.300241	16.042734	
19.249395	16.067156	
19.249395	16.042734	
19.288485	16.019537	
19.263031	16.010988	
19.219395	16.070818	
19.201212	16.13553	
19.14303	16.148962	
19.169697	16.153847	
19.157576	16.105005	
19.151516	16.074482	
19.197577	16.065933	
19.168486	16.037851	
19.191515	16.021978	
19.190304	16.020758	
19.179394	16.101467	
19.135757	16.081907	
19.156553	16.111246	
19.10801	16.133251	
19.099514	16.198286	
19.117718	16.205631	
19.092234	16.247852	
19.125153	16.321472	
19.12029	16.343557	
19.10814	16.328835	
19.11786	16.32638	
19.1531	16.377914	
19.194883	16.384521	
19.192448	16.362408	
19.231424	16.35135	
19.181707	16.36978	
19.155067	16.388683	
19.167482	16.46979	
19.148104	16.458693	
19.149326	16.451294	
19.189718	16.430332	
19.143208	16.45432	
19.159119	16.469715	
19.090576	16.505562	
19.034271	16.529049	
19.033089	16.540842	
19.041666	16.617575	
18.86397	16.574968	
18.86397	16.567533	
18.872393	16.584883	
18.76319	16.54399	
18.814268	16.51673	
18.789667	16.494423	
18.852398	16.44541	
18.835178	16.440447	
18.82903	16.418114	
18.886839	16.424318	
18.99016	16.372208	
18.95203	16.418114	
19.066422	16.359802	
19.076262	16.365217	
19.07257	16.324224	
19.12069	16.279503	
19.125616	16.268324	
19.118227	16.317163	
19.147966	16.39726	
19.09741	16.39726	
19.109877	16.448877	
19.110012	16.517456	
19.092707	16.506235	
19.046972	16.53616	
19.126081	16.53616	
19.139679	16.53242	
19.12979	16.552368	
19.126081	16.552368	
19.191832	16.508728	
19.253714	16.601748	
19.24505	16.61875	
19.240099	16.59625	
19.266088	16.565	
19.304455	16.5675	
19.268564	16.54875	
19.217821	16.594494	
19.26518	16.635796	
19.2057	16.662077	
19.188353	16.654568	
19.245354	16.643305	
19.285006	16.668335	
19.29492	16.659575	
19.270136	16.713392	
19.270136	16.7406	
19.247831	16.761906	
19.27881	16.735588	
19.260223	16.790728	
19.232962	16.75188	
19.261461	16.691729	
19.242874	16.649122	
19.232962	16.646616	
19.251862	16.631578	
19.299007	16.642408	
19.299007	16.601004	
19.282879	16.550816	
19.30521	16.496862	
19.26923	16.475533	
19.342432	16.470514	
19.32134	16.464825	
19.347395	16.46231	
19.411692	16.508795	
19.360697	16.566038	
19.400997	16.516981	
19.445137	16.518286	
19.433916	16.505674	
19.4575	16.532156	
19.39125	16.52399	
19.435	16.549242	
19.426783	16.487373	
19.404255	16.508839	
19.381727	16.507576	
19.48936	16.530973	
19.450563	16.469027	
19.41677	16.434893	
19.382978	16.437422	
19.326658	16.534855	
19.338346	16.420052	
19.328321	16.447268	
19.322056	16.474554	
19.318296	16.325699	
19.226816	16.23028	
19.18421	16.23664	
19.16792	16.1972	
19.161654	16.1972	
19.06015	16.174301	
19.002506	16.247133	
18.984943	16.317198	
18.95483	16.286625	
18.947302	16.276434	
18.958595	16.244585	
18.973652	16.222929	
18.925972	16.208918	
18.908407	16.249681	
18.801756	16.258598	
18.84818	16.28535	
18.90829	16.281528	
18.967255	16.280254	
18.879093	16.343948	
18.812342	16.39618	
18.807304	16.38903	
18.82116	16.396683	
18.738035	16.428572	
18.667088	16.371174	
18.662043	16.432398	
18.636822	16.396683	
18.638083	16.405613	
18.6343	16.452806	
18.627995	16.492975	
18.567465	16.537085	
18.567636	16.471191	
18.469027	16.394365	
18.65526	16.334187	
18.643852	16.326504	
18.642586	16.28297	
18.591888	16.275288	
18.628172	16.241997	
18.61929	16.253521	
18.630241	16.233034	
18.641678	16.21181	
18.58958	16.267353	
18.54638	16.264782	
18.531132	16.251928	
18.562897	16.242931	
18.581957	16.174807	
18.62977	16.1287	
18.676846	16.1287	
18.707378	16.118404	
18.769426	16.078608	
18.784714	16.056702	
18.779337	16.060568	
18.822477	16.020618	
18.828863	15.988402	
18.859156	16.059355	
18.864277	16.105944	
18.915384	16.085272	
18.944872	16.124031	
18.864103	16.125322	
18.830769	16.141008	
18.80641	16.12678	
18.69359	16.152653	
18.660257	16.110104	
18.644417	16.165804	
18.661953	16.216602	
18.611826	16.190908	
18.628534	16.140259	
18.59383	16.102598	
18.493574	16.074026	
18.504505	16.115734	
18.49807	16.102732	
18.536083	16.152344	
18.536774	16.138021	
18.504517	16.110678	
18.490322	16.115885	
18.50646	16.142113	
18.484497	16.1671	
18.492249	16.168407	
18.479328	16.137075	
18.436693	16.08094	
18.387596	16.050915	
18.348837	16.067884	
18.293282	16.071802	
18.23385	16.077023	
18.260983	16.033943	
18.206718	16.037859	
18.186047	16.063969	
18.221216	16.057442	
18.218912	15.997389	
18.151949	15.976501	
18.176624	15.992157	
18.171429	15.9986925	
18.153246	15.94379	
18.11039	15.954248	
18.148052	15.926797	
18.141558	15.954188	
18.157143	15.901833	
18.112988	15.909686	
18.137663	15.956806	
18.15974	15.965968	
18.159948	15.938481	
18.136541	15.91754	
18.16515	16.01178	
18.127438	16.037958	
18.149546	16.03403	
18.143044	15.9921465	
18.20026	15.874346	
18.20026	15.874346	
18.211964	15.803665	
18.163849	15.824607	
18.119637	15.839005	
18.138021	15.862205	
18.115885	15.880577	
