# Position (bp)	A	C	G	T	N
0.0	22.492863939105614	29.60989533777355	33.13796384395813	14.717411988582302	0.04186489058039962
1.0	21.963843958135108	28.57849666983825	29.290199809705044	20.14462416745956	0.022835394862036156
2.0	20.84759948261432	28.6540363691699	28.638819143270183	21.8595450049456	0.0
3.0	20.124757521585334	28.542086645620174	29.447339393708873	21.885816439085616	0.0
4.0	19.40389294403893	29.170468369829685	28.87773722627737	22.547901459854014	0.0
5.0	20.32443110587699	29.145614101736122	28.3516316529271	22.17832313945979	0.0
6.0	19.45383417524403	29.271905503437274	29.511185384936763	21.763074936381937	0.0
7.0	19.612011692798298	29.797653847613986	28.286701340116167	22.30363311947155	0.0
8.0	18.941895328095942	29.633003150024667	28.83221374625223	22.592887775627158	0.0
9.0	19.478056366877823	29.24174031786974	28.813109281948186	22.467094033304253	0.0
10.0	19.39104387062526	29.685663367838323	28.17275243620369	22.75054032533273	0.0
11.0	19.460135724305268	29.59017325700421	28.39974219964363	22.549948819046897	0.0
12.0	19.77863694943522	29.345766052611626	28.523235539382913	22.35236145857024	0.0
13.0	19.87038581065717	29.60660956567877	28.7235655271735	21.799439096490563	0.0
14.0	19.943916025616733	29.637348895373073	28.095039599833267	22.32369547917693	0.0
15.0	19.94923665568057	29.14725158161912	29.029813994014468	21.873697768685833	0.0
16.0	19.723484848484848	29.579545454545453	28.99621212121212	21.700757575757574	0.0
17.0	19.694731659281143	29.765556944286637	28.341476347384763	22.198235049047458	0.0
18.0	19.25465838509317	29.20012119375852	29.453870625662777	22.09134979548553	0.0
19.0	19.816715264891887	29.624720717991444	28.556822054758207	22.001741962358466	0.0
20.0	19.93108931884442	28.999280602779145	29.067434023702244	22.00219605467419	0.0
21.0	20.002271694684236	29.206421323640768	28.89974254126912	21.891564440405876	0.0
22.0	19.653201075228107	29.20910157876803	29.129595275053948	22.00810207094991	0.0
23.0	19.33298001211387	29.213355542095698	29.00136281041793	22.4523016353725	0.0
24.0	20.008327340171846	29.728604413490288	28.377304212877096	21.885764033460767	0.0
25.0	19.505733641145973	29.63705862316921	28.88014230026871	21.977065435416115	0.0
26.0	19.666237796109893	29.247710588057217	28.60062060092333	22.485431014909558	0.0
27.0	19.262930871391273	28.907639335578345	29.717355934768623	22.11207385826176	0.0
28.0	19.715485604025577	29.548636071279937	28.890318186977414	21.845560137717072	0.0
29.0	19.98562457441174	29.473405462661724	28.53521979269123	22.005750170235302	0.0
30.0	19.85550007565441	29.569526403389318	29.11559993947647	21.459373581479802	0.0
31.0	19.15875477550403	29.209063055566066	29.190150168324696	22.442032000605213	0.0
32.0	19.9357034795764	29.149016641452345	29.03177004538578	21.883509833585478	0.0
33.0	19.57870055215188	28.52658649118826	29.785946600105895	22.108766356553964	0.0
34.0	19.528797791476006	29.444465453995388	29.493627803199335	21.52932723215974	0.0037817191695344705
35.0	20.176997844257023	29.405090579025	28.951249952724933	21.46666162399304	0.0
36.0	19.463036490830024	29.35904707884288	29.147286821705425	22.03062960862167	0.0
37.0	20.02117442432034	28.956025258063296	29.179112942866865	21.8436873747495	0.0
38.0	20.538415003024806	28.78856624319419	29.128856624319422	21.544162129461586	0.0
39.0	19.327762864380507	29.486937124276913	29.706227078528492	21.479072932814095	0.0
40.0	19.93875467846206	28.944085289781107	28.78908169823447	22.32807833352236	0.0
41.0	19.55691656270084	29.2654341990851	28.906279535745337	22.271369702468714	0.0
42.0	19.19253014780932	29.531622122254564	29.474917778701847	21.800929951234266	0.0
43.0	19.652239652239654	29.65790965790966	28.739368739368736	21.95048195048195	0.0
44.0	19.69536624083453	29.102728853276894	29.439111043918665	21.762793861969914	0.0
45.0	19.91760837522204	28.776597755017196	29.20745304055331	22.09834082920745	0.0
46.0	19.482973657356663	29.309497713443438	29.309497713443438	21.898030915756454	0.0
47.0	19.476985866525585	29.400649988662984	28.429445998034918	22.69291814677651	0.0
48.0	19.600952272984923	29.573366587310584	29.308846313721045	21.516834825983448	0.0
49.0	19.97052599758162	29.394649334945587	29.30018137847642	21.33464328899637	0.0
50.0	19.86925140762574	29.342856063182555	29.229490231644185	21.55840229754752	0.0
51.0	19.70298152136946	29.17658617692627	29.543135698900354	21.577296602803912	0.0
52.0	19.805010769754	28.961191097003365	29.58092430941314	21.652873823829495	0.0
53.0	19.77025392986699	29.46644498186215	29.00922007255139	21.754081015719468	0.0
54.0	19.702237001209188	28.363059250302296	29.579806529625152	22.35489721886336	0.0
55.0	19.573760580411125	29.254836759371223	29.349304715840386	21.822097944377266	0.0
56.0	19.627404300343876	28.57196840872161	29.76230963987454	22.038317651059973	0.0
57.0	19.788399773285473	28.225958813527303	29.858303419610806	22.127337993576422	0.0
58.0	20.15492159455885	28.822973738900437	29.563574532401283	21.45853013413943	0.0
59.0	19.943321367844323	29.079916871339506	29.19327413565086	21.783487625165314	0.0
60.0	20.136028717173627	28.63026638957113	29.419988664273568	21.813716228981676	0.0
61.0	19.11886949293433	28.991914154008917	30.098994936900176	21.790221416156577	0.0
62.0	19.81713076661503	29.191068122567724	29.383760909812217	21.608040201005025	0.0
63.0	20.459440057430005	28.454301583103486	29.58023198700268	21.506026372463825	0.0
64.0	19.80504760465468	28.997279734018438	29.420432220039295	21.777240441287592	0.0
65.0	19.57532021007292	29.527335927759097	28.975705595647412	21.921638266520574	0.0
66.0	19.525464712105183	29.220190418618706	29.52999848874112	21.724346380534985	0.0
67.0	19.894971476066342	29.00751822887151	29.192640447315725	21.901091843288377	0.0037780044580452603
68.0	19.885139985642496	28.654550950239923	29.65957607586806	21.796954698303548	0.0037782899459704537
69.0	19.966753560769202	28.95084816200083	29.521326835165667	21.557293437606255	0.0037780044580452603
70.0	20.253116735927463	28.624858330185116	29.085757461276916	22.032489610880244	0.0037778617302606727
71.0	19.342652058934643	29.036645258783526	29.62221382697393	21.994710993577634	0.0037778617302606727
72.0	19.761994710993577	28.48507744616547	29.94710993577635	21.80204004533434	0.0037778617302606727
73.0	20.094446543256517	29.25953910086891	29.346429920664903	21.29580657347941	0.0037778617302606727
74.0	19.894971476066342	29.729117080358154	29.011296233329553	21.360837205787902	0.0037780044580452603
75.0	19.804299369073256	28.79972798367902	29.970909365673055	21.421285277116628	0.0037780044580452603
76.0	19.403830896520457	28.667497827647438	30.023801428085683	21.901091843288377	0.0037780044580452603
77.0	19.978087574143338	28.913068117420377	29.562884884204166	21.542181419774074	0.0037780044580452603
78.0	19.49597612120754	28.764121358673066	30.12052744927646	21.61559678089697	0.0037782899459704537
79.0	19.873781271256895	28.59194316378203	29.97505857455975	21.555437986546746	0.003779003854583932
80.0	19.90854465061789	28.619477721930387	29.44333169570311	22.02486678507993	0.0037791466686822113
81.0	19.58353803711122	29.250595215600317	29.658743055818	21.503344544801784	0.0037791466686822113
82.0	20.359801957745947	28.742582864053816	29.048716882724214	21.845118863146755	0.0037794323292641447
83.0	19.977319977319976	29.279909279909276	29.68436968436968	21.05084105084105	0.007560007560007561
84.0	20.310728056248585	29.201633023361307	28.97482422317986	21.50525440387087	0.007560293339381567
85.0	19.916071226040604	28.57736947563419	29.753128426146457	21.74965029677517	0.0037805754035764244
86.0	20.687308608370195	29.144455786170653	29.068844278099128	21.095610751956446	0.0037805754035764244
87.0	20.053688230178835	28.556845249347802	29.638171575484897	21.747514083708268	0.0037808612801996295
88.0	20.59657479868436	28.407243582473253	29.904351442289517	21.088049601149294	0.0037805754035764244
89.0	20.060491493383743	28.718336483931946	29.34593572778828	21.871455576559544	0.0037807183364839316
90.0	19.85555471526885	28.507146638433035	29.399531120018153	22.23398623610376	0.0037812901762081224
91.0	19.9727747107313	28.703773727595856	29.736065945700673	21.58360432579596	0.0037812901762081224
92.0	20.200491772271608	28.420654435407606	29.80518252317004	21.56988840552298	0.003782863627766219
93.0	20.017406440382942	29.08389147462822	29.590948651000872	21.300185416430168	0.007568017557800734
94.0	20.04617888640751	28.672546273515277	29.58476853779477	21.69272114765888	0.003785154623566373
95.0	19.928071171682756	28.597387847813742	29.903463940942647	21.567291311754687	0.003785727806170736
96.0	20.215827338129497	28.197652404392276	29.636501325255587	21.946232487694058	0.003786444528587656
97.0	20.009847738807665	28.486478297098706	29.80456026058632	21.691538519809107	0.007575183698204681
98.0	19.924213717317166	28.438802576733615	30.204622963243654	21.42478211443729	0.007578628268283441
99.0	20.381320597377	28.68243499355621	29.421575316503677	21.507088166173908	0.007580926389204761
100.0	19.956023959360074	28.065054211843204	29.941618015012512	22.029721737811812	0.0075820759724012435
101.0	20.295846766546557	28.499905177318414	30.168784373222074	21.02787786838612	0.0075858145268348194
102.0	20.437208243197087	29.374928839804166	29.14721621313902	21.03305628297089	0.0075904208888382865
103.0	20.35468803402575	28.200356966543882	29.624425625640832	21.816731857365284	0.003797516424258535
104.0	20.384513089403093	28.298947528401534	29.769368137087277	21.543371708651545	0.0037995364565523004
105.0	19.822046465645084	28.742537739077534	29.388950150195825	22.042663219133807	0.0038024259477546676
106.0	20.181845849501638	28.094803317355243	29.616525907327095	22.103020619341095	0.0038043064749296203
107.0	19.730429485226928	28.499086201644836	29.98020103563814	21.786475784343587	0.0038074931465123365
108.0	19.93296004266179	28.45770007237268	29.798499219136858	21.810840665828668	0.0
109.0	20.42449415082117	29.120146324734215	29.87082269557596	20.584536828868654	0.0
110.0	20.285267533656228	27.91655543266847	29.45349147629762	22.344685557377673	0.0
111.0	19.867928849530497	28.822810901595542	29.444995801206197	21.86426444766776	0.0
112.0	20.445514290081	28.522848846095062	29.458963778083447	21.572673085740483	0.0
113.0	20.011472275334608	28.191204588910136	30.053537284894837	21.74378585086042	0.0
114.0	20.814826160208302	28.62995864604074	29.44555062030939	21.10966457344157	0.0
115.0	19.81132075471698	29.134069642583217	29.713146188065654	21.341463414634145	0.0
116.0	20.106775234290982	28.54893224765709	29.036718389921646	22.30757412813028	0.0
117.0	20.191604786272173	28.30979954599669	29.70643684352276	21.79215882420838	0.0
118.0	19.791185082447218	28.66389274156265	30.216520265063956	21.328401910926186	0.0
119.0	20.424249449403035	28.7353657122986	28.897646922452765	21.9427379158456	0.0
120.0	19.76933199164022	28.516139020047994	29.71979255360322	21.99473643470857	0.0
121.0	20.286146330115155	29.02950641696716	29.238881780466052	21.44546547245163	0.0
122.0	20.087047759686005	28.686900089379396	29.771111024754205	21.45494112618039	0.0
123.0	20.31414428810851	28.117083057255332	30.058073820010133	21.510698834626027	0.0
124.0	20.353083623012928	28.51618950904191	29.777760418700932	21.352966449244228	0.0
125.0	20.162047909816817	28.43275403162674	29.548301236887426	21.856896821669014	0.0
126.0	20.783959821078238	28.380287216511025	29.533861728007533	21.301891234403204	0.0
127.0	20.654654182075692	28.011645290738844	30.26988748131246	21.063813045873005	0.0
128.0	19.90768138241212	28.413618968714243	29.968043555450347	21.710656093423285	0.0
129.0	20.49588737741221	28.298006959822843	29.32220816197406	21.883897500790887	0.0
130.0	20.007136909718092	28.531779072994727	30.13361880972206	21.327465207565126	0.0
131.0	20.089090402895437	28.166885415423774	29.940738973074016	21.803285208606766	0.0
132.0	20.18121582245639	28.66323394403864	29.561329980441464	21.594220253063508	0.0
133.0	20.343392299687828	28.12374929960778	29.644600976546865	21.88825742415753	0.0
134.0	20.565779956602107	27.585791207908063	29.434220043397897	22.414208792091937	0.0
135.0	20.055665362429913	27.752006776652816	30.25291436408374	21.93941349683353	0.0
136.0	20.30300575224824	28.52629020497448	29.960301385400633	21.21040265737665	0.0
137.0	20.624135405647326	28.000650988689074	29.400276670192856	21.974936935470744	0.0
138.0	20.381201685140496	27.4653360055626	30.087120127612582	22.066342181684323	0.0
139.0	20.797767564018386	28.53742613263296	29.69057780695995	20.974228496388704	0.0
140.0	21.33344328536676	27.749144435739908	29.423164144641902	21.494248134251436	0.0
141.0	19.953548173033056	27.99137323213471	29.990460785533575	22.06461780929866	0.0
142.0	20.364969585867847	27.772685609532537	30.205816181984837	21.656528622614783	0.0
143.0	20.157440750355917	28.36445858805795	30.010049409597183	21.468051251988946	0.0
144.0	20.26668910108106	28.704833214150504	29.844781895427587	21.18369578934085	0.0
145.0	20.104184313061154	28.337286125698796	29.544299508724375	22.009994917838387	0.0042351346772827375
146.0	20.94321134920973	27.43577727601926	28.926852127976826	22.694159246794186	0.0
147.0	20.41518029827653	28.486697898310915	28.907895302359567	22.18592856835862	0.004297932694374006
148.0	20.04948307855439	28.333480604400457	29.526376248122293	22.086241936909076	0.004418132013784572
149.0	17.524824412690723	29.803826592395254	28.655848873819327	24.0106563332526	0.004843787842092516
150.0	9.050112191473449	32.54176015956121	31.357516828721018	27.038145100972326	0.012465719272001996
