0
0
0
0
34
30
22
27
24
20
39
27
22
25
27
22
28
21
17
16
22
21
23
23
20
25
24
23
21
24
16
14
20
12
12
13
19
22
22
11
11
14
11
19
15
25
16
8
7
22
17
5
9
12
9
11
11
11
12
11
10
4
10
9
7
8
3
6
9
9
7
8
5
7
4
8
11
5
1
7
3
3
5
5
9
8
9
4
4
3
5
4
6
5
6
4
6
5
8
8
5
2
4
7
12
8
5
3
6
7
0
7
9
6
6
4
4
7
1
3
8
5
2
2
6
9
4
3
4
7
2
3
5
3
3
6
5
3
6
3
3
1
6
2
3
3
3
1
2
0
2
5
1
2
0
6
0
1
3
0
0
5
3
2
1
6
3
3
3
3
0
1
3
1
2
2
1
1
2
6
2
1
1
5
1
2
1
3
1
5
1
3
2
3
3
3
2
2
3
0
2
1
1
1
0
2
2
3
1
0
2
1
1
2
1
4
1
3
3
1
3
2
1
1
3
1
4
0
4
0
3
2
1
1
3
0
0
1
1
2
4
0
1
2
0
0
0
2
0
1
1
2
3
2
1
1
1
0
1
1
1
0
0
2
4
0
0
1
2
0
0
1
0
0
1
2
1
0
1
2
0
0
0
1
2
2
1
0
0
3
1
1
2
3
2
0
2
2
2
1
0
0
0
1
0
0
3
4
1
1
0
1
0
2
0
0
1
0
0
2
0
2
0
1
1
2
1
0
0
1
1
0
0
1
0
0
0
0
0
1
0
0
2
0
1
1
1
0
1
0
0
1
2
1
0
2
0
0
0
2
0
0
0
0
1
0
1
0
0
1
1
1
0
1
0
0
1
0
1
0
0
0
0
0
1
1
1
0
1
0
3
0
0
0
0
0
0
0
0
0
1
0
1
0
1
1
0
0
1
0
0
0
0
0
1
0
1
1
1
0
0
0
1
1
0
1
0
1
0
0
0
0
0
0
0
2
0
0
1
0
1
0
0
5
0
0
1
0
0
2
0
0
0
0
0
1
0
0
0
0
0
0
0
0
0
0
1
0
1
0
1
2
1
0
0
0
0
0
2
0
1
0
0
0
0
1
0
0
0
0
0
0
0
0
0
0
0
0
0
73
