5.159
6.079
7.004
7.666
8.326
8.587
8.963
9.128
9.248
9.352
9.56
9.74
9.861
9.724
9.734
9.91
9.931
10.054
10.173
10.303
10.333
10.272
10.191
10.368
10.254
10.158
10.129
10.049
10.055
10.153
10.078
10.024
10.097
10.188
10.078
10.178
10.128
10.07
9.917
9.887
9.872
10.016
10.16
10.156
10.189
10.107
10.064
10.055
10.323
10.556
10.43
10.266
10.187
10.24
10.049
9.951
9.814
9.862
9.826
9.933
9.861
9.689
9.769
9.984
9.963
9.986
10.021
10.028
10.002
9.905
9.839
9.841
9.815
9.822
9.856
9.732
9.688
9.697
9.615
9.596
9.708
9.802
9.957
9.837
9.728
9.698
9.565
9.538
9.521
9.402
9.251
9.2
9.135
9.041
8.889
8.606
8.28
7.851
7.352
6.95
