7.068
7.125
7.175
7.171
7.212
7.228
7.211
7.175
7.037
7.046
7.074
7.107
7.125
7.154
7.167
7.214
7.232
7.264
7.287
7.272
7.288
7.296
7.294
7.329
7.349
7.337
7.361
7.433
7.439
7.452
7.468
7.502
7.538
7.517
7.523
7.546
7.558
7.563
7.636
7.687
7.713
7.714
7.721
7.717
7.732
7.735
7.764
7.779
7.779
7.793
7.835
7.835
7.825
7.869
7.856
7.847
7.855
7.868
7.89
7.901
7.918
7.942
7.956
7.956
8.005
8.037
8.046
8.105
8.119
8.131
8.16
8.204
8.223
8.278
8.26
8.29
8.325
8.328
8.351
8.323
8.328
8.327
8.259
8.275
8.271
8.276
8.297
8.369
8.368
8.396
8.406
8.422
8.467
8.506
8.483
8.495
8.507
8.489
8.495
8.537
8.541
8.533
8.555
8.565565
8.605606
8.611611
8.6786785
8.692693
8.704704
8.698699
8.72072
8.722723
8.737738
8.762763
8.744744
8.734735
8.754755
8.744744
8.755755
8.764765
8.787787
8.800801
8.825826
8.842843
8.871872
8.881882
8.90481
8.937876
8.948897
8.887775
8.837675
8.828657
8.781344
8.766299
8.776329
8.792377
8.8284855
8.786144
8.766065
8.776104
8.752008
8.759036
8.794177
8.789157
8.820281
8.824297
8.793173
8.799197
8.816265
8.758032
8.758032
8.716867
8.693775
8.705823
8.697791
8.682731
8.701807
8.745984
8.730924
8.712852
8.712852
8.714859
8.740964
8.746988
8.79016
8.782128
8.79518
8.842369
8.823115
8.859297
8.872362
8.901507
8.911558
8.947634
8.925478
8.929506
8.948641
8.903323
8.869083
8.872105
8.868076
8.8459215
8.840886
8.840886
8.843907
8.855992
8.871098
8.8429
8.821753
8.838872
8.825781
8.801611
8.786506
8.756294
8.758064
8.75504
8.745968
8.756048
8.75
8.745968
8.726814
8.75
8.767138
8.78002
8.7921295
8.81332
8.811302
8.869828
8.855701
8.845611
8.826438
8.82442
8.886983
8.915237
8.939455
8.9727545
9.012109
9.014127
9.0111
9.007064
9.0272455
9.012109
9.056509
9.03229
9.021191
9.014127
9.0222
8.989909
8.994955
9.014127
9.044399
9.047427
9.026262
9.003031
9.028283
9.045455
8.995955
8.997975
9.024291
9.030364
9.031377
9.063766
9.013158
8.947369
8.954453
8.933198
8.915992
8.955465
8.939271
8.900809
8.894737
8.904859
8.914893
8.938134
8.953347
8.989858
9.009128
8.9827585
8.947262
8.981745
8.973631
8.996958
8.981745
8.949239
8.95533
9.053807
9.034518
9.028426
8.995939
8.972589
8.970558
8.943148
8.941116
8.88528
8.873096
8.855838
8.900407
8.873983
8.817904
8.832147
8.786368
8.835198
8.85351
8.871821
8.868769
8.881994
8.871821
8.880977
8.869786
8.871821
8.904374
8.889115
8.880977
8.915479
8.962322
8.9551935
8.959267
8.910387
8.884929
8.850306
8.816701
8.807535
8.819756
8.812627
8.769623
8.778797
8.786517
8.81001
8.789581
8.779141
8.85276
8.859919
8.867076
8.86503
8.858895
8.87001
8.8741045
8.885364
8.900717
8.8862705
8.855533
8.807377
8.788935
8.796106
8.773334
8.8
8.788501
8.756423
8.7636175
8.784173
8.71502
8.725308
8.617131
8.633643
8.623967
8.604964
8.67942
8.680455
8.702899
8.706004
8.683229
8.691511
8.649068
8.644928
8.726425
8.720207
8.757261
8.754932
8.778586
8.770031
8.779396
8.767709
8.662839
8.638831
8.636364
8.6628275
8.686583
8.714286
8.715336
8.689075
8.690526
8.699684
8.725739
8.737288
8.726695
8.681144
8.699894
8.698194
8.718385
8.741764
8.761955
8.782979
8.774228
8.685836
8.674122
8.739594
8.720385
8.701174
8.697972
8.699039
8.708645
8.704375
8.67094
8.639572
8.6481285
8.627808
8.628877
8.714286
8.705377
8.631183
8.639785
8.67742
8.6846075
8.653017
8.723061
8.740302
8.746221
8.713823
8.722463
8.698704
8.694054
8.661256
8.719394
8.750543
8.7396965
8.779826
8.773319
8.812365
8.809989
8.827174
8.867392
8.821739
8.823913
8.791939
8.769063
8.777778
8.742919
8.799127
8.815301
8.772677
8.755751
8.766704
8.787514
8.797149
8.743139
8.713502
8.723077
8.70989
8.737363
8.770673
8.775691
8.808416
8.774445
8.753333
8.734445
8.694104
8.724944
8.691537
8.697545
8.654749
8.638298
8.651686
8.722472
8.729425
8.698985
8.683973
8.695702
8.643262
8.776644
8.692743
8.6587305
8.6901245
8.673099
8.692045
8.6905575
8.686789
8.658315
8.668187
8.670092
8.68379
8.691781
8.680366
8.652968
8.652968
8.625858
8.631579
8.640732
8.63803
8.664375
8.672394
8.639175
8.635738
8.641791
8.629885
8.622555
8.624424
8.622402
8.672055
8.660508
8.67552
8.661663
8.65358
8.689017
8.704861
8.707995
8.699884
8.696055
8.700349
8.689174
8.73574
8.757576
8.799066
8.777778
8.7892275
8.760844
8.724178
8.820422
8.7899065
8.855294
8.865882
8.889281
8.899764
8.929162
8.961039
8.959811
8.970449
9.0863905
9.093602
9.07346
9.040332
9.016607
8.992883
8.954923
9.02847
9.053381
9.083036
9.041568
8.979762
8.936905
8.925
8.941458
8.956989
8.966507
8.9497
8.946108
8.979616
9.005995
9.041966
8.97479
8.9903965
9.012019
9.040865
9.077016
9.057762
9.032491
9.09058
9.048309
9.009662
8.863526
8.839372
8.813785
8.864407
8.842424
8.828883
8.84466
8.830097
8.824029
8.853155
8.857837
8.857837
8.879708
8.875913
8.888078
8.863747
8.888889
8.906863
8.942261
8.922605
8.93481
8.931119
8.942119
8.935961
8.94335
8.95197
8.937192
8.937192
8.908754
8.912454
8.922318
8.776267
8.752169
8.79306
8.78882
8.78607
8.824189
8.811721
8.83
8.846058
8.8372965
8.836045
8.8182955
8.813283
8.814536
8.802005
8.770677
8.780427
8.7917185
8.785176
8.786163
8.77204
8.744332
8.727616
8.728878
8.720051
8.702396
8.702396
8.68348
8.685208
8.636709
8.63038
8.530535
8.519084
8.536896
8.503184
8.471265
8.4827585
8.430396
8.448849
8.481434
8.524359
8.528205
8.533334
8.546272
8.548263
8.574742
8.576775
8.593023
8.595084
8.583657
8.574026
8.544864
8.517555
8.474643
8.460338
8.452412
8.452412
8.418513
8.4543085
8.435294
8.430628
8.403141
8.420708
8.43364
8.383706
8.354796
8.345598
8.34079
8.375
8.380449
8.377984
8.318302
8.316977
8.306366
8.325365
8.320053
8.312085
8.346614
8.316911
8.290279
8.295606
8.319092
8.321285
8.327517
8.3598385
8.367568
8.33919
8.316216
8.290541
8.321622
8.293478
8.293478
8.256793
8.25034
8.222374
8.144231
8.139118
8.118621
8.104828
8.08852
8.059557
8.072122
8.006954
8.030726
8.037763
8.046219
8.085554
8.101124
8.107042
8.117231
8.101695
8.107496
8.114894
8.151773
8.120739
8.106837
8.102858
8.084286
8.100143
8.111588
8.127325
8.135908
8.148784
8.161659
8.144492
8.216332
8.197708
8.2066
8.231322
8.211206
8.202586
8.217266
8.240634
8.24928
8.23088
8.221098
8.242775
8.23589
8.187228
8.159652
8.174672
8.191521
8.216374
8.22076
8.2090645
8.201755
8.219298
8.220913
8.217456
8.239645
8.294378
8.324445
8.328889
8.313056
8.327893
8.335312
8.261127
8.267858
8.28763
8.318386
8.303438
8.306887
8.314371
8.3213215
8.300301
8.300752
8.311747
8.334337
8.308735
8.317771
8.346386
8.314759
8.365964
8.373494
8.373494
8.408748
8.430513
8.456883
8.40606
8.38088
8.332827
8.3145895
8.312024
8.310502
8.310502
8.267884
8.252664
8.251524
8.246951
8.250381
8.279141
8.271472
8.282642
8.263077
8.290123
8.302937
8.309119
8.32248
8.333333
8.305427
8.321428
8.281055
8.276398
8.306376
8.293935
8.286604
8.302652
8.284375
8.285937
8.323944
8.2942095
8.29717
8.305032
8.303937
8.31388
8.417062
8.387658
8.4145565
8.370254
8.36867
8.393651
8.386328
8.389154
8.403509
8.476038
8.4384
8.451769
8.453376
8.42283
8.455716
8.450886
8.496774
8.46129
8.437097
8.455573
8.465266
8.452342
8.452342
8.422078
8.410714
8.423701
8.38961
8.447154
8.42439
8.4
8.371335
8.567699
8.570261
8.571896
8.593137
8.597382
8.626229
8.598361
8.636513
8.63262
8.657331
8.705107
8.685338
8.665016
8.660066
8.648515
8.674917
8.669967
8.649587
8.634106
8.635761
8.648424
8.64345
8.616916
8.646766
8.658375
8.661692
8.686567
8.646766
8.650083
8.619601
8.601329
8.581395
8.561461
8.600665
8.620632
8.648918
8.645
8.635
8.65
8.671667
8.698334
8.75793
8.729549
8.555184
8.576923
8.571906
8.63255
8.635906
8.6470585
8.613445
8.60101
8.577441
8.573356
8.593908
8.624366
8.581356
8.8505945
8.840407
8.797962
8.806452
8.846939
8.8586035
8.890971
8.88586
8.88075
8.899489
8.947099
8.926621
8.933447
8.899318
8.858362
8.84471
8.824232
8.774744
8.755973
8.699145
8.724787
8.717949
8.663248
8.651282
8.664957
8.710616
8.710616
8.702749
8.676976
8.922547
8.963793
8.97931
8.967241
8.939655
8.8981
8.872193
8.913644
8.913644
8.936097
8.899827
8.8911915
8.89428
8.895833
8.901042
8.899305
9.0
8.989565
9.015652
9.106087
9.121951
9.132404
9.121951
9.094077
9.102787
9.090592
9.092335
9.101046
9.108202
9.117133
9.068182
9.047203
9.022727
8.979021
8.984265
8.958042
9.176883
9.148862
9.138597
9.175439
9.189474
9.164912
9.159649
9.243859
9.231579
9.238597
9.226713
9.235501
9.209139
9.3057995
9.308099
9.327465
9.279929
9.431338
9.455027
9.453262
9.439154
9.475265
9.503533
9.535336
9.593639
9.570671
9.314487
9.300353
9.287986
9.305654
9.323894
9.313274
9.299115
9.284956
9.2513275
9.274336
9.256638
9.260638
9.257092
9.242908
9.276596
9.212766
9.187943
9.20922
9.187943
9.177305
9.164893
9.152482
9.186171
9.200355
9.219858
9.260638
9.329787
9.313829
9.287234
9.343971
9.338653
9.315603
9.2961
9.274822
9.427305
9.388298
9.404973
9.41563
9.419183
9.612788
9.660142
9.679715
9.690392
9.695729
9.692171
9.679715
9.685054
9.686832
9.674377
9.66726
9.64057
9.608541
9.629893
9.637011
9.657754
9.684492
9.652407
9.625669
9.7
9.633274
9.567084
9.556351
9.589605
9.584229
9.562724
9.543011
9.530466
9.507169
9.492831
9.362007
9.391382
9.382405
9.371634
9.409336
9.464991
9.402154
9.426259
9.420863
9.406475
9.375899
9.332734
9.318919
9.282098
9.242314
9.228261
9.213768
9.210145
9.240942
9.263158
9.267273
9.223637
9.254545
9.289091
9.278182
9.236363
9.220401
9.23133
9.224453
9.226691
9.232176
9.2102375
9.271062
9.289377
9.335165
9.346154
9.113553
9.09707
9.126605
9.128676
9.097426
9.088235
9.136029
9.117647
9.104779
9.099265
9.147329
9.132597
9.134686
9.071956
9.073801
9.053506
9.068266
9.059041
9.027676
9.0221405
9.0573015
9.042514
9.012939
8.96488
8.935305
8.90573
8.898336
8.931608
8.95379
8.9796295
8.944445
8.92037
8.912963
8.911111
8.922222
8.912963
8.885185
8.861111
8.868519
8.875926
8.922078
8.944342
8.90538
8.936567
8.932836
8.919776
8.9401865
8.949438
9.161351
9.154136
9.086466
9.092105
8.964218
8.983051
8.977401
8.949153
8.967985
9.003766
8.9981165
8.877589
8.881356
8.887006
8.800377
8.832392
8.8568735
8.828626
8.775894
8.787194
8.822975
8.798493
8.81356
8.801887
8.8
8.7962265
8.822641
8.854717
8.843396
8.78828
8.816635
8.801136
8.848485
8.916667
8.960227
8.9375
8.892045
8.899621
8.912879
8.857955
8.880455
8.859316
8.872623
8.865019
8.878096
8.878096
8.912381
8.899048
8.870476
8.830476
8.8133335
8.791985
8.776717
8.763359
8.769084
8.7404585
8.7213745
8.697897
8.695985
8.652008
8.632887
8.66348
8.64436
8.66348
8.676865
8.697897
8.736137
8.772467
8.778203
8.739962
8.722222
8.724138
8.727969
8.7164755
8.724138
8.773513
8.81382
8.836852
8.859885
8.8921
8.870906
8.940154
8.934363
8.955599
8.949807
8.92278
8.889961
8.99807
8.99807
9.028957
9.023166
8.996139
9.019305
9.00193
9.021235
9.017375
9.017375
8.980695
8.976834
8.996132
9.029014
9.054158
9.069633
9.12766
9.094777
9.088975
9.088975
9.065764
9.071567
9.050387
9.067829
9.066019
9.07767
9.112621
9.118446
9.157282
9.120388
9.093204
9.106796
9.151456
9.128156
9.08932
9.060194
9.069903
9.029126
8.945631
8.790291
8.745631
8.747573
8.716505
8.669261
8.721248
8.727096
8.748538
8.838206
8.828125
8.828125
8.818359
8.8046875
8.845703
8.925781
8.892578
8.937378
8.925636
8.92955
8.911938
8.908024
8.861056
8.833659
8.876471
8.87451
8.90196
8.917647
8.970589
9.015686
9.033334
9.0039215
9.0
8.968627
8.984314
9.0
9.011765
9.043138
9.043138
9.045098
9.007843
8.992157
9.0
9.001965
9.0157175
9.053045
9.021611
9.049116
9.0294695
9.033399
9.035433
9.027559
8.9921255
9.00789
9.055227
9.063116
9.098814
9.045545
9.067327
9.120792
9.120792
9.093254
9.083333
9.107142
9.109127
9.109127
9.105159
9.1170635
9.109127
9.117296
9.0954275
9.091634
9.125498
9.105577
9.111554
9.117764
9.123753
9.133733
9.135729
9.111776
9.0998
9.087825
9.072
9.1
9.096
9.134
9.134
9.208
9.202
9.192
9.202
9.156
9.168
9.302606
9.328657
8.6204815
8.662651
8.654618
8.676707
8.674045
8.684105
8.726358
8.778672
8.784708
8.800805
8.78672
8.804829
8.790745
8.931589
8.917505
8.935614
9.0040245
8.977867
8.985915
9.034205
8.971831
8.979879
8.971831
8.983904
8.991952
9.020121
9.032193
9.054326
9.056338
9.120725
9.112676
9.112676
9.1267605
9.112676
9.120725
9.133064
9.139112
9.208081
9.167677
9.181818
9.145454
9.151515
9.153846
9.156187
9.168357
9.182556
9.206897
9.231237
9.251521
9.26572
9.235294
9.239351
9.210954
9.190669
9.213414
9.197154
9.180894
9.197154
9.252032
9.2540655
9.2459345
9.213414
9.189024
9.240326
9.236253
9.205703
9.270876
9.266803
9.254582
9.213849
9.246436
9.254582
9.258656
9.244399
9.421589
9.448065
9.474542
9.551021
9.557143
9.62449
9.630612
9.655102
9.627049
9.627049
9.652977
9.632443
9.64887
9.607803
9.650924
9.634497
9.753593
9.669405
9.632443
9.626284
9.622176
9.62963
9.626804
10.094846
10.128099
10.117768
10.076447
10.103306
10.039256
10.076605
10.024845
10.033126
9.96888
9.983402
9.962656
9.952282
9.925311
9.960499
9.954262
9.93763
9.908334
9.914583
9.935282
9.876826
9.885178
9.885178
9.843424
9.826722
9.820459
9.807933
9.795407
9.766179
9.747391
9.699373
9.697286
9.732777
10.2881
10.361169
10.3528185
10.327766
10.283925
10.313152
10.250522
10.219207
10.219207
10.204593
10.2004175
10.167015
10.152401
10.135699
10.118998
10.08142
10.070981
10.045929
10.033403
9.897703
9.91841
9.976988
9.968619
10.004184
10.004184
10.014675
10.031446
10.014675
9.97065
9.507338
9.45283
9.469602
9.475891
9.448637
9.45283
9.48847
9.490566
9.465409
9.450734
9.4297695
9.431866
9.406709
9.486373
9.484277
9.398323
9.345912
9.318658
9.295597
9.277311
9.258404
9.256303
9.22479
9.218488
9.222689
9.226891
9.247899
9.254202
9.258404
9.222689
9.17437
9.212185
9.189075
9.163865
9.212631
9.153685
9.145263
9.207189
9.15222
9.169133
9.112051
9.097252
9.10148
9.099366
9.054968
9.067654
9.107822
9.099366
9.101695
9.112288
9.108051
9.133474
9.080508
9.059322
9.080508
9.118644
9.116526
9.101695
9.07839
9.06356
9.074153
9.057203
9.057203
9.06144
9.091102
9.114407
9.137712
9.152542
9.099576
9.118896
9.106157
9.089172
9.129512
9.125265
9.2144375
9.159236
9.237792
9.210191
9.2319145
9.240425
9.228145
9.244111
9.203426
9.216274
9.182013
9.164883
9.173448
9.167024
9.188841
9.218884
9.216738
9.206009
9.223656
9.165591
9.139785
9.08172
9.070968
9.088172
9.088172
9.0903225
9.064516
9.051613
9.107527
9.101294
9.116631
9.110151
9.071275
9.071275
9.058315
9.1403885
9.200864
9.207343
9.183585
9.164146
9.088552
9.071428
9.106061
9.069264
9.047619
9.060869
9.045652
9.058696
9.052174
9.05
9.013043
9.043478
9.054348
9.08913
9.197826
9.167392
9.202174
9.21087
9.186956
9.156522
9.173913
9.154347
9.121739
9.128261
9.197826
9.228261
9.252174
9.26087
9.271739
9.302174
9.267391
9.278261
9.245652
9.208695
9.206522
9.223913
9.221739
9.202615
9.257081
9.265795
9.259259
9.267974
9.283224
9.291939
9.300653
9.33769
9.320261
9.35512
9.385621
9.421397
9.355895
9.338428
9.358862
9.345733
9.332604
9.380744
9.391685
9.366228
9.410088
9.392544
9.399123
9.263158
9.296053
9.25
9.27193
9.232456
9.335526
9.322369
9.359649
9.375
9.379386
9.375
9.375
9.364035
9.333333
9.35307
9.383772
9.355263
9.423245
9.4188595
9.432017
9.427631
9.712719
9.712719
9.673245
9.664474
9.660088
9.662281
9.6688595
9.607456
9.629386
9.508772
9.517544
9.517544
9.504386
9.528509
9.510965
9.407895
9.384615
9.34945
9.360439
9.3714285
9.373627
9.334066
9.331868
9.340659
9.340659
9.265934
9.23956
9.2615385
9.250549
9.237363
9.21978
9.20044
9.198237
9.2511015
9.259912
9.209251
9.187224
9.193832
9.198237
9.185022
9.2428255
9.251656
9.260486
9.2428255
9.236203
9.223452
9.29646
9.334071
9.341463
9.328159
9.286031
9.2949
9.322222
9.291111
9.22
9.23608
9.202673
9.169265
9.218263
9.1959915
9.169265
9.216036
9.231626
9.261161
9.200892
9.256697
9.276786
9.270089
9.294642
9.301339
9.319197
9.290178
9.296875
9.272322
9.272322
9.315436
9.277405
9.794184
9.821029
9.827354
10.154709
10.154709
10.183857
10.201794
10.253364
10.273542
10.2713
10.201794
10.17713
10.168161
10.127803
10.186517
10.220224
10.27027
10.227477
10.204955
10.288939
10.261851
10.1693
10.128668
10.144469
10.1693
10.097066
10.158013
10.137697
10.133183
10.144469
10.133183
10.167043
10.153499
10.155756
10.162528
10.151241
10.171557
10.112866
10.094809
10.106094
10.144469
10.20316
10.297969
10.313769
10.354402
10.363431
10.386004
10.395034
10.467269
10.503386
10.573696
10.580499
10.641724
10.634921
10.614512
10.60771
10.5532875
10.494331
10.503402
10.480725
10.476191
10.473923
10.486363
10.531818
10.529546
10.454545
10.490909
10.468182
10.459091
10.397727
10.365909
10.357631
10.355353
10.372146
10.374429
10.4279175
10.437071
10.489702
10.512586
10.505721
10.549199
10.535469
10.4713955
10.496568
10.462242
10.469108
10.432494
10.405034
10.428899
10.415137
10.370115
10.344828
9.87788
9.8294935
9.79493
9.861432
9.838337
9.849885
9.82679
9.845265
9.852194
9.866051
9.8291
9.82679
9.464203
9.614319
9.621247
9.595843
9.572748
9.535797
9.528869
9.540416
9.642033
9.612009
9.600462
9.270207
9.230947
9.237875
9.270207
9.26328
9.415705
9.397228
9.43187
9.4688225
9.443418
9.494226
9.48037
9.448037
9.43649
9.469908
9.428241
9.4375
9.414351
9.435185
9.4375
9.37963
9.384259
10.030163
10.071926
10.081206
10.030163
9.937355
9.955916
9.937209
9.953488
9.94186
9.923256
9.897675
9.890443
9.853147
9.8135195
9.752913
9.72028
9.682983
9.668998
9.815851
9.799534
9.794871
9.771562
9.771028
9.792056
9.803739
9.787383
9.810748
9.843458
9.826698
9.833333
9.896713
9.924528
9.915094
9.931442
9.921986
10.371159
10.373523
10.364066
10.36643
10.382978
10.3546095
10.37825
10.352246
10.355451
10.433649
10.438389
10.360189
10.310427
10.338862
10.29147
10.263033
10.277251
10.265403
10.258294
10.239337
10.275535
10.235154
10.264286
10.261905
10.269048
10.312649
10.293556
10.329355
10.188544
10.195704
10.167464
10.167464
10.167464
10.151079
10.139089
10.071942
10.055156
10.122596
10.091346
10.060096
10.040865
10.019231
10.021635
10.0
10.004807
10.043478
9.975845
9.939467
10.007264
9.941889
9.910194
9.90534
9.924757
9.934466
9.8783455
9.888078
9.856447
9.860975
9.831707
9.853659
9.863415
