850.002
860.575
866.716
877.679
883.316
899.982
910.341
918.859
924.303
930.25
935.223
942.644
953.678
958.827
967.402
971.392
977.463
985.359
990.464
997.26
1003.996
1013.945
1020.288
1026.516
1033.394
1041.973
1052.716
1058.801
1065.027
1072.671
1080.291
1087.842
1096.501
1103.156
1112.074
1122.117
1132.091
1140.007
1147.527
1156.094
1164.906
1175.208
1185.001
1193.358
1201.352
1209.866
1228.496
1236.562
1243.614
1251.581
1260.717
1274.222
1284.503
1296.466
1304.654
1311.743
1320.938
1329.951
1335.829
1343.324
1351.549
1358.171
1364.905
1371.563
1376.27
1379.278
1387.826
1395.977
1404.927
1414.553
1428.281
1437.143
1456.069
1464.351
1473.587
1482.873
1491.269
1499.486
1506.347
1517.029
1527.253
1537.466
1548.614
1558.542
1567.008
1575.209
1585.259
1594.281
1601.206
1609.12
1623.4
1623.731
1632.317
1645.783
1653.498
1660.777
1675.876
1685.101
1692.898
1703.273
1709.336
1717.175
1723.348
1729.521
1739.929
1745.578
1752.073
1766.921
1767.1261
1773.3848
1772.4719
1780.3828
1783.7605
1792.5521
1802.7014
1811.0602
1821.5962
1828.5752
1833.8627
1836.8636
1845.0813
1851.1454
1848.9258
1852.5887
1854.9288
1862.8265
1864.5938
1869.029
1876.0511
1880.646
1880.9619
1885.8837
1887.9368
1889.3601
1894.8496
1892.7603
1898.344
1898.9629
1897.1815
1900.9819
1902.6018
1904.9479
1909.2859
1913.5266
1910.337
1908.7633
1908.8676
1912.8124
1916.3832
1916.6279
1917.1304
1918.8696
1917.4012
1922.7041
1931.9739
1935.4965
1938.4272
1941.5757
1938.8044
1939.2909
1938.1996
1940.0863
1943.8275
1945.9579
1950.5457
1952.653
1959.2638
1964.7281
1967.7131
1972.8575
1974.8435
1981.4895
1987.4053
1987.6931
1990.4484
1990.2938
1995.6727
2000.3153
2000.5964
2003.1055
2003.7661
2000.3514
2003.2911
2001.4528
2000.3102
2001.7942
2009.1787
2018.6145
2025.9568
2027.9036
2027.1597
2030.1044
2034.4137
2035.0161
2033.2721
2036.258
2037.8434
2045.3584
2049.1606
2048.019
2048.6636
2046.731
2041.6195
2042.742
2045.4639
2047.4106
2052.8071
2049.797
2052.4348
2053.953
2058.267
2051.8484
2047.7871
2054.4458
2055.0503
2053.4507
2056.4026
2059.3503
2058.7822
2062.5994
2063.3765
2069.8645
2071.002
2071.5571
2067.2449
2068.5842
2078.3494
2081.3374
2084.512
2082.1758
2084.605
2084.9849
2086.6301
2085.4453
2080.191
2079.2192
2079.0645
2083.185
2085.0051
2088.151
2088.7273
2090.9468
2096.5142
2097.2927
2096.0452
2099.6228
2104.9707
2113.984
2106.2012
2110.164
2116.004
2114.136
2115.7612
2120.7664
2119.1047
2121.4526
2121.5654
2112.2297
2111.0383
2113.1997
2112.614
2115.8052
2110.8506
2107.7388
2105.1372
2107.324
2121.8325
2121.1997
2115.779
2111.0483
2113.0737
2112.604
2106.7646
2104.8333
2099.0303
2084.9717
2085.0686
2083.9272
2084.7131
2090.1619
2088.9949
2092.734
2091.547
2093.9128
2098.943
2095.202
2098.2375
2097.5107
2089.9836
2090.533
2086.3435
2081.5315
2077.9573
2078.0254
2075.5427
2072.3354
2074.8992
2080.0093
2078.5112
2078.114
2073.9246
2078.2974
2079.0388
2077.0671
2071.5845
2060.4644
2059.8582
2053.1572
2051.7896
2049.5486
2044.3646
2039.6455
2025.1084
2024.4888
2022.2239
2022.247
2006.5902
2005.6434
2007.0543
2003.7859
2002.0819
2002.045
1998.3353
1999.6923
2002.8154
2007.6611
2013.8109
2010.0719
2012.7747
2013.2997
2011.4614
2011.069
2005.999
2008.9506
2011.871
2014.6208
2012.718
2009.187
2011.8138
2004.4685
2007.9482
2009.457
2011.9617
2015.774
2016.3927
2021.2869
2029.9917
2035.8302
2036.9812
2034.8643
2033.5903
2032.0105
2022.8452
2022.0732
2020.7253
2023.0231
2021.7698
2017.5383
2017.1516
2016.5653
2010.1516
2012.117
2012.49
2007.0453
2014.8661
2008.7845
2006.8997
2003.0845
1999.5513
1996.3308
2000.2455
2000.3627
1999.7251
1998.448
1995.8259
1994.9257
1990.441
1989.5798
2003.131
1999.4009
1992.0522
1991.8773
1995.6517
1994.6685
1994.257
1988.3629
1994.596
1983.7079
1973.7516
1973.9312
1980.206
1974.9125
1975.9437
1972.7384
1977.2651
1981.7018
1980.4858
1981.8304
1978.588
1975.7091
1962.4045
1954.1519
1952.2024
1954.0077
1956.378
1955.417
1943.3524
1945.7125
1940.8689
1932.2269
1925.1774
1924.7651
1922.7174
1919.8531
1908.0133
1906.2395
1906.8367
1896.2023
1901.6345
1903.58
1905.2833
1903.3241
1900.9744
1890.765
1888.7996
1884.7693
1883.7949
1889.847
1890.3118
1888.9363
1898.3984
1886.4456
1882.8643
1879.9158
1872.8057
1862.875
1856.9899
1859.6482
1857.5526
1849.4507
1847.4496
1843.4467
1838.4161
1837.3065
1835.092
1832.3436
1836.7255
1837.8345
1829.677
1828.2288
1825.9032
1826.0231
1831.6573
1829.6686
1820.9536
1818.5667
1820.6744
1815.262
1811.6515
1810.2777
1804.4855
1805.096
1808.7869
1807.685
1805.1149
1796.3126
1787.6342
1778.3977
1775.4906
1772.6698
1778.3691
1778.8629
1779.2523
1776.3875
1775.5469
1775.0569
1775.267
1773.6945
1782.1333
1778.0156
1779.0433
1782.0543
1795.5594
1794.0547
1793.4945
1782.1644
1783.4805
1779.6246
1778.8298
1779.5134
1787.011
1781.4037
1782.6917
1780.6384
1780.6683
1795.639
1789.1534
1792.104
1788.5948
1795.3914
1794.4302
1791.7145
1806.9034
1795.9572
1801.232
1791.4873
1788.6671
1786.1177
1782.218
1781.3972
1785.8527
1788.2681
1786.7914
1782.4338
1784.1913
1795.7701
1797.2391
1798.4213
1801.0282
1805.378
1804.9302
1798.9406
1793.78
1792.5693
1789.8665
1784.3013
1784.8187
1777.6554
1773.7605
1769.2572
1768.2625
1767.042
1765.6978
1764.6058
1758.8988
1761.0763
1765.6235
1764.9736
1767.7496
1770.7202
1769.113
1759.668
1766.468
1760.9894
1761.8998
1759.3129
1756.7189
1760.9812
1762.6381
1762.3633
1764.3812
1762.0027
1761.504
1756.6111
1750.8679
1751.0903
1749.6554
1745.6455
1746.2334
1739.9049
1742.278
1748.9413
1743.0752
1742.0205
1738.4241
1739.3713
1738.7373
1737.6685
1736.5818
1738.3884
1742.206
1739.3795
1740.0819
1734.8848
1737.3872
1735.4198
1741.7179
1743.6466
1732.3445
1733.6354
1730.864
1733.1125
1737.9802
1738.044
1735.0667
1743.7589
1748.6383
1748.8539
1747.5227
1753.1207
1758.5284
1762.1066
1746.527
1746.3043
1743.0243
1756.4657
1756.317
1756.6599
1755.165
1756.487
1776.0175
1783.7883
1788.4604
1786.1718
1798.0712
1793.2341
1790.5654
1788.0923
1790.2698
1788.1833
1788.1296
1799.3014
1790.5392
1784.3674
1794.6853
1796.0469
1792.2875
1796.6621
1797.5614
1798.0563
1792.7827
1789.6124
1793.9467
1794.8046
1790.7661
1789.1345
1786.5636
1784.0613
1776.2346
1783.9678
1782.1033
1773.7902
1781.7256
1784.6672
1782.2527
1783.2122
1796.6854
1804.411
1800.3229
1799.8591
1805.0095
1802.9315
1805.0225
1808.8096
1798.4016
1796.7676
1798.4775
1797.791
1818.1224
1816.1594
1817.5016
1814.3242
1808.9242
1800.8853
1803.7233
1802.4741
1807.3274
1809.3323
1811.25
1810.8938
1809.5181
1819.4036
1822.3613
1821.4572
1816.0463
1821.8972
1821.2358
1826.06
1820.79
1823.5986
1812.5752
1806.7374
1812.5554
1812.7177
1827.6857
1824.941
1825.8513
1829.9916
1827.3158
1808.0085
1799.3293
1803.1904
1798.9022
1799.3425
1797.2169
1792.171
1789.2094
1785.083
1774.0121
1767.7592
1766.9827
1770.317
1761.2997
1757.8955
1748.1641
1751.6067
1748.1416
1749.5323
1754.8383
1755.5238
1752.0317
1747.5027
1744.5424
1746.0905
1745.8828
1738.516
1741.7238
1754.2549
1748.1729
1742.7611
1741.2379
1744.3712
1741.5568
1748.1101
1745.0869
1741.3859
1729.5571
1723.7854
1719.306
1713.4918
1708.8689
1708.3279
1704.439
1711.4918
1714.1268
1710.9945
1705.4384
1697.4188
1697.4445
1691.2894
1686.8961
1679.0242
1680.6835
1678.6097
1676.838
1677.8661
1675.3252
1667.9943
1669.9943
1667.5333
1667.206
1664.1527
1658.3665
1652.54
1649.7672
1652.1628
1652.0519
1648.6185
1642.0463
1646.472
1642.576
1644.9788
1636.321
1632.124
1625.6213
1629.7607
1630.2969
1626.4668
1639.182
1642.3655
1642.9685
1646.8854
1651.4971
1672.8367
1673.6627
1680.445
1690.6392
1686.1956
1692.5914
1704.9368
1719.875
1716.8914
1715.5256
1724.7335
1732.029
1721.0
1714.3501
1718.6029
1719.1327
1716.7284
1718.9197
1711.8668
1709.5476
1726.8593
1730.0278
1726.1306
1726.5065
1717.7726
1711.6245
1719.2522
1725.0519
1730.4177
1727.842
1729.4403
1732.6022
1731.2587
1727.45
1716.8214
1710.6644
1715.1572
1713.814
1712.2013
1714.5398
1711.5344
1708.8156
1704.4066
1700.0511
1708.7047
1704.9552
1704.2314
1701.4333
1694.5667
1700.9751
1697.1549
1692.9727
1699.2775
1701.9769
1702.6852
1698.544
1697.2523
1695.6412
1685.8495
1684.9513
1684.8489
1689.9392
1691.1409
1692.8988
1691.2659
1689.6023
1689.5911
1683.9456
1678.5332
1683.9124
1685.8219
1690.6052
1680.8274
1688.7734
1688.7102
1687.6102
1677.4916
1678.767
1677.5533
1684.837
1681.7146
1679.7433
1661.8177
1657.0518
1658.1256
1657.6921
1657.8593
1652.9012
1648.8173
1647.0
1645.2228
1648.9476
1645.4286
1644.8267
1640.3467
1631.4347
1632.7985
1639.2323
1644.7837
1646.6123
1650.1666
1655.8535
1657.365
1659.9095
1656.0597
1652.0052
1648.3507
1649.1094
1645.9948
1635.0599
1632.2448
1635.2749
1630.6439
1630.2021
1622.6027
1629.1617
1620.1755
1609.3245
1608.6862
1608.6826
1603.584
1607.2446
1605.5618
1608.6298
1604.419
1623.5789
1619.5978
1625.548
1621.79
1618.0884
1612.6464
1606.0083
1605.2139
1610.4218
1612.9299
1605.339
1607.6826
1610.3184
1610.0901
1597.0735
1593.5875
1589.5114
1586.8022
1588.7386
1583.6165
1575.9204
1570.6847
1569.1852
1574.1548
1579.1954
1574.8334
1586.6666
1582.826
1587.9154
1589.9648
1589.4281
1587.8295
1596.9053
1598.19
1601.0625
1604.985
1607.9788
1604.0212
1596.1697
1592.009
1592.5806
1587.9086
1583.4724
1577.497
1584.36
1589.2438
1587.3488
1589.6316
1586.7245
1573.8793
1574.8204
1573.1578
1570.8823
1570.4583
1569.6254
1581.047
1577.0408
1579.7799
1580.9558
1584.6646
1589.2985
1591.9076
1595.1118
1596.0577
1608.576
1608.987
1603.8252
1601.9255
1600.948
1604.0814
1604.0
1603.1144
1598.3203
1601.5016
1616.4014
1615.6547
1619.4686
1621.4735
1628.8937
1628.1395
1630.3867
1631.4816
1629.8027
1629.3345
1628.8829
1633.547
1633.1074
1638.0707
1636.5825
1640.2804
1639.777
1641.2949
1637.7255
1633.5017
1631.9491
1641.9424
1642.0101
1639.9628
1651.7356
1654.4014
1653.8469
1648.0
1634.3959
1645.7457
1647.9106
1644.6827
1616.9342
1622.4097
1627.5315
1641.1888
1646.5685
1647.0983
1650.6796
1651.2817
1651.8978
1658.4912
1663.5745
1663.61
1657.0142
1655.7446
1653.0319
1652.9043
1650.3972
1652.266
1655.0569
1652.0676
1649.0605
1646.1459
1645.0143
1643.4591
1640.7794
1637.089
1634.9181
1635.9785
1637.8464
1634.8214
1638.9928
1635.6094
1630.5627
1636.446
1634.964
1629.3453
1629.5144
1626.7195
1624.59
1621.8237
1630.5797
1611.3586
1609.7609
1611.9529
1615.2328
1610.8
1608.16
1604.3978
1600.3832
1603.2858
1603.5604
1603.8206
1603.4799
1604.3187
1599.3553
1601.8566
1599.4742
1608.1222
1606.6296
1604.126
1603.582
1605.4232
1603.9438
1601.749
1598.779
1603.0076
1619.6052
1628.7858
1625.7142
1624.718
1622.7518
1619.8646
1614.6316
1604.2189
1597.9509
1605.5645
1610.2311
1618.6235
1619.5399
1617.2927
1617.4504
1616.1755
1613.271
1611.3092
1611.7787
1609.4313
1610.8245
1609.8092
1608.0992
1607.6908
1607.5038
1612.794
1618.439
1615.603
1616.042
1621.3027
1618.5364
1622.9807
1625.1853
1621.1042
1626.9496
1639.8217
1635.8721
1617.5155
1617.9845
1618.6279
1619.845
1618.8217
1622.1829
1626.1556
1635.6432
1632.0627
1628.6274
1627.098
1624.0706
1625.553
1623.2588
1621.0275
1625.5276
1634.1575
1642.6456
1642.437
1639.6024
1637.1339
1641.8103
1600.4286
1605.9602
1603.9044
1607.4303
1604.518
1604.1434
1596.506
1596.49
1598.0239
1641.6814
1642.0686
1645.2137
1648.1821
1646.6073
1643.9677
1651.5935
1649.8212
1647.2643
1644.7683
1643.9187
1642.3374
1642.3551
1641.8816
1642.6694
1642.4979
1644.8976
1640.6271
1628.3934
1627.709
1634.2551
1645.7902
1657.8066
1664.2438
1663.9707
1661.3138
1679.456
1676.1172
1677.8995
1693.9832
1700.2246
1700.8771
1717.2288
1716.945
1715.1991
1720.7362
1718.0851
1715.3362
1719.0085
1716.5128
1719.1837
1713.4893
1718.4656
1691.9052
1685.2026
1680.5344
1678.9526
1685.052
1681.684
1680.4286
1680.0736
1677.3334
1669.5974
1665.2251
1661.6364
1664.2783
1662.8391
1671.441
1671.8384
1668.7074
1665.4061
1667.6404
1663.1272
1659.8114
1664.5022
1669.1726
1667.6947
1664.9204
1663.2655
1655.9115
1633.8319
1612.177
1608.646
1605.0265
1600.5885
1596.323
1582.6062
1588.2267
1585.9778
1584.5555
1581.64
1578.4534
1556.4623
1556.1022
1564.4553
1569.9822
1571.4062
1570.8214
1574.5337
1591.9373
1589.7982
1585.9237
1579.5292
1582.3964
1579.3558
1579.0498
1576.3439
1570.552
1570.7828
1567.6561
1571.5068
1576.1136
1575.1909
1574.3136
1577.0728
1571.7864
1569.25
1567.8363
1552.0272
1552.3228
1560.8127
1560.5845
1572.7466
1570.447
1580.1534
1580.2
1579.2744
1582.1534
1564.8
1541.5721
1536.6605
1548.0511
1545.186
1544.2186
1543.121
1544.9767
1544.9628
1546.7721
1546.293
1568.6698
1567.2605
1574.5935
1573.7523
1580.1783
1578.8217
1582.3568
1580.3896
1581.6198
1579.4178
1578.1033
1574.7981
1571.6948
1576.9529
1574.5896
1585.4381
1592.579
1590.8134
1587.6508
1583.8134
1584.6029
1580.8182
1579.9187
1580.5264
1585.4327
1584.601
1585.9135
1599.2174
1596.058
1602.7767
1599.1456
1620.5883
1621.7598
1647.6749
1657.7722
1652.1732
1656.204
1655.5374
1655.4329
1656.4528
1657.6617
1660.1294
1658.9701
1642.9403
1643.8856
1642.6915
1647.2985
1654.825
1654.47
1676.8
1687.8442
1689.9749
1692.0452
1695.7538
1693.0553
1690.4171
1684.613
1680.2664
1676.5026
1678.2462
1677.7739
1677.7789
1677.8191
1677.3467
1679.2828
1687.198
1685.5837
1680.9492
1680.3351
1639.0914
1635.7615
1636.7755
1635.2653
1634.0817
1631.3113
1630.051
1627.0613
1626.8062
1629.2959
1636.2307
1636.682
1632.3846
1632.9795
1629.359
1629.6974
1631.8359
1639.9072
1635.8145
1632.5515
1630.17
1637.3419
1637.0415
1638.7772
1638.0933
1638.2177
1646.7552
1652.8063
1649.5446
1637.1204
1634.733
1633.8273
1643.9105
1643.2789
1639.5579
1638.3737
1644.8307
1641.5662
1636.3386
1637.4021
1636.0793
1636.5767
1636.8457
1637.3937
1639.3351
1639.0691
1637.4788
1663.8823
1659.2941
1655.6525
1651.77
1648.8502
1638.0646
1634.414
1638.5352
1633.9243
1632.6487
1599.2378
1577.0109
1577.0217
1583.8252
1585.612
1584.6831
1582.5792
1579.2405
1577.9453
1574.6174
1576.47
1576.541
1573.459
1570.0164
1565.2842
1561.153
1557.847
1553.8306
1550.6885
1546.011
1544.4973
1544.4371
1549.4208
1549.9016
1549.011
1547.1093
1553.1373
1557.558
1564.3223
1562.8944
1562.3722
1561.7056
1564.3722
1563.1666
1563.7598
1563.134
1560.2012
1567.9663
1567.6798
1574.9039
1577.2543
1620.3672
1620.1582
1621.4746
1623.9661
1621.6666
1619.7062
1615.6158
1614.6384
1613.3108
1610.0565
1609.7683
1609.4407
1608.6328
1624.3372
1619.8685
1623.1714
1626.6781
1628.6552
1627.1897
1623.3103
1619.6666
1620.0575
1622.5977
1630.0983
1629.1503
1627.3237
1624.2139
1621.9711
1634.0347
1631.4161
1629.4335
1626.0173
1635.1337
1635.0233
1631.1454
1628.4651
1611.3625
1619.4294
1617.2
1615.2588
1613.4589
1615.0059
1611.0294
1611.0824
1610.6235
1608.653
1615.3136
1635.7396
1636.8994
1627.9763
1626.2012
1627.6035
1628.6035
1638.1548
1638.3572
1640.7084
1643.2678
1652.0892
1650.9108
1648.238
1647.6488
1668.9286
1663.8392
1661.4108
1657.1726
1657.881
1647.3214
1648.5596
1655.6072
1653.8392
1651.5298
1648.637
1648.4346
1645.5952
1643.9524
1643.8862
1643.527
1647.8503
1648.018
1647.6766
1641.4252
1660.2455
1657.8203
1663.8193
1643.9698
1641.8073
1638.1145
1645.7576
1642.806
1641.6364
1638.1637
1636.8727
1634.3516
1631.2606
1632.8353
1638.8405
1634.5092
1604.4908
1578.2883
1572.7362
1565.368
1559.2699
1566.0981
1562.7546
1557.2393
1556.8467
1552.7301
1553.1779
1550.7853
1549.8282
1548.4724
1548.8712
1538.4355
1534.1963
1530.7362
1525.5582
1520.4355
1523.0123
1535.2174
1532.149
1534.825
1541.9434
1539.566
1535.4843
1532.912
1531.1456
1531.4368
1531.8671
1530.1329
1529.6456
1527.9368
1525.0632
1524.4177
1520.4304
1515.2341
1520.8981
1516.6497
1525.2307
1523.9935
1519.9744
1517.3013
1514.25
1509.8654
1513.1871
1510.2451
1506.4323
1503.6968
1498.8323
1507.8
1500.8839
1496.3484
1493.5677
1488.8387
1484.5161
1466.6451
1464.0387
1467.6516
1460.5613
1456.1226
1452.8839
1449.0194
1442.9291
1442.883
1476.1364
1483.6993
1486.9739
1486.9739
1494.6471
1491.2091
1500.0856
1500.0856
1498.9342
1506.8477
1513.9933
1525.0604
1536.4933
1536.5608
1533.081
1526.6487
1524.3582
1520.0
1490.3379
1488.8243
1497.1565
1494.4897
1495.4082
1491.2177
1492.3945
1492.966
1490.5306
1499.6644
1499.2739
1497.8494
1505.7449
1514.8334
1514.4861
1518.9514
1518.5625
1520.0416
1522.6111
1517.5139
1520.6736
1527.7762
1526.3077
1533.1478
1531.1267
1529.0634
1531.1831
1527.0564
1538.1063
1544.0286
1552.4677
1547.1079
1546.8921
1550.8116
1549.1594
1549.616
1547.7174
1542.674
1541.8406
1537.5725
1537.7898
1534.558
1552.1617
1547.25
1539.7867
1537.6177
1533.8162
1529.7794
1524.4191
1533.9556
1529.6963
1517.0444
1515.4889
1511.7852
1509.1185
1506.0148
1515.4329
1521.6992
1516.579
1514.7218
1513.1578
1511.6842
1522.4849
1522.5834
1514.7046
1545.659
1540.1364
1540.3485
1535.6666
1534.6439
1533.9395
1529.5378
1529.6895
1528.2651
1522.7878
1521.0758
1514.4242
1513.909
1512.7878
1509.1288
1511.6183
1509.374
1513.519
1510.9465
1510.0687
1510.6947
1499.5267
1492.1755
1489.7863
1492.4045
1489.9923
1488.023
1487.1603
1483.7557
1479.397
1474.8702
1469.5115
1468.6488
1474.2461
1473.4615
1470.1692
1468.4308
1466.5385
1460.1
1461.0461
1455.3539
1454.623
1447.1461
1439.4692
1435.0
1432.0769
1433.279
1458.9612
1454.217
1448.2094
1452.6562
1444.9922
1400.0312
1396.3359
1391.1641
1387.7812
1381.1562
1374.0703
1376.5118
1375.1904
1370.0476
1366.9524
1362.7222
1362.3413
1368.584
1365.584
1364.264
1372.6854
1369.4678
1368.0322
1368.3307
1366.0646
1366.7903
1374.7479
1370.5284
1368.4553
1365.5284
1367.3577
1366.9838
1378.5122
1381.0406
1372.5284
1371.2277
1371.1544
1370.813
1369.626
1369.3903
1367.2845
1364.1788
1372.7377
1373.4263
1376.8934
1416.3197
1418.0737
1431.2067
1438.5667
1446.1008
1441.5714
1439.8488
1434.7059
1435.9243
1431.4117
1429.2521
1424.2941
1434.3136
1432.9916
1430.5677
1429.2966
1429.6526
1423.695
1416.2966
1422.4274
1433.6552
1437.3707
1441.4138
1440.5087
1443.069
1440.1638
1434.0431
1431.9052
1430.681
1429.9656
1429.431
1429.8793
1438.4956
1433.6
1431.0609
1427.4869
1423.5131
1420.7653
1417.4869
1411.1217
1409.2347
1400.6609
1408.035
1400.6052
1395.7632
1391.2456
1387.1316
1384.5264
1373.8246
1383.1504
1378.8938
1373.9558
1374.292
1369.1858
1367.885
1363.292
1360.8761
1357.4867
1355.5398
1352.0796
1349.646
1345.0531
1348.1339
1367.8636
1360.7273
1352.4403
1348.101
1355.4679
1353.2202
1365.5
1362.8796
1362.0555
1358.6852
1356.4537
1356.0648
1355.6759
1354.1111
1351.6759
1348.6945
1344.5834
1341.1482
1341.2963
1336.1482
1349.944
1345.9065
1344.2617
1340.3085
1299.0754
1299.6666
1295.1523
1288.8
1283.3334
1289.8096
1277.4
1286.9807
1282.4615
1279.125
1287.9902
1284.0582
1291.8823
1296.9504
1285.9504
1292.29
1287.09
1284.86
1284.61
1286.99
1285.88
1283.81
1281.23
1277.7
1274.55
1271.04
1282.5657
1279.5657
1289.398
1299.7113
1293.2577
1292.3093
1284.3608
1282.67
1279.5258
1270.1855
1264.0206
1260.6598
1256.7834
1251.3815
1248.4124
1245.6083
1242.1031
1241.5773
1239.0721
1236.4434
1235.5773
1243.8125
1236.6875
1255.5319
1253.0106
1251.1063
1251.3405
1279.6305
1278.1414
1278.1631
1275.3043
1271.2826
1271.7826
1281.6813
1281.4066
1279.0659
1277.5055
1275.4945
1271.6703
1271.9231
1252.2087
1264.711
1265.789
1281.236
1281.2247
1294.6364
1292.4546
1324.7559
1320.1976
1320.2325
1318.6395
1313.7441
1315.4767
1310.314
1305.5116
1299.1744
1296.6628
1310.1882
1308.2354
1306.9412
1302.3529
1303.3176
1298.2354
1295.7177
1309.5714
1307.3572
1302.6548
1297.4286
1307.1927
1302.7831
1302.253
1296.7108
1308.8049
1311.2927
1306.3658
1302.1464
1301.0366
1314.8518
1315.9382
1316.2222
1315.358
1313.7778
1310.9136
1312.1357
1309.4938
1308.6543
1307.2593
1317.8
1315.6
1314.7625
1326.4304
1323.5443
1320.519
1314.7595
1307.6666
1306.2307
1306.6794
1303.3846
1297.6666
1298.7307
1295.8718
1292.6794
1322.1578
1322.3552
1317.421
1318.5526
1317.5526
1320.0
1319.9606
1318.0922
1314.5922
1311.4868
1306.1448
1304.9474
1306.9474
1306.3026
1303.3684
1296.5132
1314.3467
1313.2533
1308.0934
1307.2933
1303.5867
1302.96
1301.12
