441.458
545.601
648.073
743.13
840.985
937.449
1036.884
1130.084
1206.806
1273.686
1343.008
1407.235
1448.103
1499.705
1558.65
1603.615
1644.745
1686.185
1729.902
1764.759
1795.844
1828.34
1854.801
1909.821
1924.207
1934.182
1950.683
1981.917
2014.333
2039.951
2066.867
2088.268
2110.612
2125.713
2146.869
2163.462
2168.862
2174.577
2174.872
2197.434
2207.584
2213.137
2216.668
2228.541
2239.509
2262.482
2272.96
2274.379
2267.251
2265.573
2268.907
2294.131
2292.897
2290.224
2286.734
2273.338
2260.472
2253.15
2239.786
2234.344
2227.899
2223.03
2218.307
2220.383
2211.829
2211.346
2207.366
2222.489
2209.439
2199.875
2185.636
2153.59
2132.688
2099.977
2076.624
2056.905
2038.693
2024.944
2013.166
1994.73
1967.419
1938.374
1897.055
1851.237
1800.387
1734.658
1687.671
1651.368
1613.338
1559.812
1498.191
1420.756
1356.788
1289.291
1224.958
1156.552
1082.743
1020.945
961.11
888.633
