0
0
0
0
139
105
96
117
94
82
96
100
91
82
96
88
75
80
74
75
53
62
73
70
68
68
48
53
56
57
54
46
36
53
59
61
38
47
32
62
58
35
29
36
47
28
19
28
39
28
43
31
33
26
30
40
21
29
19
36
30
22
30
19
40
35
25
24
35
22
28
31
16
17
29
19
22
25
17
31
27
21
19
17
15
6
13
15
33
16
15
10
8
9
9
9
26
16
13
25
17
14
14
11
20
16
17
17
12
14
14
10
10
16
18
11
16
16
13
14
18
5
17
15
12
11
13
10
12
7
5
4
10
8
3
9
9
11
3
17
16
4
8
8
9
9
8
4
1
9
8
7
9
8
6
12
10
2
11
10
9
10
17
9
9
5
4
13
8
11
7
10
7
4
11
6
11
5
2
2
12
7
10
6
6
3
10
7
7
4
6
4
5
4
4
6
3
6
7
5
10
6
9
7
3
10
5
4
2
6
2
3
3
5
3
8
0
8
5
6
12
11
4
3
1
2
5
4
7
0
3
2
3
2
6
9
4
4
4
7
5
8
7
1
4
3
3
2
2
2
0
9
1
4
6
1
2
5
1
2
2
2
2
3
4
8
1
4
4
0
6
3
4
1
2
0
6
3
2
5
3
5
1
10
2
1
4
0
4
13
1
3
5
1
4
8
8
2
1
1
2
1
7
3
3
1
5
2
3
4
2
1
1
3
2
2
1
2
0
5
4
3
4
0
1
0
4
6
3
3
2
2
5
3
1
1
9
1
1
8
1
0
2
2
5
1
2
1
1
4
0
1
3
1
5
5
1
1
1
4
1
2
3
3
2
0
0
0
0
9
2
7
5
0
2
5
3
1
0
2
2
0
1
3
3
3
4
1
0
4
7
2
0
3
0
0
1
1
5
1
0
3
2
3
2
1
1
1
3
3
0
2
1
4
3
1
0
1
0
4
4
5
1
1
2
3
1
1
2
1
3
8
2
0
0
0
1
0
2
0
0
3
1
1
2
3
3
0
2
1
4
3
5
0
2
0
6
2
2
5
1
2
2
0
1
0
0
0
2
1
3
0
1
2
0
4
2
2
3
9
4
4
0
3
0
2
2
5
0
3
2
2
0
0
1
3
1
0
1
559
