1.637
2.268
2.499
2.661
2.859
3.078
3.045
3.06
3.044
3.116
3.076
3.113
3.027
3.028
2.93
2.952
2.877
2.783
2.7
2.717
2.738
2.855
2.916
2.88
2.941
2.984
3.001
3.015
3.022
3.07
3.091
3.08
3.088
3.094
3.01
2.882
2.832
2.84
2.812
2.771
2.752
2.719
2.69
2.654
2.735
2.785
2.897
2.902
2.922
2.937
2.974
3.05
3.143
3.155
3.256
3.338
3.376
3.411
3.406
3.227
3.239
3.348
3.442
3.471
3.514
3.476
3.512
3.575
3.689
3.739
3.803
3.731
3.613
3.642
3.664
3.755
3.837
3.975
4.113
4.452
4.643
4.755
4.779
4.858
4.935
5.006
5.283
5.347
5.398
5.559
5.805
5.801
5.768
5.703
5.587
5.292
4.789
4.052
3.052
1.86
