WTCHG_171117_262	WTCHG_171117_264	
0.868	1.49	
0.948	1.517	
1.017	1.582	
1.065	1.605	
1.133	1.635	
1.183	1.675	
1.232	1.713	
1.276	1.731	
1.34	1.783	
1.373	1.777	
1.399	1.801	
1.423	1.801	
1.459	1.816	
1.486	1.835	
1.51	1.862	
1.532	1.885	
1.582	1.892	
1.601	1.938	
1.616	1.953	
1.645	1.962	
1.662	1.99	
1.691	2.009	
1.714	1.997	
1.753	2.025	
1.772	2.032	
1.794	2.035	
1.827	2.061	
1.842	2.069	
1.872	2.092	
1.907	2.114	
1.929	2.135	
1.952	2.127	
1.974	2.149	
2.001	2.175	
2.048	2.213	
2.07	2.23	
2.099	2.238	
2.128	2.264	
2.17	2.292	
2.195	2.298	
2.217	2.331	
2.257	2.353	
2.278	2.383	
2.317	2.41	
2.353	2.436	
2.389	2.47	
2.417	2.501	
2.46	2.534	
2.5	2.564	
2.54	2.609	
2.566	2.642	
2.605	2.679	
2.633	2.711	
2.654	2.749	
2.689	2.77	
2.733	2.79	
2.793	2.6586587	
2.814	2.6906908	
2.859	2.7267268	
2.909	2.7457457	
2.942	2.7857857	
2.984	2.8248248	
3.027	2.841842	
3.058	2.8848848	
3.092	2.9369369	
3.143	2.9789789	
3.194	3.044044	
3.262	3.062062	
3.296	3.098098	
3.331	3.1251252	
3.361	3.166166	
3.404	3.2172172	
3.449	3.2682683	
3.484	3.3113112	
3.5105104	3.3473473	
3.5545545	3.3813813	
3.6426427	3.4324324	
3.6966968	3.4784784	
3.7657657	3.5255256	
3.8228228	3.5685685	
3.8608608	3.6296296	
3.9029028	3.6796796	
3.9649649	3.7177176	
4.0220222	3.7627628	
4.068068	3.7847848	
4.135135	3.8268268	
4.2262263	3.845846	
4.292292	3.8948948	
4.3713713	3.937938	
4.4224224	3.97998	
4.4714713	4.033033	
4.5255256	4.1021023	
4.5635633	4.1341343	
4.6056056	4.156156	
4.6466465	4.179179	
4.6706705	4.2012014	
4.6966968	4.2104206	
4.71972	4.231463	
4.7755513	4.239479	
4.768537	4.255511	
4.774549	4.115346	
4.770541	4.137412	
4.794589	4.115346	
4.811623	4.1454363	
4.814629	4.1594787	
4.8677354	4.1654963	
4.8877754	4.1765294	
4.8967934	4.192578	
4.9388776	4.209629	
4.965932	4.238716	
4.991984	4.238716	
5.02505	4.291876	
5.057114	4.34002	
5.0851703	4.3711133	
5.1092186	4.3911734	
5.1282563	4.4152455	
5.1422844	4.449348	
5.199399	4.446339	
5.268537	4.466399	
5.328657	4.5015044	
5.3677354	4.5386934	
5.4188375	4.559799	
5.507014	4.6221104	
5.5330663	4.642211	
5.5871744	4.6994977	
5.6342688	4.7457285	
5.6429286	4.751509	
5.7001004	4.78169	
5.7091274	4.794769	
5.7372117	4.83501	
5.766299	4.8731117	
5.8174524	4.912387	
5.8635907	4.978852	
5.895687	5.007056	
5.9066267	5.0292635	
5.956827	5.069627	
5.990964	5.097881	
6.0271087	5.117172	
6.079317	5.128283	
6.1144576	5.1698685	
6.138554	5.1769466	
6.191767	5.2103133	
6.2592964	5.250758	
6.2894473	5.2780585	
6.3447237	5.290192	
6.3829145	5.3023257	
6.4130654	5.330637	
6.4311557	5.366397	
6.4134808	5.418016	
6.4668007	5.4251013	
6.522133	5.459514	
6.5633802	5.478745	
6.6136823	5.4989877	
6.646881	5.5182185	
6.693159	5.5420465	
6.7384305	5.5886526	
6.7474847	5.6180344	
6.798793	5.64539	
6.830986	5.6717324	
6.8480887	5.7051673	
6.8541245	5.716312	
6.89336	5.7477202	
6.9054327	5.8024316	
6.94165	5.816616	
6.9668007	5.8328266	
6.945674	5.845998	
6.967807	5.87234	
6.968813	5.9067883	
7.022133	5.93617	
7.050302	5.992908	
7.0925555	5.9959474	
7.10664	6.0212765	
7.120724	6.0567374	
7.146881	6.0699086	
7.155936	6.0861197	
7.174044	6.1266465	
7.1589537	6.12462	
7.173038	6.1641335	
7.192153	6.1803446	
7.2022133	6.155015	
7.2374244	6.160081	
7.258551	6.1388044	
7.2615695	6.154002	
7.2867203	6.1509624	
7.3199196	6.1570415	
7.3008046	6.16616	
7.3229375	6.195542	
7.2927566	6.200608	
7.285714	6.1925025	
7.294769	6.1975684	
7.3239436	6.1864233	
7.3158956	6.1823707	
7.304829	6.2056737	
7.328974	6.211753	
7.361167	6.2178316	
7.3772635	6.248227	
7.362173	6.253293	
7.360161	6.2259374	
7.330986	6.24924	
7.352113	6.265451	
7.365191	6.282675	
7.385312	6.2998986	
7.380282	6.3343463	
7.410463	6.3454914	
7.4175053	6.3687944	
7.4305835	6.3809524	
7.4134808	6.379939	
7.445674	6.402229	
7.428571	6.4072948	
7.423541	6.414387	
7.442656	6.4224925	
7.503018	6.397163	
7.5201206	6.390071	
7.5452714	6.438703	
7.5462775	6.4457955	
7.584507	6.4468083	
7.589537	6.443769	
7.5975857	6.4630194	
7.6136823	6.4711246	
7.5704226	6.455927	
7.576459	6.4701114	
7.5694165	6.496454	
7.5372233	6.489362	
7.614688	6.5005064	
7.5905433	6.502533	
7.5905433	6.5592704	
7.6046276	6.561297	
7.609658	6.569402	
7.619718	6.5876393	
7.6257544	6.5572443	
7.67002	6.549139	
7.6861167	6.530902	
7.688129	6.4984803	
7.6981893	6.507599	
7.71831	6.5319147	
7.720322	6.5349545	
7.732394	6.52077	
7.72334	6.545086	
7.722334	6.546099	
7.726358	6.5288754	
7.7474847	6.5369806	
7.72837	6.5288754	
7.7082496	6.544073	
7.705231	6.530902	
7.6841044	6.5471125	
7.671026	6.5410333	
7.6780686	6.5552177	
7.683099	6.5653496	
7.6851106	6.5602837	
7.66499	6.545086	
7.6227365	6.569402	
7.6358147	6.58156	
7.6529174	6.614995	
7.673038	6.5846	
7.665996	6.6119556	
7.6237426	6.609929	
7.607646	6.635258	
7.5965796	6.6139817	
7.619718	6.6160083	
7.6006036	6.64539	
7.61167	6.639311	
7.5995975	6.5471125	
7.6187124	6.5653496	
7.646881	6.5846	
7.633803	6.5653496	
7.6519113	6.5876393	
7.65996	6.532928	
7.673038	6.5359674	
7.6770625	6.5730224	
7.6770625	6.5638947	
7.667002	6.5628805	
7.6458755	6.5507097	
7.6549296	6.5020285	
7.633803	6.5283976	
7.607646	6.504057	
7.5774646	6.5060854	
7.5402412	6.5091276	
7.5412474	6.5081134	
7.5472836	6.494929	
7.5724344	6.495943	
7.5653925	6.4766736	
7.588531	6.484787	
7.5784707	6.4766736	
7.5603623	6.473631	
7.5201206	6.450304	
7.5402412	6.4868155	
7.5342054	6.4918866	
7.5110664	6.495943	
7.4899397	6.4918866	
7.4758554	6.4817443	
7.438632	6.4665313	
7.416499	6.4837728	
7.4175053	6.4918866	
7.362173	6.5091276	
7.3470826	6.5081134	
7.3511066	6.4817443	
7.3641853	6.4929004	
7.361167	6.4817443	
7.336016	6.477688	
7.3249497	6.5030427	
7.3108654	6.5070996	
7.2927566	6.4878297	
7.3158956	6.484787	
7.3189135	6.454361	
7.3229375	6.4259634	
7.303823	6.433063	
7.3058352	6.444219	
7.2897387	6.470588	
7.3018107	6.4574037	
7.3058352	6.4492903	
7.304829	6.444219	
7.253521	6.4837728	
7.231388	6.4523325	
7.241449	6.464503	
7.2565393	6.4462476	
7.246479	6.4219065	
7.244467	6.409736	
7.220322	6.4117646	
7.219316	6.4056797	
7.193159	6.4208927	
7.2525153	6.3894525	
7.221328	6.403651	
7.2293763	6.3651114	
7.191147	6.3509126	
7.17002	6.308316	
7.1589537	6.296146	
7.174044	6.3093305	
7.1841044	6.312373	
7.174044	6.322515	
7.169014	6.289047	
7.1569414	6.3062882	
7.1589537	6.3032455	
7.1488934	6.2991886	
7.138833	6.2880325	
7.1257544	6.259635	
7.112676	6.2880325	
7.0824947	6.2944164	
7.093561	6.280203	
7.10664	6.2741117	
7.0684104	6.26599	
7.080483	6.267005	
7.0744467	6.290355	
7.076459	6.3005075	
7.0724344	6.281218	
7.059356	6.2436547	
7.0694165	6.261929	
7.0674043	6.2426395	
7.055332	6.2243657	
7.0412474	6.226396	
7.0291753	6.257868	
7.0432596	6.226396	
6.995976	6.213198	
6.977867	6.187817	
6.9657946	6.174619	
6.9607644	6.164467	
6.9346075	6.1492386	
6.94668	6.143147	
6.95171	6.138071	
6.9325957	6.1411166	
6.940644	6.1390862	
6.9305835	6.1319795	
6.9134808	6.1319795	
6.8772635	6.1137056	
6.870221	6.1116753	
6.8692155	6.128934	
6.9024143	6.0761423	
7.085513	6.072081	
7.0643864	6.0700507	
7.036217	6.0639596	
7.0432596	6.051777	
7.04829	6.0467005	
7.022133	6.0680203	
6.9899397	6.0761423	
6.9879274	6.0903554	
7.0140843	6.088325	
7.00503	6.088325	
7.0150905	6.0609136	
7.0402412	6.0467005	
6.996982	6.052792	
6.9979877	6.0609136	
6.9899397	6.051777	
6.9627767	6.0375633	
6.950704	6.0101523	
6.94668	5.991878	
6.928571	5.990863	
6.9346075	5.9796953	
6.9366198	5.9959393	
6.9305835	5.982741	
6.945674	5.9807105	
6.9577465	5.985787	
6.9557343	6.007107	
6.964789	5.969543	
6.9537225	5.97868	
6.9356136	5.964467	
6.940644	5.977665	
6.938632	5.971574	
6.928571	6.0121827	
6.9325957	6.007107	
6.967807	6.0182743	
6.9225354	5.991878	
6.9044266	5.9979696	
6.9044266	6.029442	
6.9094567	6.027411	
6.9175053	6.017259	
6.8641853	6.0	
6.836016	5.970558	
6.807847	5.9583755	
6.8018107	5.9401016	
6.7625756	5.9086294	
6.7595572	5.9299493	
6.7303824	5.914721	
6.748491	5.883249	
6.72334	5.8791876	
6.4094567	5.8730965	
6.4034204	5.897462	
6.4074445	5.870935	
6.411469	5.870935	
6.4004025	5.870935	
6.357143	5.882114	
6.331992	5.856707	
6.3410463	5.868902	
6.3551307	5.854527	
6.3420525	5.8453712	
6.3229375	5.841302	
6.328974	5.8535094	
6.352113	5.8423195	
6.3541245	5.82706	
6.3410463	5.8118005	
6.332998	5.7700915	
6.330986	5.799593	
6.2927566	5.7833166	
6.268612	5.798371	
6.27163	5.793279	
6.273642	5.8034625	
6.251509	5.802444	
6.2344065	5.7769856	
6.2424545	5.7769856	
6.224346	5.767821	
6.221328	5.784114	
6.215292	5.774949	
6.231388	5.732179	
6.2293763	5.6955194	
6.227364	5.6605506	
6.2092557	5.6381245	
6.214286	5.642202	
6.1941648	5.619776	
6.1981893	5.6156983	
6.1820927	5.8287463	
6.171026	5.8154945	
6.1861167	5.814475	
6.169014	5.8236494	
6.139839	5.834862	
6.141851	5.845056	
6.1257544	5.8297653	
6.114688	5.8165135	
6.1237426	5.8236494	
6.0975857	5.809378	
6.0925555	5.797146	
6.071429	5.775739	
6.062374	5.79001	
6.031187	5.8012233	
6.04829	5.8103976	
6.032193	5.812436	
6.032193	5.7604485	
6.00503	5.7675843	
6.0100603	5.7675843	
5.995976	5.748216	
6.0020123	5.759429	
6.003018	5.735984	
6.0120845	5.7349644	
5.998993	5.745158	
6.0130916	5.723751	
6.0332327	5.7349644	
6.062437	5.711519	
6.042296	5.6738024	
6.0553875	5.6717634	
6.035247	5.6962285	
6.0040283	5.737003	
6.041289	5.7421	
6.021148	5.7104993	
6.0090632	5.7410808	
6.0	5.735984	
6.0040283	5.7319064	
5.98288	5.7431192	
5.97281	5.7380223	
5.9496474	5.7380223	
5.912387	5.7573905	
5.9164147	5.753313	
5.8982882	5.7410808	
5.885196	5.737003	
5.878147	5.687054	
5.8620343	5.6795917	
5.883182	5.642857	
5.8892245	5.6265306	
5.889113	5.615306	
5.8518147	5.602041	
5.849798	5.6112247	
5.846774	5.6132655	
5.829637	5.605102	
5.842742	5.591837	
5.862903	5.572449	
5.865927	5.5510206	
5.993952	5.546939	
5.971774	5.5234694	
6.001008	5.5081635	
5.997984	5.4857144	
5.9929366	5.47551	
5.9889	5.4938774	
5.972755	5.4836736	
5.965691	5.4520407	
5.9707365	5.4357142	
5.9535823	5.422449	
5.929364	5.412245	
5.9414735	5.422449	
5.948537	5.4142857	
5.927346	5.4255104	
5.9061556	5.4255104	
5.8839555	5.4010205	
5.8657923	5.3714285	
5.8728557	5.3765306	
5.889001	5.3785715	
5.887992	5.355102	
5.877901	5.357143	
5.8567104	5.396939	
5.876892	5.3632655	
5.8990917	5.330612	
5.8829465	5.3112245	
5.9050503	5.2938776	
5.861616	5.2989798	
5.861616	5.2469387	
5.8767676	5.2193875	
5.9121213	5.2193875	
5.922222	5.203061	
5.9050503	5.1755104	
5.914141	5.1683674	
5.9333334	5.169388	
5.939394	5.15	
5.926263	5.12449	
5.889899	5.115306	
5.8858585	5.0928574	
5.8989897	5.1795917	
5.887879	5.1867347	
5.9030304	5.1642857	
5.914141	5.1734695	
5.9070706	5.189796	
5.889899	5.1755104	
5.8757577	5.1571426	
5.866667	5.147959	
5.8686867	5.1367345	
5.859596	5.131633	
5.8676767	5.131633	
5.883838	5.102041	
5.883838	5.0765305	
5.857576	5.072449	
5.862626	5.0632653	
5.8545456	5.0540814	
5.871717	5.039796	
5.8747473	5.042857	
5.882828	5.0234694	
5.8979797	5.003064	
5.919192	5.003064	
5.9151516	5.006129	
5.9282827	4.9765067	
5.927273	4.9785495	
5.922222	4.957099	
5.917172	4.92952	
5.921212	4.911134	
5.9333334	4.9131765	
5.931313	4.92237	
5.922222	4.898876	
5.9080806	4.870276	
5.809091	4.8294177	
5.7737374	4.846626	
5.768687	4.859918	
5.7727275	4.8773007	
5.757576	4.8742332	
5.7848487	4.8517385	
5.792929	4.842375	
5.778788	4.839304	
5.7656565	4.8382807	
5.788889	4.836233	
5.7939396	4.8628454	
5.7818184	4.8536334	
5.7868686	4.832139	
5.766667	4.8137155	
5.7868686	4.8075743	
5.80101	4.804303	
5.811111	4.8381147	
5.8161616	4.8483605	
5.832323	4.8186474	
5.7959595	4.8165984	
5.8	4.807377	
5.778788	4.789959	
5.7636366	4.7868853	
5.762626	4.772541	
5.761616	4.772541	
5.759596	4.7715163	
5.738384	4.759221	
5.737374	4.7909837	
5.7393937	4.7940574	
5.7222223	4.797131	
5.690909	4.7961063	
5.6858587	4.7786884	
5.680808	4.767418	
5.6656566	4.7715163	
5.658586	4.7930326	
5.676768	4.780738	
5.6545453	4.759221	
5.5	4.762051	
5.469697	4.751795	
5.48635	4.747692	
5.4974723	4.7384615	
5.526795	4.748718	
5.521739	4.725128	
5.512639	4.7066665	
5.4833164	4.69641	
5.470648	4.6786447	
5.484818	4.660843	
5.5101213	4.64851	
5.4969635	4.6443987	
5.4757085	4.6248717	
5.463563	4.6135664	
5.4757085	4.6135664	
5.4817815	4.6043167	
5.480769	4.602261	
5.4605265	4.6187053	
5.4696355	4.614594	
5.476721	4.6043167	
5.4625506	4.585817	
5.4524293	4.599178	
5.4423075	4.6043167	
5.444332	4.594039	
5.444332	4.6187053	
5.4251013	4.609455	
5.4251013	4.6043167	
5.4342103	4.602261	
5.4331985	4.589928	
5.4352226	4.606372	
5.4190283	4.6074	
5.410931	4.627955	
5.387652	4.6187053	
5.2803645	4.5837617	
5.275304	4.5874486	
5.2550607	4.564815	
5.2591095	4.521605	
5.282675	4.5061727	
5.309017	4.5	
5.314083	4.479424	
5.3181357	4.4917693	
5.2998986	4.4814816	
5.2938194	4.48251	
5.282675	4.520576	
5.278622	4.532922	
5.295846	4.5524693	
5.3232017	4.5565844	
5.3221884	4.524202	
5.337728	4.513903	
5.342799	4.5118437	
5.3326573	4.5108137	
5.3022313	4.500515	
5.2829614	4.472165	
5.2799187	4.4577317	
5.2791877	4.4505153	
5.2720814	4.443299	
5.2690353	4.4329896	
5.28934	4.4319587	
5.288325	4.417526	
5.28934	4.3917527	
5.2720814	4.3618555	
5.2649746	4.353608	
5.2639594	4.3226805	
5.2639594	4.3092785	
5.271066	4.2907214	
5.253807	4.3082476	
5.2467003	4.315464	
5.261929	4.3082476	
5.2598987	4.3226805	
5.281218	4.316495	
5.2690353	4.3247423	
5.252792	4.303093	
5.2558374	4.2907214	
5.271066	4.2649484	
5.2568526	4.2525773	
5.2520328	4.2505155	
5.2052846	4.2659793	
5.203459	4.25567	
5.211597	4.2731957	
5.1922684	4.2247424	
5.1953206	4.218557	
5.241099	4.2340207	
5.239064	4.2	
5.2461853	4.183505	
5.250254	4.1804123	
5.2716174	4.198969	
5.274669	4.2103095	
5.2929807	4.214433	
5.311292	4.1917524	
5.311292	4.2051544	
5.301119	4.208247	
5.2929807	4.208247	
5.272635	4.196907	
5.3156824	4.1886597	
5.3319755	4.219588	
5.352701	4.2386365	
5.3669724	4.233471	
5.3588176	4.2272725	
5.327217	4.2117767	
5.324159	4.178719	
5.3109074	4.141529	
5.2976556	4.1528926	
5.303371	4.1487603	
5.290092	4.157025	
5.2747703	4.159091	
5.2655773	4.166322	
5.2798777	4.1869836	
5.2982635	4.201446	
5.3207355	4.230372	
5.3146067	4.208678	
5.3146067	4.198347	
5.335036	4.174587	
5.3462715	4.1704545	
5.364658	4.144628	
5.3207355	4.1167355	
5.3094993	4.128099	
5.33095	4.121901	
5.3381	4.1136365	
5.34525	4.113754	
5.3442287	4.114788	
5.3799796	4.1199584	
5.3953013	4.122027	
5.38713	4.124095	
5.378958	4.1261635	
5.3707867	4.1023784	
5.3687434	4.1189246	
5.3963227	4.1116858	
5.383044	4.1178904	
5.3656793	4.107549	
5.3432074	4.1085835	
5.340143	4.113754	
5.3299284	4.097208	
5.342186	4.1013446	
5.3370786	4.123061	
5.3374233	4.1334023	
5.3374233	4.123061	
5.3374233	4.131334	
5.322086	4.1437435	
5.3210635	4.1209927	
5.332651	4.123061	
5.330604	4.124095	
5.363357	4.122027	
5.368475	4.0921326	
5.381781	4.0776396	
5.3541455	4.074534	
5.364381	4.0662527	
5.363357	4.0434785	
5.3398156	4.0238094	
5.3357215	4.032091	
5.334698	4.016563	
5.330604	4.016563	
5.3408394	4.0124226	
5.3336744	4.013458	
5.3336744	3.9979296	
5.3449335	4.014493	
5.3510747	3.9834368	
5.3490276	4.001035	
5.334698	3.9855072	
5.26305	3.9979296	
5.254862	3.994824	
5.2599797	4.022774	
5.2579327	4.0155277	
5.265369	4.0082817	
5.2510247	4.0238094	
5.2389746	4.013458	
5.2533336	3.979296	
5.2	3.9699483	
5.174359	3.9626944	
5.1825643	3.969917	
5.1138463	3.969917	
5.1107693	3.9667704	
5.1241026	3.9511943	
5.114872	3.96054	
5.105641	3.9449637	
5.1128206	3.9595015	
5.116923	3.9594173	
5.1179485	3.9573362	
5.140513	3.9479709	
5.1251283	3.9198751	
5.1066666	3.9313216	
5.100513	3.9229968	
5.0923076	3.9209156	
5.0984616	3.9105098	
5.074872	3.905307	
5.0451283	3.9146721	
5.027721	3.8907387	
5.0123205	3.887617	
4.976386	3.8761706	
4.989733	3.8470345	
4.99076	3.8459938	
4.9876795	3.8293445	
5.008222	3.830385	
4.992806	3.8251822	
4.995889	3.8189385	
5.0	3.765869	
4.9897227	3.7513008	
4.9804525	3.7388136	
4.994856	3.742976	
5.001029	3.7565036	
5.0185184	3.7648282	
5.005144	3.7887616	
5.0020576	3.7741935	
4.995885	3.773153	
4.9938273	3.7450573	
4.995885	3.742976	
4.987654	3.760666	
4.983539	3.7408948	
4.9855967	3.7450573	
4.945473	3.7263267	
4.9485598	3.7419355	
4.946502	3.746875	
4.920782	3.7364583	
4.952675	3.7260416	
4.941358	3.7239583	
4.9516463	3.7489583	
4.940329	3.7604167	
4.9074073	3.7583334	
4.9063787	3.759375	
4.8868313	3.75	
4.9002056	3.740625	
4.8528805	3.7302084	
4.847737	3.725	
4.839506	3.7260416	
4.839506	3.7208333	
4.8487654	3.7041667	
4.8333335	3.7	
4.809671	3.709375	
4.81893	3.709375	
4.8446503	3.7083333	
4.8374486	3.703125	
4.8425927	3.7114584	
4.8539095	3.7145834	
4.8333335	3.70625	
4.845679	3.6979167	
4.8333335	3.6927083	
4.835391	3.6895833	
4.846708	3.6903024	
4.8528805	3.6976016	
4.8158436	3.6986444	
4.829218	3.721585	
4.8290424	3.6976016	
4.7971163	3.687174	
4.784758	3.7028155	
4.7734294	3.7101147	
4.7754893	3.7139876	
4.7744594	3.6972861	
4.7631307	3.6938348	
4.7651906	3.7011495	
4.795057	3.7136886	
4.804124	3.7126436	
4.7989693	3.6948798	
4.815464	3.691745	
4.8237114	3.6844306	
4.817526	3.6844306	
4.8101134	3.6718912	
4.8152733	3.6708465	
4.8132095	3.6645768	
4.8152733	3.7021945	
4.827657	3.722048	
4.8627453	3.722048	
4.860681	3.7136886	
4.877193	3.7157786	
4.8833847	3.6907	
4.879257	3.678161	
4.863777	3.679206	
4.856553	3.6865203	
4.860681	3.6729362	
4.841073	3.679206	
4.8421054	3.691745	
4.8503613	3.709509	
4.8586173	3.7053292	
4.835913	3.7304075	
4.8194013	3.724138	
4.8090816	3.722048	
4.7966976	3.710554	
4.8008256	3.6844306	
4.790506	3.678161	
4.763674	3.6530826	
4.786378	3.6186	
4.794634	3.6102402	
4.7688336	3.6394985	
4.763674	3.645768	
4.749226	3.6384535	
4.750258	3.662134	
4.75645	3.6474895	
4.7605777	3.6516736	
4.7966976	3.6495817	
4.794634	3.6485355	
4.7997937	3.6589959	
4.8183694	3.6443515	
4.835913	3.6391213	
4.8390093	3.6359832	
4.860537	3.6422594	
4.853306	3.6359832	
4.839876	3.6548116	
4.835744	3.665272	
4.8450413	3.6579497	
4.840909	3.6474895	
4.8634953	3.6391213	
4.835574	3.633508	
4.850052	3.634172	
4.8728023	3.6404612	
4.8790073	3.6519916	
4.877973	3.6802936	
4.8945193	3.6645703	
4.886246	3.6698112	
4.886246	3.68239	
4.8634953	3.6781971	
4.8883142	3.672956	
4.892451	3.672613	
4.8914165	3.683106	
4.9152017	3.6946485	
4.9078674	3.6880252	
4.8943005	3.692227	
4.906736	3.6712184	
4.888083	3.6439075	
4.904663	3.6691177	
4.8715024	3.6712184	
4.862176	3.6407564	
4.85285	3.6267087	
4.85285	3.610936	
4.9056993	3.6056783	
4.915975	3.5962145	
4.917012	3.6122234	
4.906639	3.6227608	
4.9315352	3.601266	
4.9647303	3.579114	
4.9719915	3.5685654	
4.975104	3.549578	
4.9771547	3.522152	
4.955348	3.5400844	
4.9418483	3.53481	
4.9075804	3.543249	
4.8825364	3.53481	
4.891892	3.5274262	
4.89605	3.5390296	
4.906445	3.5232067	
4.914761	3.5316455	
4.9012475	3.5242617	
4.8804574	3.5179324	
4.8950105	3.5379746	
4.887734	3.5369198	
4.8866944	3.53481	
4.912682	3.5427666	
4.91684	3.5338266	
4.9177938	3.538055	
4.907388	3.5549684	
4.9011445	3.5465117	
4.8938603	3.5401692	
4.873049	3.5248678	
4.8616023	3.5227513	
4.85744	3.5037036	
4.852237	3.5137713	
4.8407907	3.5074153	
4.855359	3.5	
4.825182	3.5148306	
4.812695	3.5132556	
4.8012486	3.495228	
4.783559	3.4888654	
4.758585	3.47614	
4.7762747	3.493107	
4.76795	3.4962885	
4.7627473	3.493107	
4.7523413	3.4962885	
4.751301	3.487805	
4.742976	3.4835632	
4.751301	3.5015907	
4.7502604	3.47614	
4.745057	3.466596	
4.7221646	3.454931	
4.725	3.4564755	
4.709375	3.433121	
4.76875	3.418259	
4.788542	3.4140127	
4.7760415	3.393843	
4.76875	3.393843	
4.7708335	3.3895967	
4.7458334	3.3980892	
4.7447915	3.4118896	
4.7385416	3.4076433	
4.7395835	3.4002123	
4.75	3.3991508	
4.7541666	3.3789809	
4.726042	3.3673036	
4.710417	3.373673	
4.657977	3.381104	
4.62878	3.3704884	
4.6586637	3.3751328	
4.664927	3.3946807	
4.6430063	3.4085107	
4.653445	3.4117022	
4.6503134	3.4138298	
4.664927	3.4	
4.6461377	3.401064	
4.639875	3.3957446	
4.639875	3.387234	
4.6221294	3.3861701	
4.625261	3.3957446	
4.6221294	3.418085	
4.6263046	3.4159575	
4.620042	3.4031916	
4.5970774	3.3968086	
4.591858	3.397231	
4.588297	3.3940363	
4.571578	3.3865814	
4.585162	3.3833866	
4.600836	3.3844516	
4.600836	3.3908412	
4.61442	3.400426	
4.6102405	3.3940363	
4.5966563	3.3791268	
4.5768027	3.372737	
4.572623	3.3620872	
4.5638075	3.3642173	
4.5554395	3.3631523	
4.5627613	3.3769968	
4.547071	3.3652823	
4.543933	3.3631523	
4.58682	3.3546326	
4.580544	3.3535676	
4.5700836	3.3695421	
4.5658994	3.3791268	
4.5638075	3.3897765	
4.5706806	3.3833866	
4.5895286	3.3769968	
4.6031413	3.372737	
4.6198955	3.3652823	
4.6136127	3.3897765	
4.616754	3.397231	
4.616754	3.4057508	
4.6174006	3.3791268	
4.636268	3.3940363	
4.6509433	3.3844516	
4.6624737	3.402556	
4.667715	3.424307	
4.667715	3.4328358	
4.639413	3.4364994	
4.6257863	3.4172893	
4.6174006	3.4322305	
4.6358867	3.416222	
4.616999	3.4055495	
4.597062	3.398079	
4.6117525	3.3778014	
4.6117525	3.3916755	
4.6023083	3.3927429	
4.598111	3.4044824	
4.6086044	3.4268944	
4.633788	3.4461045	
4.6211963	3.4429028	
4.6243443	3.4813235	
4.636936	3.4861112	
4.626443	3.477564	
4.626443	3.4732907	
4.6358867	3.5021367	
4.623295	3.503205	
4.627492	3.4615386	
4.6159496	3.4487178	
4.603358	3.4229121	
4.5792236	3.4229121	
4.567681	3.437299	
4.55404	3.4066525	
4.5655823	3.3991416	
4.5561385	3.3920515	
4.558237	3.3630505	
4.545645	3.3737917	
4.5393496	3.3802364	
4.5330534	3.367347	
4.5330534	3.3641245	
4.530955	3.3813105	
4.529412	3.3741934	
4.5483193	3.3731182	
4.571429	3.3903227	
4.559874	3.3946238	
4.5367646	3.403226	
4.5241594	3.416129	
4.5189075	3.423656	
4.5283613	3.4462366	
4.512605	3.4430108	
4.494748	3.451613	
4.480042	3.4526882	
4.47479	3.4387097	
4.462185	3.4419355	
4.4411764	3.4564047	
4.464774	3.4655173	
4.480547	3.4806035	
4.4815984	3.497845	
4.4879074	3.4989223	
4.4858046	3.4795258	
4.456362	3.4698277	
4.463722	3.4590516	
4.437434	3.4461207	
4.4185066	3.4267242	
4.39327	3.4407327	
4.3859096	3.4525862	
4.391167	3.4515085	
4.3690853	3.4515085	
4.3617244	3.4471984	
4.354364	3.4439654	
4.3638277	3.4568965	
4.3638277	3.463362	
4.402734	3.46875	
4.4100947	3.4698277	
4.417455	3.466595	
4.414301	3.4735706	
4.413249	3.4584682	
4.43428	3.437365	
4.42061	3.4406047	
4.416404	3.4470842	
4.4185066	3.4449244	
4.4153523	3.4298055	
4.4090433	3.4330454	
4.40694	3.4384449	
4.4153523	3.4568036	
4.4258676	3.4600432	
4.4395375	3.4724324	
4.3890643	3.4756756	
4.4100947	3.4707792	
4.4058886	3.4880953	
4.4121976	3.5075758	
4.4090433	3.512987	
4.391167	3.5248919	
4.356467	3.5151515	
4.39327	3.4989178	
4.378549	3.487013	
4.386316	3.491342	
4.3842106	3.4967532	
4.386316	3.4967532	
4.374737	3.4772727	
4.3726315	3.491342	
4.3877764	3.5048754	
4.3719707	3.5005417	
4.360379	3.496208	
4.3677554	3.48104	
4.3730245	3.460455	
4.3656483	3.4517877	
4.364979	3.4539545	
4.3945146	3.4279523	
4.3808017	3.4225352	
4.3818564	3.4257855	
4.378692	3.4355364	
4.382911	3.4377031	
4.373418	3.4420369	
4.3333335	3.4479392	
4.382911	3.427332	
4.392405	3.4186552	
4.400844	3.4088938	
4.3839664	3.394794	
4.3945146	3.375271	
4.3660336	3.3644252	
4.364979	3.356833	
4.3548045	3.3517916	
4.359408	3.355049	
4.369979	3.3376765	
4.350951	3.3213897	
4.398942	3.3094463	
4.4084654	3.3127036	
4.437037	3.3322475	
4.4449153	3.3452768	
4.4618645	3.3583062	
4.4894066	3.369164	
4.467161	3.3680782	
4.4523306	3.364821	
4.4385595	3.359392	
4.4459743	3.3474483	
4.434322	3.3496199	
4.454449	3.3528774	
4.451271	3.348534	
4.451271	3.378936	
4.4449153	3.3804348	
4.447034	3.3934782	
4.423729	3.4141304	
4.3898306	3.422198	
4.394068	3.42111	
4.4131355	3.428727	
4.447034	3.451578	
4.4449153	3.4472253	
4.4290257	3.4444444	
4.451271	3.4215686	
4.447034	3.4030502	
4.4396186	3.4084966	
4.454449	3.41939	
4.4385595	3.4313726	
4.450212	3.423581	
4.4555087	3.4170306	
4.4369035	3.4093885	
4.414634	3.400655	
4.4097667	3.4087431	
4.3970275	3.4338799	
4.4246283	3.420765	
4.4123273	3.419672	
4.420829	3.4240437	
4.4431458	3.4262295	
4.4357066	3.4153006	
4.449522	3.4131148	
4.4357066	3.417943	
4.431456	3.4118292	
4.437234	3.3848684	
4.4340425	3.3870614	
4.4223404	3.3859649	
4.424307	3.3809001	
4.411514	3.3765094	
4.3944564	3.3644347	
4.3742003	3.3644347	
4.3720684	3.3589463	
4.3859277	3.3714285	
4.363539	3.389011	
4.3742003	3.3802197	
4.350746	3.3857143	
4.3208957	3.3692307	
4.3422174	3.3846154	
4.3400855	3.3758242	
4.336887	3.376923	
4.337953	3.367033	
4.3208957	3.3406594	
4.301706	3.332967	
4.3091683	3.3351648	
4.271855	3.3234324	
4.2739873	3.3061674	
4.261194	3.2885463	
4.270789	3.2852423	
4.282516	3.2822492	
4.293177	3.2833517	
4.2846484	3.2811465	
4.292111	3.292172	
4.270789	3.292172	
4.24307	3.292172	
4.2441363	3.292172	
4.249467	3.3009923	
4.2515993	3.2958057	
4.223881	3.2671082	
4.2217484	3.2836645	
4.211087	3.281457	
4.196162	3.3189845	
4.230277	3.3281767	
4.2334757	3.320442	
4.214286	3.3038673	
4.19403	3.3513813	
4.2070436	3.3513813	
4.2059765	3.3595133	
4.2241197	3.35177	
4.21238	3.3595133	
4.211313	3.3451328	
4.230523	3.3495576	
4.208111	3.3484514	
4.2209177	3.3617256	
4.2059765	3.3650444	
4.213447	3.3727877	
4.1824975	3.3705752	
4.1963716	3.3698783	
4.170758	3.373614	
4.1568837	3.3691795	
4.1721926	3.3895671	
4.1700535	3.3951166	
4.1625667	3.3962264	
4.148663	3.3884573	
4.1368985	3.3933334	
4.1048126	3.4055555	
4.1272726	3.4011111	
4.102674	3.38	
4.109091	3.3844445	
4.1037436	3.3855555	
4.0898395	3.3977778	
4.100535	3.4209354	
4.1016045	3.4209354	
4.089936	3.4053452	
4.0845823	3.391982	
4.083512	3.4035676	
4.0888653	3.3705356	
4.0963597	3.377232	
4.101713	3.371652	
4.108137	3.356027	
4.095289	3.344866	
4.098501	3.3337054	
4.095289	3.3649554	
4.0749464	3.360491	
4.056745	3.359375	
4.04818	3.3482144	
4.056806	3.359375	
4.040729	3.3549106	
4.051447	3.356027	
4.0310826	3.3620112	
4.0300107	3.3456376	
4.050375	3.3635347	
4.0428724	3.352349	
4.069668	3.3400447	
4.084673	3.3359463	
4.0878887	3.325868	
4.086817	3.3225083	
4.034298	3.3281076	
4.055794	3.3236282	
4.064378	3.3269877	
4.0343347	3.330347	
4.0429187	3.3415453	
4.074034	3.3393056	
4.083691	3.3471444	
4.089056	3.3497758	
4.080472	3.369955	
4.0772533	3.3508968	
4.074034	3.3553813	
4.085837	3.3508968	
4.078326	3.3508968	
4.082618	3.3789237	
4.055794	3.368834	
4.0697427	3.367713	
4.059013	3.3553813	
4.0772533	3.3643498	
4.0675964	3.368834	
4.0504293	3.3789237	
4.064378	3.3934977	
4.0493565	3.4069507	
4.02897	3.4478114	
4.022532	3.6655443	
4.030043	3.67789	
4.032189	3.7003367	
4.0504293	3.691358	
4.0493565	3.6966293	
4.056867	3.6921349	
4.0418453	3.6797752	
4.0343347	3.6820226	
4.0236053	3.6865168	
4.0171676	3.6977527	
4.0128756	3.7292135	
4.048283	3.7235956	
4.0396996	3.7067416	
4.064378	3.7022471	
4.101931	3.7314606	
4.10515	3.7213483	
4.111588	3.727784	
4.118026	3.7244093	
4.1233907	3.753656	
4.1555796	3.752531	
4.1738195	3.76153	
4.2038627	3.7367828	
4.1770387	3.7480314	
4.160944	3.7592802	
4.1675615	3.76153	
4.175081	3.7232845	
4.1546726	3.7142856	
4.149302	3.7131608	
4.121375	3.727784	
4.131042	3.7165353	
4.138561	3.7165353	
4.1353383	3.710911	
4.140709	3.712036	
4.131042	3.727784	
4.1535983	3.6962879	
4.1430106	3.6993244	
4.1623654	3.712838	
4.167742	3.7252252	
4.204301	3.7200904	
4.1946235	3.734763	
4.274194	3.7276835	
4.2806454	3.7276835	
4.2924733	3.742373	
4.278495	3.7525423	
4.267742	3.7627118	
4.255914	3.7389832	
4.251613	3.7265537	
4.2612906	3.697175	
4.248387	3.717514	
4.278495	3.7050848	
4.266667	3.7028248	
4.2817206	3.6892655	
4.272336	3.6824858	
4.2938643	3.681356	
4.32831	3.7039547	
4.330463	3.7107344	
4.339074	3.7107344	
4.330463	3.7096045	
4.334769	3.7096045	
4.326157	3.7344632	
4.346609	3.722034	
4.354144	3.7163842	
4.351991	3.7502825	
4.353068	3.7435029	
4.3875136	3.719774	
4.393972	3.6949153	
4.3653016	3.7096045	
4.3814654	3.70362	
4.387931	3.7126696	
4.419181	3.709276	
4.4040947	3.7002263	
4.378233	3.7013574	
4.3807983	3.7341628	
4.3840346	3.7285068	
4.364617	3.7383919	
4.3520517	3.7369614	
4.3315334	3.7380953	
4.3502703	3.7176871	
4.343784	3.7369614	
4.3405404	3.7437642	
4.3556757	3.740363	
4.3535137	3.7437642	
4.2987013	3.7414966	
4.3062773	3.7448978	
4.3030305	3.7743764	
4.319264	3.7879817	
4.3203464	3.7834468	
4.316017	3.7675736	
4.3206935	3.7741203	
4.325027	3.768445	
4.325027	3.7502837	
4.3369446	3.7457435	
4.3239436	3.7363636	
4.314193	3.7375	
4.263272	3.7204545	
4.2459373	3.7	
4.250271	3.6829545	
4.23727	3.678409	
4.217768	3.6511364	
4.2264357	3.6329546	
4.2058506	3.6336746	
4.2080173	3.615472	
4.212351	3.6252847	
4.2026	3.6385405	
4.2210183	3.6168756	
4.214518	3.6419613	
4.261105	3.6385405	
4.286334	3.6294184	
4.291757	3.6305587	
4.31128	3.6294184	
4.2993493	3.6031928	
4.289588	3.607306	
4.2906723	3.6015983	
4.277657	3.605023	
4.248373	3.5742009	
4.2497287	3.5897143	
4.245652	3.5755148	
4.226087	3.5800915	
4.2440085	3.5594966	
4.2233114	3.570938	
4.212418	3.5537758	
4.1962924	3.54119	
4.1842966	3.5503433	
4.1679387	3.528604	
4.166848	3.5057209	
4.1679387	3.5263157	
4.1932316	3.4954233	
4.2021856	3.5240273	
4.2032785	3.5114417	
4.221858	3.5051546	
4.226477	3.5017183	
4.2199125	3.5360825	
4.236324	3.5429554	
4.214442	3.5407577	
4.238512	3.5384614	
4.2571115	3.5189438	
4.227571	3.499426	
4.230011	3.4856486	
4.2124863	3.4936855	
4.2179627	3.4867969	
4.192771	3.4931035	
4.1796274	3.491954	
4.1776314	3.479862	
4.189011	3.470046	
4.1725273	3.496544	
4.179121	3.512673	
4.1923075	3.5	
4.187912	3.5057604	
4.172717	3.4752018	
4.1562157	3.452134	
4.1718063	3.449827	
4.1751103	3.4682815	
4.1797132	3.4532871	
4.1666665	3.4475203	
4.164641	3.3810623	
4.1558013	3.3810623	
4.1348066	3.3972287	
4.116022	3.3799076	
4.125	3.3683603	
4.141593	3.3325634	
4.130531	3.3267899	
4.130531	3.322171	
4.121816	3.3379629	
4.1118493	3.3418307	
4.0708747	3.3383546	
4.087583	3.3522596	
4.085366	3.3302433	
4.0742793	3.3290846	
4.0986695	3.3198147	
4.0899	3.3105447	
4.0876803	3.3105447	
4.0699224	3.3186047	
4.0577135	3.2860465	
4.052164	3.2767441	
4.054384	3.2790697	
4.055494	3.2744186	
4.055494	3.2813954	
4.05	3.2910361	
4.061111	3.2689173	
4.0333333	3.2549477	
4.0266666	3.2677531	
4.0311112	3.2724097	
4.0466666	3.250291	
4.071111	3.2409778	
4.0733333	3.2293365	
4.06	3.2060535	
4.0533333	3.21071	
4.0488887	3.2293365	
4.034483	3.2235157	
4.0255837	3.2223516	
4.015573	3.2048893	
4.0200224	3.194412	
4.0011134	3.1829836	
4.004454	3.1748252	
4.0167036	3.191142	
4.0089087	3.2144523	
4.021158	3.1853147	
4.0467706	3.1666667	
4.0612473	3.1550117	
4.0445433	3.1480186	
4.0657015	3.1317017	
4.0501113	3.1317017	
4.0334077	3.1095572	
4.040089	3.121212	
4.041249	3.1095572	
4.0367894	3.0944057	
4.0033445	3.095571	
3.9810479	3.1050174	
3.9765887	3.1143525	
3.9654403	3.0956826	
3.9777036	3.099183	
3.942029	3.075846	
3.9431438	3.07243	
3.921962	3.1016355	
3.942029	3.0994153	
3.9464884	3.2271662	
3.9442587	3.2318501	
3.9654403	3.2529273	
3.9832776	3.2543962	
4.006689	3.2711267	
4.013378	3.2676055	
4.0289855	3.245305	
4.03233	3.2312207	
4.075808	3.2816901	
4.059086	3.2805164	
4.0625	3.278169	
4.051339	3.2112677	
4.0390625	3.1960094	
4.0457587	3.1795774	
4.026786	3.180751	
4.0412946	3.1619718	
4.024554	3.1349766	
4.044643	3.1244133	
4.0614524	3.10446	
4.042458	3.0997653	
4.0201116	3.0985916	
4.0402236	2.991784	
4.0335197	3.0093896	
4.025698	2.9988263	
4.003352	2.9906104	
3.9865923	2.980047	
3.9888268	2.9811985	
4.0055866	2.9870741	
4.025698	2.9929495	
4.031285	2.985899	
4.014525	3.011751	
4.0	3.0105758	
3.9809844	3.0	
4.0033555	3.011751	
4.013423	3.0364277	
4.0167785	3.0282352	
4.0111856	3.0082352	
4.02349	3.02	
4.020157	3.0188236	
4.017917	3.0388236	
4.0246363	3.0506477	
4.0459127	3.0376914	
4.06383	3.0353358	
4.058231	3.0353773	
4.0627804	3.053066	
4.0661435	3.0636792	
4.044843	3.071934	
4.0650225	3.0589623	
4.0795965	3.071934	
4.0807176	3.0672169	
4.0717487	3.0507076	
4.113229	3.0731995	
4.113229	3.064935	
4.099776	3.0851064	
4.102018	3.072104	
4.1244392	3.0508275	
4.131166	3.0520093	
4.117713	3.0531914	
4.122197	3.0484633	
4.087542	3.0366864	
4.0617285	3.0236685	
4.0493827	3.035503	
4.0460157	3.0272188	
4.0325475	3.0319526	
4.0258136	3.0308056	
4.037037	3.0130332	
4.037037	3.020142	
4.0292134	3.021327	
4.013483	3.022512	
4.011236	3.0485783	
4.022472	3.0568721	
4.013483	3.0379148	
3.994382	3.035545	
3.9955056	3.022512	
4.011236	3.0272512	
4.005618	3.0592418	
3.9966292	3.0734596	
3.9910111	3.0900474	
4.024719	3.0947866	
4.005618	3.0888627	
4.007865	3.0781991	
3.975281	3.0793839	
3.949438	3.092417	
3.9404495	3.1007109	
3.9460673	3.1126928	
3.9336333	3.1043892	
3.9505062	3.0960853	
3.943757	3.1103203	
3.9426322	3.0996442	
3.951631	3.1150653	
3.9482565	3.0877817	
3.9730034	3.0725327	
3.9696288	3.0535078	
3.9505062	3.047619	
3.9583802	3.0488095	
3.9471316	3.0535715	
3.943757	3.0642858	
3.9245496	3.0654762	
3.926802	3.052381	
3.8952703	3.0357144	
3.8986487	3.045238	
3.8975224	3.0405245	
3.8963964	3.033373	
3.8851352	3.0131109	
3.86456	3.00716	
3.8814898	2.9976134	
3.8758464	2.9988053	
3.876975	2.9988053	
3.8939052	3.0047789	
3.911964	3.023952	
3.8984199	3.0143712	
3.8961625	3.0191617	
3.8905191	3.015569	
3.8871331	3.0059881	
3.8656886	3.0	
3.8666666	3.0131896	
3.8836157	3.022809	
3.8757062	3.022809	
3.879096	3.027611	
3.8700564	3.0240097	
3.858757	3.0264423	
3.8440678	3.0276442	
3.8531075	3.0252404	
3.8779662	3.0276442	
3.8881357	3.0252404	
3.8757062	3.0300481	
3.876836	3.0168269	
3.858757	3.0300841	
3.8531075	3.0180504	
3.8350282	3.0120337	
3.838418	3.0072377	
3.8372881	3.0193236	
3.8361583	3.036232	
3.8338983	3.0531402	
3.818079	3.0350666	
3.80452	3.0241838	
3.8112993	3.032648	
3.8316383	3.032648	
3.8327684	3.0666666	
3.818079	3.0546117	
3.818079	3.0254855	
3.8067796	3.0473301	
3.7875707	3.0339806	
3.7751412	3.0351942	
3.7706215	3.0351942	
3.778531	3.0315535	
3.779661	3.0400486	
3.7853107	3.0242717	
3.7740114	3.0	
3.7627118	2.997573	
3.7638419	3.0012136	
3.742373	3.0085056	
3.7367232	3.0145807	
3.722034	3.0109355	
3.701695	3.0097206	
3.6644068	3.0340633	
3.6531074	3.0450122	
3.6666667	3.0523114	
3.6519773	3.0486617	
3.6519773	3.0425792	
3.677966	3.0450122	
3.6926553	3.0207064	
3.7333333	3.0109622	
3.741243	3.0280147	
3.761582	3.0377588	
3.7567873	3.0219245	
3.7553794	3.0097442	
3.7440543	3.0170524	
3.7599094	3.0256097	
3.7610419	3.0109756	
3.7553794	3.0	
3.756512	3.0	
3.7610419	3.002439	
3.7621744	3.0012195	
3.788222	2.9987805	
3.788222	2.9707317	
3.7780294	2.9829268	
3.7961495	2.9841464	
3.7780294	2.9914634	
3.7689695	3.0243902	
3.8015873	3.0158536	
3.812925	3.0231707	
3.7993197	3.0195122	
3.8095238	3.0219781	
3.825	3.034188	
3.8363636	3.062271	
3.8136363	3.0562348	
3.793182	3.0366747	
3.7920454	3.0611248	
3.7875	3.084352	
3.7704546	3.0709047	
3.759091	3.0623472	
3.7863636	3.0672371	
3.7772727	3.0855746	
3.7724688	3.0831296	
3.7767653	3.077017	
3.7608202	3.0856793	
3.7562642	3.0783353	
3.7525656	3.0844553	
3.7682648	3.0844553	
3.7588573	3.0648715	
3.76	3.0697675	
3.7428572	3.0452876	
3.752	3.0330477	
3.791762	3.004896	
3.7723112	3.007344	
3.8077803	3.0	
3.8009152	2.997549	
3.7974827	2.979141	
3.8043478	2.9398773	
3.7974827	2.9423313	
3.805492	2.9300613	
3.8283753	2.9386504	
3.8180778	2.969325	
3.8178694	2.9656441	
3.8396335	2.9435582	
3.8636885	2.9705522	
3.8682704	2.9533741	
3.863532	2.9447854	
3.8704128	2.9251533	
3.8623853	2.9300613	
3.8566513	2.9066339	
3.8486238	2.9140048	
3.8337157	2.9054055	
3.827784	2.921376	
3.8300803	2.9078624	
3.8461537	2.9066339	
3.8413794	2.9054055	
3.8632183	2.8882065	
3.8689656	2.8953202	
3.8770115	2.892857	
3.840046	2.8866994	
3.8548386	2.8793104	
3.8640554	2.8608375	
3.8502305	2.8706896	
3.8698156	2.8731527	
3.8513825	2.885468	
3.8502305	2.8866994	
3.8548386	2.892857	
3.8686635	2.8816276	
3.8686635	2.9136868	
3.873272	2.891492	
3.860599	2.8951912	
3.8663595	2.9112208	
3.8824885	2.9136868	
3.908986	2.9049382	
3.891705	2.8987653	
3.891705	2.9049382	
3.8986175	2.8975308	
3.923963	2.881335	
3.919355	2.8763907	
3.9308755	2.8601484	
3.9458525	2.865099	
3.952765	2.8774753	
3.9642446	2.8675742	
3.9803696	2.8674102	
3.9907622	2.8674102	
3.934104	2.8612144	
3.9410405	2.8698885	
3.920231	2.842627	
3.9074075	2.8389096	
3.9186993	2.8606966	
3.9081395	2.8606966	
3.9046512	2.85199	
3.8872094	2.8594527	
3.860465	2.9390547	
3.8848836	2.9452736	
3.894186	2.9465175	
3.877907	2.9538653	
3.8709302	2.9526184	
3.8556461	2.9625936	
3.8568103	2.970075	
3.8714952	2.9613466	
3.8668225	2.9638405	
3.853972	2.9588528	
3.848131	2.978803	
3.849299	2.9613466	
3.8549707	2.9339151	
3.8619883	2.9276807	
3.8526316	2.9226933	
3.8362572	2.913965	
3.8409357	2.9002495	
3.831579	2.9014962	
3.8116958	2.8852868	
3.8105264	2.8927681	
3.7953217	2.881546	
3.7868853	2.8927681	
3.8161592	2.8840399	
3.8056207	2.8703241	
3.8056207	2.8528678	
3.8173301	2.842893	
3.810082	2.8566084	
3.8194606	2.861596	
3.8429074	2.8640897	
3.8253224	2.861596	
3.817116	2.8541148	
3.8288393	2.8478804	
3.8323565	2.8304238	
3.852286	2.842893	
3.8274648	2.835	
3.8227699	2.8225	
3.8227699	2.82875	
3.8155112	2.81625	
3.8282354	2.82125	
3.8247058	2.815	
3.8388236	2.8275	
3.8292108	2.835	
3.8254716	2.8275	
3.8122787	2.81125	
3.8004723	2.80375	
3.8002365	2.79625	
3.787234	2.805	
3.7624114	2.795	
3.7671394	2.765	
3.8085105	2.76875	
3.7919621	2.765	
3.7801418	2.7475	
3.8037825	2.7634542	
3.8033175	2.7822278	
3.8021326	2.7909887	
3.792654	2.7809763	
3.8327403	2.7884855	
3.8054566	2.7784731	
3.7900355	2.781955	
3.8232503	2.774436	
3.8279953	2.765664	
3.826809	2.7619047	
3.8695138	2.765664	
3.8552787	2.6804512	
3.8540926	2.68797	
3.8540926	2.6829574	
3.8351128	2.6917293	
3.837485	2.7192984	
3.831554	2.7067668	
3.8659549	2.7030075	
3.881376	2.7280703	
3.8884935	2.7142856	
3.9003558	2.709273	
3.9098458	2.711418	
3.9074733	2.706399	
3.9097388	2.6896985	
3.917955	2.6972363	
3.921522	2.7022612	
3.9250891	2.7085428	
3.9142857	2.700629	
3.9119048	2.719497	
3.9035714	2.7031446	
3.9238095	2.6981132	
3.892857	2.6926951	
3.9071429	2.663728	
3.9333334	2.6460958	
4.1215734	2.7027707	
4.1394515	2.688917	
4.1179976	2.6687658	
4.1073985	2.6460958	
4.1230583	2.6544766	
4.0955796	2.6401515	
4.11244	2.6401515	
4.0921054	2.6628788	
4.0861244	2.6717172	
4.0921054	2.665404	
4.0729666	2.6717172	
4.075449	2.6818182	
4.1161675	2.6944444	
4.11497	2.7020202	
4.102994	2.7310605	
4.129341	2.7714646	
4.1356544	2.7664142	
4.1476593	2.7361112	
4.129652	2.7487373	
4.130852	2.7474747	
4.1045675	2.750633	
4.1021633	2.743038	
4.1069713	2.743038	
4.1131167	2.743038	
4.116727	2.7303798	
4.120482	2.7253165	
4.120482	2.7253165	
4.1084337	2.7177215	
4.1049457	2.735443	
4.1230397	2.7329113	
4.1206274	2.7303798	
4.1461353	2.7392404	
4.13422	2.7481012	
4.133172	2.756962	
4.11138	2.764557	
4.1234865	2.7810128	
4.122424	2.778481	
4.0872726	2.7607596	
4.072727	2.7620254	
4.0826244	2.7810128	
4.0777645	2.7620254	
4.0692587	2.7556963	
4.0461726	2.7544303	
4.0583234	2.765823	
4.101096	2.7835443	
4.0317073	2.7911391	
4.0597563	2.7845373	
4.067155	2.780735	
4.086691	2.8174906	
4.080586	2.8212929	
4.106227	2.8174906	
4.074572	2.8162231	
4.014688	2.8225603	
3.996328	2.842839	
3.980416	2.8377693	
3.986536	2.8453739	
3.9914215	2.861675	
3.9791667	2.857868	
3.9963236	2.8526049	
3.987745	2.8894536	
4.025767	2.8831003	
4.062731	2.884224	
4.075031	2.8854961	
4.0036945	2.8778627	
4.013547	2.8829517	
4.0	2.9096692	
3.9889026	2.8969467	
4.0036993	2.8918576	
4.027127	2.8982189	
4.0493217	2.913486	
4.0172625	2.922293	
4.0172625	2.9312103	
4.0197287	2.9323978	
4.007398	2.929847	
4.007398	2.927296	
3.9975338	2.9374201	
3.9975338	2.925926	
3.9864366	2.9233716	
3.9815042	2.9208174	
3.9815042	2.9182632	
3.972873	2.9220946	
3.9419754	2.8976982	
3.9518518	2.8887467	
3.945679	2.8913043	
3.930864	2.8913043	
3.9320989	2.9373403	
3.9148147	2.9565217	
3.9233623	2.9373403	
3.935723	2.9450128	
3.9443758	2.9398978	
3.9233623	2.956466	
3.9369593	2.9667094	
3.924505	2.950064	
3.9257426	2.9833546	
3.929368	2.9859154	
3.9330854	3.0076826	
3.9081886	3.0038412	
3.9416873	3.0282414	
3.9625936	3.029525	
3.937656	3.0385108	
3.9401495	3.0449295	
3.935162	3.0449295	
3.925187	3.0359435	
3.9426434	3.0539153	
3.9163547	3.0758355	
3.9163547	3.080977	
3.895	3.070694	
3.91125	3.0771208	
3.92375	3.074646	
3.9025	3.091377	
3.88375	3.0823681	
3.88375	3.1030927	
3.9286609	3.0941935	
3.904881	3.0941935	
3.916145	3.0877419	
