WTCHG_171117_262	WTCHG_171117_264	
27.836	26.26	
33.023	30.558	
41.758	37.332	
48.745	42.888	
54.73	48.353	
61.312	53.929	
68.398	60.057	
74.043	65.065	
81.602	73.778	
87.132	78.953	
91.516	83.042	
95.684	87.09	
100.437	91.456	
104.937	95.854	
109.278	100.253	
113.268	104.02	
117.393	107.411	
121.129	110.931	
124.802	114.425	
128.518	117.64	
132.209	120.713	
135.945	124.105	
139.467	127.408	
143.334	130.934	
147.166	134.208	
151.07	137.807	
155.093	141.26	
160.213	145.585	
164.435	149.074	
168.726	151.835	
172.776	155.352	
177.301	159.203	
181.575	162.864	
186.369	166.695	
190.893	170.457	
195.154	174.242	
199.496	177.98	
204.415	182.405	
208.745	186.174	
213.456	190.271	
218.435	194.57	
223.294	198.579	
227.863	202.619	
232.573	206.775	
238.036	211.146	
243.259	215.572	
248.795	220.333	
254.268	224.986	
259.467	229.332	
265.661	234.426	
271.518	239.405	
284.078	248.809	
289.889	253.778	
296.284	258.795	
302.792	264.277	
308.843	269.668	
315.231	275.242	
321.63	280.677	
327.495	285.622	
334.242	291.267	
341.156	297.166	
347.758	302.898	
355.058	309.054	
361.483	314.483	
369.105	320.782	
376.697	326.854	
385.139	333.859	
392.581	340.155	
400.207	346.567	
408.715	353.623	
416.675	360.044	
424.843	366.821	
432.488	373.212	
440.26	379.966	
447.472	385.895	
455.709	392.754	
464.275	399.564	
473.506	407.063	
481.732	413.884	
491.212	421.996	
500.059	429.264	
512.059	440.868	
521.3	448.284	
531.125	456.489	
540.819	464.666	
549.924	472.534	
559.529	480.454	
569.493	488.454	
579.22	496.793	
588.756	504.531	
598.783	512.901	
608.202	520.778	
616.537	528.119	
625.82684	535.7958	
633.6256	541.53253	
640.7908	546.6176	
646.3253	550.9049	
651.45746	554.979	
656.68365	559.1411	
661.07306	562.26825	
665.5996	565.4945	
659.7966	560.80664	
664.53204	564.3637	
669.2525	566.91486	
674.3427	570.04407	
683.9349	580.498	
668.2515	548.08014	
692.51105	584.3036	
698.5962	589.1413	
704.8457	594.26855	
711.93085	600.0491	
719.09717	605.28156	
726.59216	610.985	
734.42584	617.25653	
742.8657	624.1643	
750.7946	630.1012	
759.1423	636.495	
767.78656	642.80664	
776.5491	649.90784	
787.6974	657.0451	
795.8657	663.2054	
805.3427	670.2906	
813.507	676.7114	
822.5331	684.0782	
830.19336	690.1613	
839.89777	698.9168	
847.6924	705.51	
855.8948	711.77856	
863.9509	718.7555	
872.7064	725.8507	
881.1052	732.67334	
888.91583	739.56714	
897.2034	746.508	
905.4008	753.3477	
914.33264	760.27155	
923.2054	767.48895	
931.32166	774.11926	
938.9018	779.83264	
947.43585	785.7505	
955.3637	792.8888	
963.5471	799.41583	
973.18536	807.6493	
981.6543	813.96594	
990.9579	820.77356	
1000.2345	828.7485	
1008.987	835.53406	
1017.0932	841.7826	
1025.3688	848.14526	
1032.9529	854.6744	
1040.1693	860.3016	
1046.981	865.71344	
1054.3988	871.61725	
1063.4819	878.67236	
1071.2565	884.5902	
1077.993	889.0912	
1086.9419	897.015	
1094.5902	902.68335	
1101.6102	908.47595	
1109.3677	914.71643	
1116.5662	920.7074	
1123.0441	926.03705	
1129.8336	931.72046	
1137.2776	937.57117	
1145.2495	943.7876	
1152.5491	949.7856	
1159.3066	954.9499	
1166.0371	960.37476	
1173.1643	965.5281	
1179.7355	970.4469	
1185.8607	975.22644	
1191.7926	979.92487	
1198.7145	985.9269	
1205.2836	991.2445	
1211.97	995.8587	
1218.6031	1001.41986	
1224.1162	1006.1573	
1229.6643	1010.28656	
1234.6664	1014.7966	
1240.1493	1019.57513	
1245.1553	1023.4549	
1250.4069	1027.9048	
1255.3126	1031.51	
1260.0631	1035.2114	
1264.6102	1038.7024	
1275.3086	1044.2795	
1282.2816	1048.5822	
1288.2986	1052.8457	
1293.0581	1056.9219	
1298.4229	1061.4319	
1304.9209	1066.2054	
1310.4819	1069.7164	
1316.969	1074.8527	
1322.6112	1078.4469	
1327.495	1081.8488	
1331.6884	1085.1943	
1336.2054	1088.1674	
1336.469	1088.4479	
1341.5321	1091.0992	
1345.9679	1094.1653	
1350.3407	1098.4238	
1354.1884	1101.3538	
1358.1473	1104.4069	
1363.9338	1108.6312	
1369.0602	1112.7886	
1373.2826	1116.0531	
1377.1774	1119.4679	
1380.6403	1121.2365	
1383.7245	1123.3817	
1388.1583	1127.2095	
1392.3167	1130.3867	
1396.531	1133.3767	
1402.3938	1138.1703	
1406.4729	1141.008	
1410.1603	1144.0952	
1413.3347	1146.524	
1416.2766	1149.1724	
1419.3467	1152.1523	
1422.4298	1154.5762	
1426.1152	1156.7515	
1428.9719	1159.0181	
1432.3527	1162.3657	
1434.5511	1164.0691	
1436.7054	1165.996	
1438.8778	1167.514	
1440.6533	1169.1362	
1442.7736	1169.9619	
1444.8247	1172.1393	
1447.2996	1173.5521	
1450.2946	1175.3367	
1451.3567	1176.3167	
1453.1564	1178.001	
1454.1042	1179.0541	
1457.2595	1180.6974	
1461.1272	1182.4238	
1465.9359	1185.525	
1470.1593	1187.8938	
1475.1974	1190.2615	
1478.8798	1192.5671	
1482.9879	1194.9348	
1487.6703	1197.6533	
1490.7395	1199.6222	
1497.9329	1204.0802	
1501.9438	1206.4248	
1505.2505	1208.6302	
1508.5631	1210.6323	
1509.9369	1211.6012	
1511.8907	1212.9469	
1514.6804	1214.494	
1518.0652	1215.6212	
1521.8116	1218.6333	
1526.7715	1222.3326	
1529.3958	1223.6714	
1531.4398	1225.1031	
1534.445	1226.5471	
1537.0992	1228.445	
1539.1833	1229.8096	
1541.2104	1230.4879	
1544.0391	1231.5931	
1546.0171	1231.503	
1546.7916	1231.5652	
1548.7064	1232.1462	
1550.0721	1232.3286	
1550.0902	1231.7305	
1549.7445	1231.001	
1549.3336	1230.4779	
1550.0681	1231.2996	
1550.2435	1231.6624	
1549.9438	1231.1512	
1551.9058	1231.6573	
1553.9429	1232.0631	
1555.1443	1232.3136	
1558.3807	1233.969	
1560.6543	1234.5521	
1562.8577	1236.0612	
1565.9679	1237.8307	
1568.1002	1239.1984	
1570.481	1241.1243	
1571.4579	1241.2184	
1572.8517	1242.5521	
1574.6693	1243.8757	
1575.9288	1244.2936	
1579.0731	1245.5881	
1580.3357	1246.4298	
1576.5902	1242.5321	
1580.5942	1247.0862	
1580.1725	1246.9078	
1580.5266	1246.004	
1581.0461	1245.1143	
1582.651	1245.6252	
1582.5076	1244.499	
1582.0942	1244.3527	
1577.685	1240.5741	
1577.996	1239.971	
1578.6168	1239.9398	
1578.4243	1239.2114	
1576.0371	1237.1693	
1575.6335	1236.685	
1572.1055	1230.5728	
1576.7208	1236.006	
1577.008	1235.701	
1577.8344	1235.1725	
1578.5492	1233.4655	
1578.6014	1232.8606	
1577.2169	1231.5397	
1576.1335	1230.6549	
1578.256	1232.2307	
1581.2148	1233.9529	
1581.745	1234.3641	
1582.3876	1233.5999	
1581.0171	1232.0933	
1583.8813	1233.514	
1584.5577	1233.3905	
1585.1005	1233.1656	
1586.0543	1233.2571	
1585.8875	1232.6195	
1585.6593	1232.1948	
1584.404	1229.3715	
1584.4352	1228.524	
1583.8965	1227.8353	
1584.6161	1227.5834	
1584.9176	1227.0502	
1586.0603	1228.3092	
1586.4644	1227.6556	
1586.4542	1227.9448	
1587.607	1227.3835	
1588.1146	1226.7811	
1589.3065	1226.6948	
1590.2915	1227.3142	
1591.0361	1227.1295	
1589.1125	1225.3334	
1589.4241	1224.6637	
1589.3126	1223.9498	
1589.6251	1222.9056	
1589.5085	1222.504	
1589.2583	1221.9347	
1589.7277	1221.3464	
1590.9508	1221.8634	
1591.7568	1222.1285	
1591.7507	1221.9729	
1592.1849	1220.9639	
1592.1075	1220.247	
1592.0834	1219.2369	
1588.793	1215.6556	
1587.3597	1213.24	
1586.9036	1211.51	
1587.4171	1210.511	
1586.1237	1209.3193	
1585.2804	1214.9708	
1584.179	1213.4518	
1583.4784	1211.8243	
1582.0764	1209.0602	
1582.4739	1208.207	
1581.8622	1208.0422	
1580.0704	1206.0422	
1579.6938	1204.6077	
1578.137	1202.9528	
1577.2427	1201.0795	
1577.0947	1199.9688	
1574.8992	1197.992	
1571.6946	1193.9879	
1569.7833	1191.1611	
1567.7863	1188.5569	
1565.0483	1186.9073	
1560.1704	1181.3313	
1558.1804	1180.9275	
1556.9092	1179.5312	
1555.3844	1176.9193	
1555.3784	1175.991	
1555.8063	1175.4325	
1556.3707	1175.0778	
1555.0172	1173.2583	
1555.7717	1172.336	
1554.7202	1171.0364	
1553.2778	1169.566	
1552.3889	1168.6599	
1551.8041	1167.1423	
1552.5956	1167.0485	
1551.369	1165.1262	
1551.0526	1164.5262	
1550.1567	1163.0505	
1548.7158	1161.5374	
1548.2123	1160.8282	
1547.4838	1159.3903	
1545.9677	1158.2437	
1544.7356	1156.9191	
1543.4772	1155.6437	
1541.9878	1154.8229	
1540.6809	1153.3168	
1537.1996	1151.4535	
1534.1499	1149.335	
1533.215	1147.5248	
1530.7465	1145.4661	
1520.132	1137.5344	
1516.4213	1134.428	
1516.2733	1134.1421	
1514.629	1131.8193	
1514.4913	1131.3435	
1512.4883	1129.6971	
1510.5992	1127.4807	
1507.1383	1124.311	
1504.6674	1122.372	
1502.3105	1121.0132	
1502.0398	1121.9277	
1499.7706	1120.499	
1497.5056	1118.2852	
1495.0347	1116.3544	
1490.7737	1112.8055	
1488.452	1111.0979	
1487.143	1110.2081	
1486.7689	1110.0234	
1485.3374	1108.7252	
1483.9877	1107.345	
1482.957	1106.3735	
1480.7635	1106.3121	
1479.3787	1105.1914	
1479.0922	1104.4514	
1475.1945	1102.7318	
1473.3439	1100.4033	
1470.3556	1098.6926	
1470.0841	1097.8553	
1465.2451	1093.7365	
1463.0902	1091.8739	
1462.12	1090.6852	
1463.5966	1090.2742	
1465.4132	1090.7472	
1466.3618	1090.557	
1469.6526	1092.7832	
1470.3319	1092.2251	
1469.517	1090.7389	
1468.1583	1088.4646	
1466.8304	1086.6968	
1465.851	1085.4749	
1463.5118	1083.519	
1465.2911	1086.0186	
1463.3292	1083.857	
1464.4537	1085.822	
1464.4166	1085.7058	
1463.1813	1084.207	
1464.1102	1084.8373	
1466.1505	1086.2278	
1464.8835	1085.8279	
1464.7969	1086.8319	
1464.7845	1087.1113	
1463.6835	1086.9299	
1461.8773	1085.9506	
1459.8876	1085.2516	
1459.7812	1085.3344	
1455.838	1081.7957	
1453.0485	1079.743	
1450.1011	1076.6687	
1449.1228	1077.8969	
1448.159	1077.5588	
1447.1715	1076.4257	
1446.063	1074.8843	
1446.187	1073.8502	
1446.1136	1072.7211	
1445.3961	1071.1531	
1444.1561	1070.3062	
1442.9794	1068.729	
1441.5791	1066.6411	
1440.2329	1066.3727	
1439.3298	1064.5917	
1438.75	1063.2301	
1437.188	1062.4347	
1436.35	1061.2583	
1433.2097	1059.0114	
1428.5088	1057.2399	
1427.0831	1056.0997	
1425.1039	1054.7518	
1425.529	1054.8636	
1423.788	1053.1343	
1421.7245	1051.3466	
1420.3971	1051.5094	
1415.9023	1048.0823	
1415.4086	1046.9979	
1414.686	1046.2125	
1413.0083	1044.4115	
1414.336	1045.7706	
1414.2769	1045.8195	
1414.2227	1046.0449	
1412.9188	1045.6357	
1412.4963	1045.6869	
1414.3854	1046.3668	
1407.635	1044.1245	
1406.6997	1043.3148	
1414.4425	1047.1962	
1415.8712	1046.8551	
1414.8356	1044.4003	
1414.599	1043.1638	
1414.8899	1042.7592	
1415.2571	1042.5653	
1412.3025	1040.5574	
1412.3881	1040.3228	
1414.6312	1041.1036	
1404.6965	1032.9419	
1403.3513	1032.1927	
1402.1371	1031.0847	
1400.0507	1029.3019	
1400.2455	1030.9808	
1398.7205	1029.6787	
1397.7098	1029.19	
1396.881	1029.4215	
1395.425	1028.4984	
1400.773	1033.2902	
1400.2039	1033.3547	
1404.2462	1035.6333	
1406.6124	1036.5237	
1412.4484	1040.1252	
1415.7129	1040.8153	
1413.987	1038.892	
1417.2035	1041.3644	
1418.1853	1041.263	
1418.5281	1037.91	
1419.5022	1037.2614	
1419.2192	1036.3319	
1415.4191	1030.7917	
1415.4363	1030.2418	
1414.6469	1029.3362	
1415.2235	1030.3811	
1418.0671	1032.0153	
1418.6915	1032.9248	
1420.7533	1032.6982	
1421.3337	1032.4471	
1420.6497	1032.0327	
1420.5065	1032.5044	
1418.4274	1030.7238	
1418.7068	1030.0011	
1417.6655	1029.4459	
1414.7872	1027.094	
1416.9696	1027.6007	
1418.812	1029.8698	
1418.6061	1029.7766	
1418.049	1028.3833	
1416.5713	1027.5454	
1413.3384	1024.7448	
1411.2385	1022.7917	
1410.0033	1021.8004	
1410.8484	1023.2393	
1409.881	1022.3044	
1406.6376	1019.89233	
1406.7631	1019.9352	
1398.3367	1014.51044	
1399.2214	1015.96246	
1400.3578	1016.6696	
1398.6422	1014.6144	
1398.956	1014.11615	
1398.4609	1013.3998	
1397.6046	1013.43506	
1396.2313	1012.1311	
1394.6542	1009.95886	
1393.0353	1007.2547	
1392.0353	1005.75165	
1394.105	1006.0546	
1392.8431	1004.77594	
1392.9989	1005.34485	
1391.346	1003.5414	
1389.1442	1002.4676	
1389.5864	1000.6264	
1389.0377	1000.01904	
1386.8878	998.6872	
1383.711	996.81726	
1382.0189	995.63074	
1380.8417	995.03827	
1377.7937	992.901	
1377.6573	992.0405	
1375.9475	990.3153	
1373.6573	988.7579	
1372.4883	988.2796	
1367.8246	985.3619	
1369.6018	986.8115	
1367.7069	984.7968	
1368.4221	985.5656	
1368.5997	986.8991	
1367.5874	985.80383	
1363.7971	982.64624	
1366.6027	985.0465	
1366.0955	984.7852	
1365.5214	983.4863	
1364.8894	983.8014	
1363.0417	981.33374	
1359.6509	978.67084	
1361.6912	978.0938	
1363.8142	978.66095	
1362.9049	978.43695	
1363.466	979.1906	
1361.4059	977.2813	
1360.5851	976.3651	
1359.1066	975.7325	
1359.7639	975.6299	
1360.252	975.7448	
1362.1854	976.6694	
1362.5868	978.36993	
1362.5994	977.7653	
1360.5936	976.61505	
1363.5995	977.8401	
1362.9885	977.17267	
1361.4714	976.12744	
1360.6666	975.1949	
1360.1709	975.49243	
1358.3027	973.05804	
1357.5057	972.5064	
1357.8439	971.86975	
1357.1285	969.7035	
1351.7402	966.65894	
1352.3629	966.31036	
1353.3599	967.1425	
1351.0485	962.72314	
1348.1372	963.48364	
1346.7244	962.6028	
1348.5548	963.0771	
1349.1074	964.81055	
1347.2612	962.8103	
1347.5475	963.42084	
1346.9271	963.45776	
1346.1886	962.35443	
1342.9352	959.20654	
1341.3627	957.08575	
1341.913	957.2553	
1341.2761	956.11884	
1339.4083	954.6659	
1340.6946	956.1319	
1339.1812	954.4758	
1339.4872	954.5578	
1340.0477	953.7497	
1339.0361	949.91974	
1337.049	948.1194	
1334.8439	946.27185	
1333.5374	944.7139	
1332.4836	942.79315	
1333.3469	942.0284	
1331.6133	940.7219	
1331.5006	940.6718	
1329.3883	938.9668	
1328.4847	939.2557	
1327.6354	938.3155	
1329.8849	939.60504	
1328.6945	938.0967	
1327.3055	936.0692	
1328.2788	935.67145	
1327.3816	934.0323	
1326.6298	933.41797	
1325.6191	932.4635	
1325.0023	932.1485	
1323.2194	930.0479	
1324.3293	930.47723	
1323.5383	929.96643	
1326.5148	931.03485	
1325.3953	929.7644	
1326.1403	929.7923	
1324.157	928.0157	
1322.5505	926.5254	
1320.7432	924.8285	
1321.3036	925.3035	
1320.2893	924.48975	
1319.9214	922.75574	
1320.1108	922.9237	
1319.3182	921.5981	
1320.3496	923.4533	
1326.488	923.9514	
1322.4916	919.0413	
1321.515	918.50366	
1320.6354	917.3078	
1321.4614	917.5944	
1319.6012	915.08405	
1318.2543	914.06946	
1316.7662	912.6797	
1317.702	913.0622	
1317.8877	912.6337	
1316.2971	911.768	
1314.4662	910.6166	
1315.2745	910.4462	
1318.9332	912.59265	
1319.1262	912.1558	
1322.916	914.94086	
1323.218	916.18866	
1320.0852	913.328	
1319.1769	912.6049	
1311.4225	911.4067	
1306.1027	906.9233	
1304.0171	905.0012	
1300.5587	901.8267	
1300.2534	901.0558	
1299.0944	899.27545	
1300.6393	899.27203	
1299.6687	897.7379	
1301.5442	897.959	
1302.3604	897.86444	
1305.0714	898.76465	
1305.9703	898.2509	
1304.4073	895.5468	
1303.563	894.8627	
1303.126	895.8738	
1301.6827	895.3212	
1302.0024	895.04254	
1300.7343	893.5019	
1300.87	895.04767	
1302.6791	897.03265	
1302.6427	896.4189	
1301.2023	895.278	
1300.0248	894.2453	
1294.5608	890.92957	
1295.0348	892.1965	
1293.7528	891.20154	
1292.1168	889.7141	
1289.4596	887.9736	
1288.663	886.8953	
1286.0535	885.1324	
1284.2227	882.46155	
1282.6301	881.2475	
1281.7372	880.1149	
1280.1357	878.5063	
1278.1956	877.03534	
1276.858	876.20483	
1277.9451	875.9987	
1277.0	876.2081	
1276.2476	875.2957	
1278.8073	877.16156	
1280.1377	878.3931	
1279.1077	877.729	
1281.187	879.0434	
1280.1041	877.4196	
1276.7616	876.834	
1277.6289	876.9321	
1277.262	876.8359	
1275.4962	875.7218	
1276.2711	879.2365	
1276.6881	880.3925	
1275.4349	878.9241	
1272.6165	876.04254	
1271.0912	875.7213	
1271.8416	876.4108	
1272.1143	874.8592	
1274.9504	878.39764	
1274.5776	877.7912	
1276.3759	879.2416	
1275.4094	878.1547	
1273.4713	876.0508	
1273.2545	876.22815	
1269.1151	875.29724	
1265.9412	873.38513	
1266.8054	874.3791	
1265.3411	873.055	
1264.459	873.9358	
1263.1295	872.6933	
1261.2705	871.48627	
1257.5372	868.9109	
1257.1027	869.4803	
1257.0424	870.07623	
1257.7992	871.53357	
1256.4916	871.8773	
1255.6473	871.0	
1255.3204	870.281	
1256.9717	870.51385	
1257.467	870.3016	
1258.9819	871.35944	
1257.6029	871.6202	
1255.1061	869.9296	
1253.2937	867.50464	
1251.1669	865.494	
1251.9779	865.8109	
1250.4164	865.05725	
1245.1284	860.45404	
1242.323	858.6085	
1235.5979	854.478	
1234.0352	853.64703	
1231.0819	851.59894	
1229.1405	849.92645	
1227.2068	848.512	
1228.7236	849.4786	
1211.4629	841.9732	
1210.3416	841.23193	
1211.1735	843.15436	
1212.3629	844.55914	
1214.6335	847.6532	
1214.7749	848.0068	
1215.9895	849.33514	
1218.6558	852.52844	
1215.4658	851.71643	
1214.5605	851.7459	
1211.7882	850.76764	
1211.8301	851.22314	
1210.191	850.6667	
1208.7444	849.7279	
1206.498	848.25305	
1203.494	845.75916	
1195.2827	835.4611	
1196.8927	837.6142	
1194.5629	836.1026	
1191.6887	834.57184	
1189.408	833.7743	
1186.89	832.1918	
1184.2782	829.8452	
1183.3496	828.94794	
1182.6486	829.7239	
1181.4111	828.5467	
1180.3992	827.67444	
1181.1875	827.72314	
1179.6144	827.34985	
1177.8671	826.1846	
1177.5939	825.9876	
1177.6813	826.26245	
1176.5387	826.34717	
1175.56	825.93085	
1176.012	826.70636	
1177.3436	827.74756	
1176.0361	826.71014	
1178.9785	829.89557	
1178.0216	832.34314	
1179.9216	835.1491	
1181.4851	835.84344	
1179.9661	834.53735	
1182.9619	837.6224	
1180.4905	837.0255	
1177.2772	836.19714	
1176.2961	836.078	
1177.4231	836.652	
1174.6653	834.2983	
1173.7057	834.5989	
1172.5422	833.4495	
1172.2432	832.8476	
1167.9932	830.44727	
1167.6202	829.35187	
1166.8674	828.94727	
1165.2008	827.82623	
1168.7866	831.25714	
1168.9918	831.49786	
1169.6886	831.7378	
1169.5233	832.64276	
1170.3013	833.3017	
1173.4758	836.42487	
1172.1562	835.3656	
1172.3306	835.29047	
1171.4972	835.40234	
1173.223	836.3314	
1175.3717	838.1609	
1173.663	836.6319	
1173.7153	837.0755	
1172.1583	836.1263	
1169.8917	835.9172	
1168.8623	835.75543	
1165.8984	833.52985	
1166.1462	833.25653	
1165.6462	832.2332	
1163.9526	830.3382	
1161.149	828.31195	
1161.1509	826.2544	
1139.8657	816.2269	
1139.3706	815.30896	
1142.007	816.699	
1142.5913	817.1706	
1143.0015	816.94696	
1143.2465	815.76733	
1143.0028	816.00885	
1140.2327	815.6696	
1139.3136	816.034	
1137.8729	815.26776	
1137.0028	815.4504	
1135.7068	816.96136	
1133.7479	816.2422	
1129.6926	813.82764	
1126.415	811.2853	
1126.8125	811.2321	
1126.6998	810.4918	
1125.2717	810.4054	
1124.027	809.8137	
1123.1366	809.4292	
1122.1409	809.69745	
1118.2773	806.31146	
1120.1669	808.15393	
1127.5507	810.27203	
1127.7728	811.4858	
1121.2103	808.7928	
1123.0143	810.0	
1118.692	805.93384	
1117.1132	804.26166	
1116.6012	803.2997	
1118.1738	804.512	
1118.19	804.68176	
1116.9525	803.48267	
1118.3694	805.4288	
1116.8483	803.2606	
1113.8408	801.33234	
1114.7823	803.33844	
1113.7693	802.6143	
1114.5342	803.6024	
1115.5044	803.52374	
1115.7635	803.0506	
1118.2767	803.8095	
1119.1129	804.89233	
1119.2173	803.83386	
1124.3516	806.89954	
1124.1152	806.0696	
1125.3018	806.3669	
1126.36	806.6372	
1125.4733	807.34216	
1125.3507	809.1123	
1124.6995	808.85626	
1124.3025	809.68494	
1124.7955	811.06134	
1123.9343	809.69183	
1122.4694	808.6693	
1119.5261	809.0079	
1121.8799	809.8859	
1120.6285	809.76984	
1121.4398	812.03973	
1110.7897	804.6438	
1112.4658	805.9487	
1113.1885	804.6266	
1121.628	815.2814	
1121.626	815.1707	
1086.4595	794.69196	
1087.0842	795.9128	
1088.6212	796.5631	
1089.477	797.0728	
1089.342	796.21844	
1086.882	796.8444	
1089.7396	797.2488	
1090.9365	797.902	
1087.4349	794.7386	
1087.449	794.51636	
1088.076	795.5836	
1090.6224	796.771	
1089.4883	795.7644	
1089.1422	795.55774	
1091.011	796.59436	
1091.4788	796.29517	
1092.4701	796.48004	
1094.2472	797.9784	
1093.6835	797.3561	
1094.3076	797.205	
1097.5491	800.4874	
1097.3243	800.0419	
1097.0664	799.8911	
1095.432	799.38696	
1098.0095	801.84033	
1096.4048	800.5294	
1096.8219	800.4933	
1095.6439	799.5993	
1093.0143	797.9276	
1093.5812	798.9764	
1095.0623	800.14404	
1084.1873	792.68475	
1081.6624	791.3345	
1081.8638	789.9915	
1081.194	789.3803	
1078.2997	786.39386	
1080.4758	789.0034	
1084.7609	793.50684	
1084.651	792.8288	
1086.1246	793.74615	
1084.6699	792.47	
1085.0323	793.6895	
1086.039	793.5403	
1084.551	795.21686	
1082.5737	795.469	
1080.7277	794.9534	
1081.2208	794.981	
1078.9595	792.6632	
1077.5284	792.5813	
1081.1287	795.3761	
1078.0912	793.42114	
1077.1077	793.73785	
1074.8907	792.17535	
1071.677	790.6087	
1069.3181	788.7061	
1069.1683	786.46436	
1067.031	785.1687	
1063.5686	782.2557	
1058.7892	780.0991	
1056.768	778.4539	
1057.8312	778.61084	
1055.8702	777.6836	
1052.381	776.7653	
1049.8766	774.6965	
1047.1497	772.52985	
1046.2405	771.529	
1045.5479	770.5986	
1043.5017	769.39435	
1042.0924	769.71783	
1044.5775	771.19403	
1045.7356	772.5194	
1046.9901	773.7451	
1047.0	773.8832	
1046.4934	773.1699	
1044.0199	772.2673	
1043.3019	772.45215	
1042.1625	772.133	
1040.8003	770.46265	
1036.599	767.984	
1032.7238	765.4893	
1033.47	766.0107	
1032.7579	765.8982	
1029.6094	763.7107	
1027.5059	762.4018	
1027.0234	762.3614	
1027.0486	762.7025	
1022.2781	759.0878	
1020.38525	757.0323	
1021.4832	758.0395	
1021.8087	759.9371	
1023.4353	759.8579	
1024.4023	760.8018	
1024.7374	760.75854	
1031.0792	765.1751	
1033.4476	766.90234	
1033.4071	766.47015	
1037.9609	769.88	
1036.8489	770.0674	
1037.7534	771.31024	
1033.5884	767.94525	
1032.1616	766.46533	
1030.716	765.2664	
1029.9983	765.3522	
1032.7628	766.8755	
1031.0017	765.50366	
1032.4366	767.0772	
1030.7946	767.0516	
1029.952	765.8545	
1030.4271	765.36835	
1028.4186	764.8029	
1026.9502	765.71906	
1026.9862	766.0815	
1028.5388	767.7658	
1027.095	767.09296	
1026.2578	764.8922	
1025.6256	764.8994	
1025.0729	764.4011	
1026.0887	764.96075	
1024.7675	765.2763	
1023.8584	764.312	
1023.521	764.4774	
1024.4606	767.0849	
1029.1215	771.5465	
1027.4929	770.64514	
1025.5951	770.0209	
1025.1497	769.5294	
1023.5352	768.72675	
1021.8011	767.9469	
1022.7201	768.37	
1023.5044	769.8517	
1022.0282	769.04755	
1022.96466	769.89716	
1022.23676	769.2267	
1023.5168	769.4885	
1025.0178	768.28625	
1025.7794	769.04016	
1025.8096	768.2199	
1025.4413	767.6023	
1026.6755	768.9751	
1023.2139	765.9483	
1023.13367	765.31995	
1023.01605	765.0249	
1021.1355	763.73944	
1017.96436	761.7222	
1016.5829	760.78546	
1018.6619	760.0173	
1018.75134	759.03265	
1022.5404	762.0193	
1026.0739	764.4217	
1025.7351	764.06384	
1024.4108	762.5648	
1023.5405	761.4894	
1028.7351	766.8994	
1026.9062	765.1335	
1027.0271	762.8162	
1027.3038	762.3392	
1028.5953	763.33655	
1026.804	761.8891	
1029.7755	762.83984	
1026.7135	760.0117	
1026.4369	760.8298	
1026.3505	760.2495	
1024.1853	758.00195	
1021.9229	756.12573	
1020.0275	754.2142	
1019.06616	752.7244	
1019.13257	752.19727	
1060.3665	776.8777	
1059.1768	776.7061	
1060.7417	778.46246	
1060.3745	777.1067	
1061.8136	777.65216	
1062.8447	778.15643	
1063.1886	778.61584	
1068.2078	782.2386	
1068.2838	781.9225	
1070.2212	783.7171	
1070.3643	783.30676	
1068.9869	782.5139	
1071.5531	783.60876	
1073.8246	784.102	
1073.1176	782.894	
1071.3022	781.742	
1069.5466	780.494	
1068.9795	781.1182	
1069.5365	782.8149	
1067.4972	781.3259	
1065.9626	779.8008	
1066.1423	778.11066	
1066.3877	776.08655	
1064.8633	773.60364	
1065.2664	772.70764	
1064.8236	771.3609	
1067.0581	769.8266	
1068.0056	770.0788	
1066.6448	766.55554	
1065.2749	765.498	
1063.7721	763.68823	
1062.7872	762.6539	
1070.0718	766.17883	
1071.75	767.41754	
1070.4128	766.28107	
1068.7008	764.9022	
1068.1193	764.7108	
1067.2106	762.84283	
1068.2985	762.89777	
1066.9563	763.06555	
1065.6312	762.1475	
1067.7295	762.50104	
1066.2267	760.6776	
1063.2686	758.1684	
1062.9524	757.0411	
1065.5057	757.9979	
1066.6921	757.5782	
1070.3352	762.2913	
1073.3857	762.2878	
1077.025	765.69086	
1077.7708	767.2474	
1079.4652	768.7104	
1080.8336	769.95825	
1084.4244	774.6122	
1082.8353	773.02936	
1081.7229	772.327	
1082.3508	773.10065	
1081.8062	774.7332	
1082.781	777.66174	
1082.217	777.36554	
1081.06	777.4748	
1079.5834	776.7941	
1081.1844	776.7143	
1079.9553	775.979	
1078.5243	774.7752	
1077.4059	772.6387	
1074.5088	770.42224	
1074.6174	770.61346	
1077.4338	771.5558	
1082.9863	775.8623	
1082.3326	775.1483	
1081.3835	774.072	
1080.5166	772.6568	
1078.7887	769.9301	
1077.0392	768.1462	
1076.2955	768.34393	
1076.272	770.6894	
1075.4873	770.71277	
1073.6615	769.6128	
1073.9608	770.1471	
1072.3215	771.25214	
1071.3353	770.3761	
1069.0314	768.66455	
1067.6385	768.15845	
1066.5167	767.24194	
1067.876	769.015	
1067.3583	767.63947	
1068.5444	768.47095	
1067.5957	767.6581	
1067.211	767.5333	
1065.5326	766.843	
1067.3103	766.95917	
1068.3419	767.88385	
1071.0793	770.4514	
1070.1111	769.38446	
1069.2063	767.8812	
1066.5834	765.7581	
1067.2366	764.69763	
1065.006	762.5745	
1065.5359	762.9545	
1062.8785	761.9199	
1061.494	760.6688	
1064.0659	761.3991	
1058.844	754.61523	
1056.68	753.01306	
1055.556	751.11084	
1057.9216	753.9476	
1059.7887	754.68054	
1059.3541	753.87524	
1057.6036	751.558	
1056.171	750.7177	
1055.843	749.9847	
1054.7358	748.0788	
1053.1028	746.779	
1055.1863	747.0285	
1054.5769	746.6184	
1053.6863	746.1118	
1054.1396	746.0768	
1054.2413	746.7319	
1055.7906	746.0242	
1054.9857	744.46814	
1049.6708	739.38464	
1050.0143	736.53186	
1051.0449	737.6498	
1050.6796	736.7511	
1046.3511	733.05286	
1044.4694	731.12994	
1048.8131	733.8115	
1042.6632	729.2018	
1040.7926	727.6541	
1040.753	726.9689	
1039.4321	725.26666	
1043.2893	726.03564	
1044.2153	725.42413	
1041.5134	723.62726	
1037.5797	720.18524	
1039.4211	720.90826	
1037.3008	718.8658	
1036.834	718.75616	
1040.1708	719.8027	
1039.173	719.791	
1036.7667	717.70337	
1039.8347	720.079	
1037.0669	718.73364	
1036.3229	718.40045	
1035.1405	717.08826	
1033.1782	715.6787	
1030.7799	714.41626	
1031.7731	714.3923	
1031.8948	714.0726	
1033.1709	713.2676	
1031.5211	712.1814	
1035.4979	714.1409	
1028.1526	709.74316	
1028.4979	709.9909	
1027.769	708.425	
1027.2224	707.2	
1028.5657	707.26135	
1029.6731	704.8909	
1029.2399	703.74774	
1028.8196	703.15454	
1030.5914	704.93396	
1030.483	705.17993	
1029.0085	704.11615	
1028.1724	703.86786	
1027.1191	702.8656	
1028.3718	704.0778	
1018.27563	703.1808	
1016.9295	701.99774	
1016.4466	701.2586	
1016.03845	701.2037	
1015.2329	700.40045	
1015.94434	700.68805	
1014.3576	699.92664	
1018.6731	701.48737	
1018.9828	702.27124	
1016.0344	700.6575	
1022.0563	704.5926	
1020.2987	703.1968	
1022.5445	704.87006	
1026.2004	707.59906	
1025.9281	707.31934	
1046.0438	719.5537	
1045.6893	718.5631	
1045.989	717.87384	
1047.0372	718.57947	
1048.8662	719.9508	
1049.9297	720.90845	
1047.8638	718.8263	
1045.5802	717.57043	
1046.1956	717.56104	
1047.4242	717.74646	
1047.3539	717.3873	
1045.8704	715.6948	
1045.9231	716.1432	
1044.3143	715.92725	
1044.2153	715.24884	
1043.3912	713.8122	
1041.2704	712.8286	
1042.945	714.17413	
1041.7489	713.9106	
1040.9009	713.46826	
1040.4097	714.0188	
1045.0155	717.7636	
1045.1527	717.65955	
1041.5354	715.3759	
1044.8022	715.8294	
1045.1337	715.3088	
1044.6681	715.6152	
1044.2628	713.0451	
1042.628	711.4632	
1041.8663	710.97626	
1040.078	709.639	
1038.7083	707.60095	
1038.196	704.7839	
1037.2672	702.9525	
1037.2917	701.81	
1038.1741	699.96436	
1039.208	699.8119	
1042.1505	701.2488	
1040.5011	700.5789	
1037.8068	697.9665	
1034.0989	694.51917	
1030.3752	690.92346	
1027.9056	689.2201	
1029.0631	690.15826	
1026.3289	688.9952	
1024.0	688.2854	
1027.3733	691.3711	
1025.8868	689.9301	
1023.8168	687.71564	
1024.4354	688.3116	
1022.0136	686.92755	
1021.82275	687.0749	
1020.85	686.2005	
1021.0	685.23914	
1020.795	685.4116	
1020.6187	683.7264	
1022.4211	683.95886	
1019.38214	681.8087	
1020.2706	682.5	
1018.84406	682.2791	
1020.7465	684.13904	
1018.5645	682.3171	
1016.79724	680.9561	
1014.19586	679.56586	
1012.182	680.15894	
980.41016	657.55743	
979.07605	656.7995	
980.6028	658.3064	
979.4573	658.0417	
977.8453	657.951	
976.866	656.6593	
978.39264	658.67645	
980.39954	661.1936	
982.09955	661.88947	
983.74243	662.81775	
982.3573	661.49506	
980.76514	661.3235	
981.51746	662.2871	
980.63635	661.2748	
986.1854	668.3275	
986.52234	666.49	
986.0283	667.0702	
984.72406	666.594	
985.21277	668.08545	
983.3144	668.21356	
981.078	667.0452	
981.35223	668.2387	
983.0758	669.7783	
981.86224	669.13635	
984.2619	672.2937	
981.3619	671.3772	
979.9405	671.09875	
980.16064	674.55615	
979.52277	674.1352	
978.22784	673.3954	
972.92566	668.0612	
974.9952	671.75385	
974.2716	672.581	
973.5192	671.5681	
973.2236	673.4216	
972.21875	672.22107	
968.0048	671.82477	
964.8675	670.8995	
966.33093	672.54004	
970.1913	673.64343	
970.18445	672.7132	
972.4951	673.3834	
974.81665	676.1688	
972.83295	680.08093	
972.23096	680.0157	
972.0098	680.49084	
971.4128	680.27936	
970.80835	680.0966	
971.7838	680.6658	
972.6732	682.5431	
971.7248	684.9739	
970.4275	685.18274	
969.4545	685.63446	
968.7592	686.0783	
967.7715	685.56396	
970.8938	686.2199	
968.8148	685.85077	
965.65924	685.733	
966.8889	686.85077	
969.1386	689.147	
969.71783	688.93964	
970.19556	689.52234	
971.58417	690.47504	
971.79706	691.3543	
970.8391	691.31494	
974.16626	693.8263	
975.62036	694.0237	
976.393	695.6438	
975.7562	694.7388	
975.45386	695.7196	
971.26434	692.41797	
969.3392	690.75397	
969.14215	691.51324	
970.585	691.291	
975.2538	693.3528	
974.66	693.4841	
974.7607	692.8723	
971.932	691.22076	
970.4307	690.2766	
969.82367	689.83246	
968.199	688.96545	
970.40656	689.3484	
968.6237	687.57446	
968.88605	687.9733	
970.9772	689.9946	
969.6244	688.6872	
971.0076	689.0563	
969.95166	688.55493	
965.6132	683.9544	
965.9796	685.086	
966.301	685.3199	
961.7934	685.02954	
960.3291	683.7043	
959.7041	685.1532	
960.77496	683.836	
961.0358	684.3441	
961.7724	685.3683	
959.2583	683.9113	
955.6036	681.55646	
954.8107	681.2688	
953.3836	680.4328	
950.51917	678.73926	
950.24554	677.57526	
951.56775	678.2473	
951.7187	678.4785	
954.3504	680.39246	
957.659	683.27765	
958.9743	685.4676	
959.8685	686.6829	
959.9382	687.27374	
960.7183	686.7751	
960.2403	686.39294	
958.2972	683.6477	
957.124	682.4688	
954.9044	681.26556	
954.8837	680.1897	
955.72095	679.7127	
956.9896	680.54346	
956.6969	679.9511	
955.34973	677.9837	
954.9404	677.4918	
954.8182	676.9864	
953.1558	675.6703	
953.5532	675.6812	
955.01825	676.347	
958.34204	678.0466	
958.15405	677.6	
957.9504	676.9836	
961.98425	678.0	
961.6247	677.5357	
963.7	678.5482	
962.6158	677.87054	
960.88947	676.82367	
959.9184	676.3223	
966.7188	680.1445	
966.3511	680.00836	
971.39307	683.38934	
972.933	682.2437	
970.66486	682.0983	
969.20374	680.2612	
970.9677	681.19434	
970.27686	681.3465	
969.0511	680.3183	
968.60645	679.1667	
970.173	680.47876	
968.95135	681.05664	
971.9648	683.1818	
970.9919	685.0712	
972.7799	687.88	
971.4239	687.1886	
970.5041	685.14856	
969.4196	684.3543	
967.2834	682.63715	
966.35425	681.7657	
973.81696	685.6848	
971.8306	684.14325	
969.73773	683.3467	
967.4235	681.41833	
965.7787	679.9599	
963.74316	678.5759	
960.28845	674.77234	
958.6429	673.66473	
955.24725	671.9304	
957.42426	671.07245	
959.5482	672.33044	
960.4006	672.29944	
960.5166	671.23254	
968.6685	672.8484	
966.68524	671.18365	
966.10864	670.22156	
965.81616	669.0525	
967.27856	669.9009	
964.8997	670.3655	
971.8067	674.9443	
970.86273	674.0909	
971.8599	673.93256	
973.8652	676.95575	
974.2051	676.5221	
980.0085	678.4438	
980.11334	678.85754	
978.74786	677.6647	
975.83	676.8724	
975.34845	676.12164	
972.2974	673.80414	
970.204	674.5685	
968.84705	674.1756	
961.8329	673.6161	
959.6289	672.5625	
958.6799	672.8393	
959.0085	672.6607	
957.796	671.4494	
957.3881	671.5952	
955.82385	672.44775	
958.42163	674.51495	
962.361	673.7695	
959.41547	672.7066	
959.58044	673.4384	
958.092	673.2943	
956.7931	672.8739	
955.62646	672.2462	
954.5546	671.9069	
952.38794	670.0691	
953.91064	672.5241	
959.0348	673.67975	
958.89276	674.16614	
957.9304	674.2417	
957.2058	674.0604	
959.67444	675.28485	
959.81683	675.1849	
960.0029	675.53937	
962.04083	677.2037	
953.1866	676.98785	
953.895	677.67474	
956.87134	684.54297	
959.63635	686.7354	
962.48676	686.7747	
965.93494	692.3758	
969.34717	695.2181	
969.4214	695.56696	
969.6439	695.2274	
971.3452	693.68225	
972.0119	694.40186	
973.747	698.41565	
974.5536	697.29376	
982.5539	698.5031	
981.7096	697.1344	
981.2844	696.7969	
982.012	698.7429	
981.81683	698.79626	
988.0364	699.173	
986.39514	695.9937	
986.3161	695.8365	
992.7751	696.0409	
992.1277	695.9937	
994.8628	695.4623	
994.3293	694.9528	
991.7165	692.2138	
986.3232	690.05975	
974.3445	677.5755	
972.57623	676.6981	
971.2317	676.761	
972.896	676.9119	
970.3914	674.61633	
972.5859	673.5566	
971.684	673.4497	
969.1539	671.9654	
972.00616	672.5016	
971.20746	670.7918	
977.96576	672.0949	
977.12775	671.5538	
977.0031	671.2342	
976.20874	670.2785	
976.6978	670.5759	
975.5296	670.3291	
979.162	673.8038	
982.6312	676.88257	
984.7367	676.9175	
982.88403	678.65607	
983.37933	680.0096	
986.49054	679.20447	
986.7925	679.84985	
989.0757	678.984	
998.0478	685.3161	
1000.50635	683.45807	
998.8854	682.4129	
997.03516	681.69904	
996.5623	681.4207	
1003.86816	685.34204	
1002.32153	684.21173	
1004.5161	683.1075	
1006.40454	684.22876	
1005.0453	685.26556	
1003.8641	684.1836	
1003.0162	683.73773	
1002.08417	683.59344	
1002.52924	684.5197	
1001.6396	684.69305	
1000.2825	684.3828	
998.4675	683.5248	
1003.1759	688.03644	
1003.6026	688.50665	
1000.6732	686.16943	
1000.817	686.50165	
1001.6667	688.16614	
1003.98035	687.08307	
1000.7967	686.701	
1000.5738	686.57477	
1006.82117	690.745	
1011.04333	692.1791	
1011.17	692.16895	
1010.04	691.4155	
1007.60333	689.8986	
1010.96655	691.1858	
1014.10065	693.9966	
1015.9327	695.5714	
1016.6431	696.36395	
1016.7609	699.1604	
1017.1616	698.7133	
1015.49493	698.56995	
1016.2256	699.0137	
1018.87164	698.5017	
1020.2847	696.7065	
1023.7993	696.7611	
1021.5238	695.4061	
1021.7381	695.86005	
1025.3993	703.13794	
1025.4574	702.6069	
1026.9349	701.2345	
1023.0993	699.08276	
1029.0138	701.9618	
1029.0966	702.13196	
1033.2986	701.84375	
1033.1805	701.2257	
1032.4896	700.8993	
1036.8433	707.6608	
1036.8014	707.0035	
1035.0592	705.1888	
1033.2195	703.6049	
1031.2927	702.4336	
1035.4491	705.35913	
1035.1088	704.8486	
1030.4948	703.4824	
1028.6267	702.3463	
1028.901	702.71985	
1028.5674	700.55676	
1029.4556	700.7758	
1025.4697	697.85767	
1023.27856	696.4286	
1020.52856	695.07855	
1021.2464	694.875	
1020.3393	694.125	
1023.4122	695.4158	
1022.7527	695.405	
1023.1219	694.3333	
1023.8459	694.8423	
1025.8489	694.8602	
1026.9749	695.0968	
1031.4425	696.8853	
1032.8849	697.16486	
1033.5107	697.233	
1035.0396	697.70966	
1035.1547	696.55194	
1036.2986	696.16846	
1034.195	691.58276	
1033.2274	690.96765	
1032.5234	690.8777	
1035.0508	691.7148	
1035.2537	691.9386	
1033.9457	690.7004	
1032.5471	687.1805	
1030.7898	685.6282	
1028.1812	683.58124	
1027.7717	683.50903	
1027.6522	683.3754	
1025.3986	682.66785	
1023.4457	681.3574	
1023.56885	679.2888	
1032.0073	681.2971	
1031.2372	680.7826	
1030.2408	679.7681	
1028.5511	687.06885	
1027.5985	685.1739	
1027.9088	684.78625	
1027.3723	687.3491	
1026.7335	686.9782	
1026.3503	686.4255	
1023.6314	685.90546	
1026.6593	684.7782	
1024.6483	684.87274	
1024.4066	685.1891	
1023.0073	684.70184	
1021.1172	683.3746	
1025.8597	682.63635	
1024.3911	681.5382	
1022.7491	680.2836	
1021.1771	678.89453	
1019.6273	677.4255	
1017.7749	675.3273	
1015.6236	673.8436	
1012.26935	672.14545	
1012.9336	675.1934	
1013.58887	672.6679	
1011.1963	669.7664	
1009.0296	667.219	
1005.2889	664.2883	
1001.2	660.781	
997.86664	660.6447	
996.77405	659.5897	
996.5926	658.0989	
994.5074	656.35895	
1000.68286	658.1397	
1000.80597	657.9081	
1018.58954	670.3198	
1017.6082	670.06616	
1018.69403	670.27203	
1018.4739	669.27203	
1017.291	668.4228	
1015.89923	668.02203	
1013.209	666.12866	
1011.8955	664.7316	
1008.3545	662.4559	
1007.32465	660.375	
1006.07837	658.98895	
1005.2985	658.5073	
1002.76495	656.0	
1002.1194	653.7647	
1000.7873	653.14703	
999.36566	653.5331	
998.91046	654.5535	
1002.35583	656.95557	
998.80524	656.54645	
997.6292	655.03345	
996.0936	654.8736	
997.8801	653.8885	
997.8389	653.3011	
1000.2659	653.90704	
1003.4173	654.76117	
1003.2068	654.6642	
1002.4511	653.76117	
1007.19244	654.9776	
1008.7962	655.36566	
1009.4528	654.8134	
1011.26416	655.097	
1010.3359	653.84326	
1009.81885	652.2239	
1008.4981	651.96643	
1008.3561	653.59174	
1017.5496	658.8566	
1016.41986	657.7849	
1013.3168	655.5283	
1011.8626	654.39246	
1011.355	653.72455	
1010.6374	652.30945	
1007.8931	649.9547	
1004.0496	647.22644	
1000.9809	644.68677	
999.7214	643.48303	
998.4771	642.4528	
997.2175	641.2038	
997.4885	640.40753	
997.458	641.9583	
1000.6475	639.7235	
999.21075	639.1061	
999.0	638.54926	
999.72034	637.5341	
999.1494	638.8099	
1002.3077	640.9695	
996.80383	638.96564	
996.2162	637.187	
992.0116	632.7977	
990.93024	632.42914	
989.8682	632.318	
991.2451	632.56537	
992.144	631.9846	
989.9922	630.46155	
989.33466	630.3346	
987.25684	631.0309	
984.81323	630.87646	
979.4864	627.6602	
979.89105	627.78766	
978.92993	626.70654	
978.07007	626.52124	
977.1751	625.31274	
974.9261	623.4595	
974.5097	621.6525	
974.16345	621.50195	
973.214	620.1467	
972.44745	619.93823	
971.22955	619.2162	
973.8016	618.20465	
975.6304	618.4517	
980.35547	619.8488	
979.9531	620.02716	
979.2617	621.1284	
978.58594	619.18677	
979.53906	617.8288	
980.5039	617.98444	
978.91016	618.1323	
978.1367	617.20624	
975.73047	616.33466	
974.2617	615.4825	
971.0781	613.3619	
970.9336	614.0739	
968.1406	613.179	
967.5156	612.98834	
964.1797	610.91437	
972.66144	609.0506	
962.3583	594.93774	
958.4269	590.26953	
959.8498	589.6328	
968.3785	589.2578	
972.028	592.3898	
974.43774	590.2874	
973.31323	590.25195	
972.4458	589.8622	
973.30524	590.15356	
972.8233	588.9055	
973.53815	588.40155	
974.6466	588.37006	
974.08435	590.19763	
974.91534	590.51587	
975.2258	589.8095	
975.22986	589.0278	
979.9919	590.6335	
980.5182	589.3506	
979.8178	588.48206	
976.498	587.6335	
975.48987	584.98804	
973.1862	583.6335	
970.51013	581.9562	
967.42914	579.28687	
970.46344	578.5976	
970.9756	577.4462	
976.09015	580.6546	
974.1803	579.0241	
970.61884	577.89557	
974.63934	579.61847	
977.9672	580.7269	
979.2336	581.5663	
984.90533	584.60486	
986.27985	584.9234	
990.2562	587.0526	
991.34296	586.75305	
992.3182	587.0486	
990.0992	584.3441	
989.5207	583.08905	
990.0537	581.0526	
989.0413	579.85425	
992.917	578.085	
995.02905	578.9757	
966.38586	577.1255	
965.3444	576.42914	
1006.87866	582.46936	
1006.5356	581.18774	
1012.45605	583.1551	
1028.2354	600.1967	
1032.8016	602.2263	
1033.7806	602.3457	
1033.4261	603.9008	
1031.7131	602.8223	
1036.4026	604.27386	
1034.0593	604.2375	
1034.4788	602.5917	
1034.945	602.4625	
1033.8602	600.1375	
1032.5974	598.7	
1030.1907	594.44165	
1030.8644	592.5292	
1032.3983	591.0917	
1032.6567	590.3542	
1027.3729	580.1375	
1027.0763	579.1583	
1028.5297	578.7375	
1034.0	581.80334	
1034.3915	581.728	
1034.7617	581.1297	
1036.0936	580.1046	
1037.9617	579.0753	
1037.6511	578.54395	
1039.4744	581.44305	
1040.188	581.02954	
1037.812	578.5949	
1038.2051	578.0844	
1038.5171	580.86017	
1043.0901	584.5447	
1042.6138	583.9404	
1042.7769	583.0979	
1041.6223	582.9745	
1041.9313	583.28937	
1045.8534	585.85895	
1042.8147	585.2094	
1043.8018	585.406	
1043.3406	584.09827	
1042.9913	583.79486	
1041.4957	582.94446	
1040.4009	581.9487	
1044.6034	581.41455	
1046.6034	580.34186	
1047.0518	578.8376	
1050.1466	579.953	
1052.819	579.8932	
1051.5431	577.35895	
1051.8232	578.4721	
1054.935	583.2987	
1052.4589	583.1429	
1055.5652	583.97394	
1058.3931	583.1834	
1061.7544	584.7851	
1059.9474	583.0351	
1054.4386	581.3816	
1053.1096	580.0526	
1052.5482	581.66077	
1049.2894	581.5	
1051.5922	579.95575	
1051.614	578.2168	
1051.7632	576.2876	
1056.1586	577.7778	
1058.4735	582.64124	
1061.8973	581.44147	
1062.25	580.53156	
1065.8973	581.6018	
1064.7188	582.55457	
1064.9509	581.61365	
1063.6697	578.9773	
1065.4553	577.88635	
1065.7053	576.5773	
1063.9688	573.61365	
1063.683	572.61816	
1062.9375	570.7182	
1062.5491	571.08673	
1065.4843	571.3991	
1064.7803	569.29816	
1064.3722	566.57336	
1068.7162	568.3963	
1069.6127	568.0553	
1076.0316	569.0787	
1074.0728	565.13025	
1037.8545	554.0465	
1033.5409	551.4	
1031.0955	548.8326	
1032.6455	547.5163	
1039.6028	550.4159	
1038.5845	550.17755	
1059.5936	555.3785	
1060.1141	555.26636	
1060.0685	554.9159	
1079.8265	560.67755	
1082.0731	560.78503	
1085.6576	562.0	
1088.548	562.257	
1089.7946	560.53735	
1094.3165	560.9766	
1100.7926	561.96265	
1101.0737	561.2196	
1101.4977	559.64954	
1102.682	559.54205	
1100.2166	556.9766	
1105.2037	559.0	
1104.463	559.06104	
1101.875	556.8028	
1099.2084	554.24884	
1097.6296	553.24884	
1094.1898	552.05634	
1090.5416	551.06104	
1087.5741	548.8169	
1092.7117	549.8349	
1095.6187	550.43866	
1095.8972	550.99054	
1098.0608	553.0237	
1109.7089	556.93335	
1112.3662	557.2143	
1113.4131	557.2762	
1113.3146	556.0476	
1110.7606	553.51904	
1111.5493	553.60474	
1111.3615	553.4381	
1107.4056	549.2297	
1107.7783	549.1579	
1108.9198	548.36365	
1109.25	547.4641	
1106.8254	546.2536	
1111.4265	549.74036	
1115.9762	551.43475	
1114.881	549.8889	
1116.5048	549.08215	
1114.3524	547.8116	
1112.9	546.8454	
1114.1095	546.49756	
1113.8524	546.372	
1115.3857	547.6957	
1114.8667	546.89856	
1119.488	549.26697	
1118.2488	548.74756	
1117.268	548.0825	
1115.1531	546.27185	
1112.0095	545.0388	
