0
0
0
0
34
26
16
11
22
21
22
20
17
24
12
9
15
11
10
17
16
14
12
5
23
11
9
13
9
10
18
7
8
5
2
7
10
7
3
7
10
7
9
2
4
5
12
10
6
11
6
5
7
12
6
6
5
5
6
2
1
3
10
5
5
10
1
4
5
4
6
7
10
4
3
1
6
5
5
2
2
3
2
6
5
2
5
2
3
3
2
1
4
2
4
4
2
2
4
5
2
6
5
2
2
4
4
3
4
3
2
1
1
3
3
0
4
3
1
1
2
1
1
2
3
4
2
1
4
1
3
3
2
0
5
0
3
3
2
1
0
3
1
3
1
1
1
0
1
1
0
1
3
1
1
2
2
1
1
2
4
2
2
2
0
0
1
1
1
2
1
0
0
1
0
2
0
0
3
0
0
0
0
2
2
1
1
1
1
0
0
1
0
1
1
0
1
0
0
1
1
0
0
0
1
0
1
3
2
0
1
0
0
0
0
1
0
0
1
0
0
1
1
1
1
0
1
0
1
1
0
0
0
0
0
1
1
2
1
0
0
0
0
0
1
0
0
0
1
3
2
0
1
0
1
0
0
2
0
0
0
0
0
2
0
0
0
0
1
0
0
1
0
1
0
2
0
1
0
1
0
1
0
0
0
1
0
0
0
1
0
2
0
0
0
0
0
1
0
0
0
0
5
0
1
0
0
0
0
0
0
0
0
0
1
0
0
0
0
1
1
0
0
1
0
0
0
1
0
0
0
0
1
0
0
1
0
0
0
1
0
0
1
0
0
0
0
0
0
0
0
0
0
0
1
0
0
0
0
0
0
0
0
1
0
0
0
1
0
0
0
0
0
0
0
0
0
0
0
0
0
0
0
0
0
0
0
0
0
1
0
0
0
0
0
0
0
0
0
0
0
0
0
0
1
0
1
0
0
0
0
0
0
0
0
0
0
0
1
0
1
0
0
0
0
0
0
1
0
0
0
0
0
0
0
0
0
0
1
0
0
0
0
0
0
0
1
0
0
0
0
0
0
1
0
0
0
0
0
0
0
0
1
0
0
0
0
0
0
0
0
0
0
0
0
0
0
0
0
0
0
0
0
0
0
0
0
0
0
0
0
0
0
0
1
0
0
0
0
19
