27.763
27.986
28.176
28.355
28.463
28.617
28.696
28.723
28.831
28.943
29.044
29.097
29.076
29.039
29.089
29.108
29.177
29.276
29.294
29.298
29.291
29.288
29.343
29.383
29.353
29.353
29.506
29.581
29.671
29.666
29.661
29.742
29.783
29.878
29.993
30.062
30.113
30.155
30.268
30.476
30.513
30.532
30.601
30.697
30.782
30.907
31.022
31.157
31.314
31.385
31.539
31.533
31.682
31.766
31.931
32.005
32.092
32.17
32.243
32.299
32.363
32.551
32.627
32.676
32.913
33.041
33.088
33.194
33.306
33.478
33.394
33.486
33.529
33.732
33.789
33.888
34.131
34.285
34.293
34.401
34.488
34.466
34.476
34.567
34.783
34.917
34.944
35.057
35.111
35.257
35.343
35.452
35.546
35.581
35.642
35.705
35.818
35.983
36.15
36.069
36.32
36.402
36.5
36.598
36.608
36.619
36.817
36.689
36.818
36.875
36.972
37.03
37.075
37.157
37.238
37.438
37.642
37.836
37.878
38.035
38.215
38.187
38.232
38.277
38.284
38.283
38.401
38.433
38.453
38.334335
38.295296
38.337337
38.294292
38.245247
38.303303
38.361362
38.424423
38.61061
38.66066
38.681683
38.61762
38.653652
38.641644
38.772774
38.83884
38.84985
39.026028
39.038036
39.053055
39.053055
39.12012
39.172173
39.206207
38.987988
39.021023
39.05005
39.14114
39.154156
39.157158
39.132133
39.157158
39.253254
39.41942
39.4995
39.36837
39.38238
39.442444
39.45145
39.612614
39.624626
39.5005
39.454456
39.523525
39.53954
39.54955
39.566566
39.240242
39.25826
39.240242
39.31932
39.366367
39.314316
39.40841
39.51351
39.28028
39.312313
39.37037
39.42042
39.216217
39.41842
39.57958
39.516518
39.395397
39.442444
39.28829
39.256256
39.298298
39.292294
39.23123
39.23123
39.371372
39.323322
39.215214
39.433434
39.495495
39.58959
39.340683
39.37475
39.46493
39.332664
39.336674
39.195393
39.28586
39.38315
39.4995
39.489468
39.411232
39.377132
39.300903
39.44935
39.422268
39.41424
39.36008
39.371113
39.34002
39.52357
39.525578
39.71314
39.613842
39.644936
39.675026
39.601807
39.692078
39.537613
39.678036
39.705116
39.678036
39.67068
39.757027
39.840363
39.96988
40.076305
40.129517
40.0743
40.061245
40.116467
40.30522
40.463856
40.30422
40.343372
40.31526
40.328312
40.359436
40.429718
40.349396
40.362816
40.258293
40.223114
40.310555
40.29447
40.36016
40.26962
40.23843
40.26358
40.202213
40.087524
40.12475
40.13682
40.152916
40.31992
40.422535
40.423542
40.453724
40.49195
40.503017
40.454727
40.405434
40.4165
40.374245
40.408863
40.414906
40.303123
40.36455
40.32729
40.352467
40.347782
40.335686
40.154232
40.117943
40.024193
40.04738
40.017155
39.951515
39.9303
39.933266
39.9545
39.949444
40.033367
40.0546
40.17105
40.154858
40.167004
40.34919
40.35866
40.281662
40.16312
40.1925
40.114487
39.94529
39.938133
39.96552
39.929005
39.988842
39.991886
40.068966
40.003048
40.073246
40.07426
40.105797
40.22889
40.16887
40.21058
40.118008
40.082485
40.063137
40.013252
40.030582
39.95209
39.846077
39.904083
40.033672
40.093876
40.14796
40.16139
40.211872
39.983624
40.08393
40.067623
40.076843
40.026638
39.895493
39.86885
39.879097
39.829918
39.72513
39.72205
39.721027
39.587692
39.435898
39.404102
39.497437
39.377438
39.29231
39.295383
39.298767
39.512848
39.68177
39.761856
39.758762
39.723713
39.74742
39.673195
39.57585
39.418987
39.286892
39.244053
39.26114
39.25078
39.230053
39.20622
39.242992
39.29491
39.30873
38.87734
38.75572
38.590435
38.635796
38.652084
38.61418
38.672577
38.68443
38.79707
38.80021
38.83665
38.804188
38.747643
38.651993
38.613445
38.57143
38.631966
38.56782
38.468422
38.491043
38.51001
38.52059
38.41605
38.56131
38.52431
38.530655
38.475132
38.386242
38.349205
38.138626
38.225636
38.15058
38.156944
38.234608
38.25186
38.2484
38.141792
38.14712
38.121666
38.011765
37.897217
37.66881
37.618435
37.664524
37.65558
37.694206
37.730396
37.669537
37.863
37.964363
37.9773
37.872154
37.921993
37.886242
37.792843
37.779827
37.625813
37.649673
37.585682
37.818478
37.838043
37.916306
37.91522
38.027203
37.930206
37.842796
37.925766
38.090908
38.026318
37.9068
37.862938
37.901207
38.073708
38.10573
38.26461
38.246967
38.349888
38.530975
38.4823
38.3134
38.44
38.446667
38.43493
38.418243
38.433815
38.36485
38.3693
38.39465
38.44308
38.453022
38.36842
38.426487
38.457302
38.498875
38.507866
38.761528
38.73311
38.88839
38.883747
38.861176
38.904064
38.902824
38.968327
38.99094
38.88662
38.860546
38.818596
38.761906
38.717686
38.827663
38.781178
38.826138
38.804546
38.970387
39.061504
39.05239
39.076397
39.157356
39.197487
39.174656
39.1373
39.232265
39.35166
39.387615
39.654022
39.594936
39.471806
39.468895
39.42396
39.420994
39.516724
39.394463
39.48097
39.373703
39.416378
39.41224
39.39261
39.401848
39.364895
39.290993
39.357967
39.41917
39.403004
39.377598
39.572422
39.683662
39.680187
39.63847
39.571926
39.519722
39.429234
39.315544
39.263645
39.246223
39.27178
38.939533
38.740696
38.648838
38.610466
38.606518
38.599533
38.571594
38.585766
38.582943
38.487118
38.56925
38.725353
38.754696
38.761456
38.769413
38.64
38.666668
38.79034
38.809917
38.691853
38.414692
38.542652
38.55463
38.549347
38.600716
38.739548
38.830143
38.899403
38.795208
38.772453
38.723354
38.84634
38.835335
38.826508
38.727055
38.683575
38.69007
38.61212
38.637577
38.686893
38.585663
38.543137
38.504253
38.590023
38.5146
38.61632
38.64312
38.54933
38.30451
38.412193
38.413918
38.452324
38.46699
38.41299
38.58231
38.552277
38.58128
38.326355
38.490124
38.446915
38.329628
38.246914
38.15926
38.184177
38.153656
38.12159
38.105457
37.966503
37.981342
37.91656
37.875156
37.631115
37.74937
37.63854
37.549118
37.511333
37.5
37.397224
37.422447
37.326607
37.329544
37.437973
37.282635
37.310913
37.45616
37.44402
37.630905
37.81258
37.712997
37.67053
37.598457
37.54639
37.410324
37.36129
37.470966
37.55886
37.545925
37.42044
37.544746
37.446033
37.382317
37.36281
37.321613
37.329857
37.317234
37.47644
37.565445
37.614174
37.560368
37.48752
37.560528
37.554676
37.598946
37.593914
37.75232
37.792553
37.736702
37.782665
37.926567
37.93708
37.84605
37.84739
37.973156
38.020214
38.109608
38.04342
38.04613
38.0597
37.97829
37.993217
38.044838
38.025814
38.108696
38.255436
38.305706
38.369564
38.48229
38.45504
38.441418
38.43247
38.420765
38.657066
39.357143
39.32187
39.41793
39.58114
39.568653
39.52843
39.510403
39.559723
39.62587
39.704735
39.70112
39.67458
39.664806
39.555866
39.47067
39.6
39.693275
39.751755
39.810394
39.812675
39.923836
39.92514
40.01556
40.080624
40.062233
40.07082
40.104816
40.375355
40.340908
40.24574
40.204544
40.27738
40.27738
40.18919
40.20542
40.299
40.127323
40.074604
40.204315
40.16115
40.12536
38.79395
38.818443
38.77345
38.79624
38.811867
38.611595
38.543606
38.49927
38.528465
38.573723
38.56642
38.854015
38.820175
38.711567
38.856304
38.790016
38.757355
38.820324
38.84786
38.77696
38.761833
38.816296
38.82641
38.799404
38.78125
38.74256
38.831345
38.7403
38.58806
38.656204
38.49477
38.403587
38.55755
38.554558
38.791916
38.75225
38.733833
38.74247
38.7855
38.71861
38.84394
38.895294
38.840668
38.767124
38.767124
38.66921
38.83792
38.80887
38.77064
38.81317
38.75038
38.565083
38.552147
38.512268
38.54908
38.572086
38.556747
38.486195
38.646152
38.54769
38.574074
38.58179
38.61051
38.62229
38.58514
38.568993
38.666668
38.82866
38.847115
38.859375
38.805946
38.89812
38.930817
38.970078
38.998425
39.037796
39.08202
39.034756
38.93681
38.921013
39.02057
38.969936
38.869843
38.792065
38.83016
38.79365
38.759937
38.67675
38.59395
38.528664
38.491226
38.61563
38.755592
38.7184
38.76565
38.521667
38.446228
38.50722
38.494366
38.702267
38.574432
38.563107
38.575363
38.53647
38.423016
38.374393
38.38474
38.4772
38.51466
38.52778
38.553192
38.495907
38.42951
38.40328
38.42623
38.40656
38.336617
38.372322
38.423393
38.375618
38.35585
38.37397
38.239273
38.264027
38.158417
38.140263
38.125828
38.18543
38.20199
38.25207
38.28239
38.186356
38.73877
38.85
38.859768
38.791317
38.79933
38.780937
38.82077
38.79397
38.643215
38.56784
38.4698
38.46812
38.386555
38.282352
38.25714
38.2521
38.22521
38.41484
38.493244
38.462837
38.447636
38.48305
38.430508
38.32034
38.32428
38.382004
38.411564
38.29252
38.247017
38.197617
38.008533
38.05822
37.910957
37.929672
38.109776
38.16295
39.29674
39.288166
39.38765
39.363636
39.34134
39.324184
39.31904
39.327618
39.360207
39.32933
39.339622
39.43299
39.300686
39.23883
39.275864
39.37133
39.45927
39.435764
39.432293
39.46875
39.458332
39.46261
39.525307
39.585663
39.394047
39.35727
39.429073
39.45184
39.43958
39.38704
39.314587
39.355007
39.362038
39.391914
39.318104
39.210896
39.240772
39.23023
39.080845
39.151142
39.189808
39.242958
39.22007
39.295776
39.36219
39.3823
39.35575
39.480495
39.56483
39.66904
39.6121
39.657753
39.698753
39.75401
39.696968
39.71123
39.657753
39.752228
39.675
39.660713
39.5375
39.454384
39.373882
39.42294
39.290844
39.271095
39.25
39.23741
39.14982
39.211575
39.239132
39.320652
39.139492
39.150364
39.128624
39.097828
39.166668
39.1721
39.123188
39.1343
39.116154
39.130672
39.07441
39.030853
39.001816
39.019962
38.994556
39.003635
38.83818
38.78182
38.854282
38.817852
38.78324
38.78142
38.720802
38.698906
38.680656
38.963505
39.029198
39.02737
38.945255
39.100365
39.020073
38.974453
38.78285
38.55657
38.51095
38.577698
38.539307
38.51554
38.531136
38.527473
38.59191
38.579044
38.696133
38.68508
38.6814
38.688766
38.64825
38.7583
38.61808
38.74307
38.792976
38.748615
38.735184
38.690742
38.662964
38.61111
38.781483
38.75926
38.714813
38.864815
38.83889
38.896103
38.88497
38.85529
38.923935
38.994434
38.530613
38.525047
38.46382
38.423004
38.46011
38.3829
38.275093
38.28067
38.36803
38.28067
38.109665
38.070633
38.139664
38.122906
38.080074
38.183178
37.8486
37.97383
38.04869
38.080524
38.07865
37.99438
38.07865
38.067417
38.05618
38.123596
37.917603
37.88764
37.80899
37.782772
37.78652
37.833332
37.61985
37.63483
37.65543
37.624767
37.530956
37.57786
37.58161
37.57974
37.523453
37.57707
37.582706
37.548874
37.533836
37.43233
37.486843
37.43233
37.426693
37.424812
37.407894
37.343987
37.406013
37.42105
37.415413
37.413532
37.415413
37.43421
37.353382
37.295113
37.236843
37.223682
37.17105
37.233963
37.196228
37.22306
37.173912
37.25898
37.2741
37.172024
37.09263
37.098297
37.066162
36.89603
36.94896
37.001892
37.267044
37.236744
37.33207
37.40038
37.288425
37.303604
37.421253
37.519012
37.438095
37.339046
37.25905
37.31107
37.257633
37.23855
37.164124
37.091778
37.095604
36.963673
36.940613
36.877396
36.74472
36.685223
36.63654
36.557693
36.53757
36.52023
36.56069
36.541428
36.504818
36.36994
36.3526
36.304432
36.219654
36.098267
36.08285
36.11969
36.15444
36.08301
36.08108
36.125484
36.10618
36.121857
36.023212
35.81783
35.69186
35.695145
35.660194
35.54369
35.518448
35.46796
35.37864
35.347572
35.381325
35.377434
35.40856
35.4144
35.41829
35.35603
35.344357
35.360622
35.42105
35.499023
35.413254
35.436646
35.651073
35.734375
35.774952
35.77691
35.727985
35.690804
35.707844
35.615685
35.60588
35.541176
35.555992
35.561886
35.495087
35.385067
35.38189
35.377953
35.3563
35.37008
35.415356
35.521652
35.62722
35.599606
35.449703
35.539524
35.579052
35.646244
35.646244
35.756916
35.750496
35.72619
35.79365
35.857143
35.838966
35.872765
35.85885
35.768925
35.828686
35.747013
35.749004
35.816734
35.746506
35.80439
35.742516
35.686626
35.632736
35.61477
35.642715
35.626
35.618
35.608
35.61
35.694
35.812
35.78
35.791584
35.661324
35.847694
35.885773
35.887775
35.92585
35.937878
35.915833
35.759518
35.707417
35.98998
36.012047
35.987953
35.981926
36.024097
36.002007
36.006023
36.106426
36.18072
36.120483
36.228916
36.277107
36.236946
36.19478
36.259037
36.18072
36.0502
36.140846
36.21328
36.191147
36.046276
36.084507
36.152916
36.239437
36.25352
36.235413
36.287727
36.231388
36.169014
36.179073
36.267605
36.26962
36.30181
36.403225
36.38105
36.45766
36.403225
36.385082
36.35484
36.446465
36.444443
36.526318
36.524292
36.566803
36.54656
36.502026
36.433197
36.467613
36.34818
36.27328
36.307693
36.263157
36.19838
36.220646
36.1498
36.14575
36.1927
36.213413
36.205284
36.278454
35.865852
35.754066
35.97561
35.932926
35.863823
35.830956
35.82413
35.766872
35.678936
35.683025
35.689163
35.784836
35.81967
35.852158
35.911705
35.948666
35.89528
35.911705
35.790554
35.876797
35.858315
35.944557
35.989735
35.942505
35.917866
35.950718
36.035053
36.18595
36.152893
36.11157
36.128098
36.130165
36.177685
36.159092
36.20083
36.26294
36.34025
36.271786
36.282158
36.373444
36.41788
36.365906
36.39917
36.4657
36.40125
36.527084
36.555325
36.463467
36.43215
36.440502
36.44259
36.352818
36.553234
36.538624
36.490604
36.573223
36.640167
36.640167
36.583683
36.5523
36.56904
36.52092
36.51153
36.415092
36.392033
36.386555
36.397896
36.33263
36.44304
36.591965
36.530655
36.47357
36.439747
36.323467
36.22034
36.091103
36.02966
36.069916
36.104034
36.087048
36.127388
36.10828
36.08068
36.070065
36.123142
36.063694
36.346073
36.375797
36.37155
36.41189
36.41826
36.562634
36.552017
36.577496
36.583862
36.632698
36.61571
36.57325
36.562634
36.511677
36.437366
36.420383
36.587234
36.593616
36.66098
36.88486
36.942432
37.02132
37.00853
37.072495
37.132195
37.228146
37.149254
37.200428
37.21322
37.149254
37.15565
37.220085
37.247864
37.21795
37.155983
37.168804
37.19058
37.077087
37.08565
37.132763
37.030045
37.051502
36.98927
37.015022
36.950645
36.701077
36.78879
36.69612
36.655174
36.747845
36.78879
36.780174
36.857758
36.80819
36.769398
36.734913
36.765087
36.661636
36.627155
36.64871
36.665947
36.702587
36.63362
36.69612
36.73434
36.788338
36.796978
36.794815
36.781857
36.814255
36.86393
36.829372
36.807774
36.86825
36.87689
36.911446
36.948166
36.99784
37.0216
37.00432
37.10606
37.093075
37.14935
37.15368
37.35652
37.35652
37.369564
37.45
37.404346
37.43913
37.397827
37.397827
37.43261
37.52941
37.590412
37.59913
37.583878
37.551197
37.542484
37.558952
37.60175
37.6477
37.676147
37.702408
37.76535
37.83772
37.80702
37.857143
37.815384
37.73187
37.71868
37.72687
37.751102
37.828194
37.911896
37.986786
38.14097
38.103523
38.19647
38.174393
38.13024
38.075054
38.20133
38.22345
38.40889
38.326668
38.20222
38.177776
38.191113
38.224445
38.32
38.61778
38.613335
38.628887
38.628887
38.58889
38.47111
38.623608
38.714924
38.824055
38.775055
38.77951
38.824055
38.86607
38.964287
39.013393
39.145412
39.10291
39.035793
39.0179
38.97539
38.88143
38.903805
39.071587
38.94631
38.917225
38.908276
38.859062
39.136467
39.190155
39.25727
39.143177
39.11633
39.27517
39.28475
39.360985
39.28475
39.347534
39.32287
39.373035
39.474155
39.406742
39.46171
39.55856
39.76126
39.81081
39.768017
39.77027
39.756756
39.833332
39.772522
39.722973
39.765766
39.734234
39.79684
39.726864
39.85553
39.758465
39.751694
39.77878
39.765236
39.724606
39.794117
39.819004
39.80317
39.780544
39.780544
39.88662
40.004536
39.995464
40.024944
39.947727
39.986332
39.972664
39.943054
39.993168
39.854214
39.767654
39.801823
39.788155
39.730595
39.93364
39.94279
39.961098
39.88101
39.569794
39.47826
39.430206
39.379864
39.334095
39.334095
39.350113
39.35927
39.295193
39.276886
39.3135
39.29062
39.605503
39.429886
39.4
39.29885
39.195404
39.071266
39.13563
39.112644
39.068966
38.912643
38.91724
38.98848
39.0
38.930874
39.13364
39.235565
39.13395
39.117783
39.18245
39.08545
39.060047
39.060047
39.0485
39.0485
39.016167
38.94688
38.78291
38.73441
38.769054
38.895832
38.88426
38.914352
38.837963
38.828705
38.97448
38.953598
38.960556
38.904873
39.0116
39.13721
39.134884
39.016277
39.03023
39.065117
39.102566
38.993008
38.941727
38.801865
38.843822
38.857807
38.729603
38.696968
38.78271
38.772835
38.728336
38.72365
38.583138
38.531616
38.55972
38.531616
38.51522
38.4637
38.514084
38.64706
38.571766
38.708237
39.05412
39.068233
39.141846
39.014183
39.22695
39.144207
39.158394
39.120567
38.91726
38.981087
38.959812
38.96454
38.973995
38.933807
38.90071
38.886524
38.92435
39.049644
39.515366
39.536644
39.54137
39.539005
39.548462
39.607567
39.583923
39.595745
39.654846
39.567375
39.48227
39.475178
39.40189
39.34752
39.307327
39.20331
39.387707
39.39007
39.375885
39.449173
39.694313
39.736965
39.829384
39.71327
39.65403
39.701424
39.618484
39.630333
39.590046
39.478672
39.482185
39.482185
39.446556
39.535713
39.609524
39.604763
39.657143
39.590477
39.657143
39.607143
39.54524
39.513126
39.224342
39.164677
39.1074
39.0358
39.02864
39.00716
38.97136
39.186157
39.162292
39.00955
39.136364
39.138756
39.110046
39.136364
39.066986
39.0625
39.016827
38.947117
39.026443
39.016827
39.177883
39.223557
39.365383
39.317307
39.30529
39.296387
39.25542
39.236145
39.31325
39.2029
39.231884
39.28744
39.239132
39.157005
39.149757
39.09662
38.997585
38.90338
38.775364
38.811596
38.72222
38.695652
38.68599
38.77778
38.847828
38.7657
38.84541
38.886475
38.90821
38.971016
38.992737
38.953995
39.067795
39.09201
39.288834
39.245743
39.211678
39.177616
39.10949
39.16545
39.10462
39.160976
39.034145
39.02445
38.943764
38.9511
38.894867
38.987774
38.992664
38.914425
38.819073
38.887257
38.92402
38.95098
38.973038
39.0
39.135136
39.002457
38.941032
38.734642
38.81975
38.790123
38.73827
38.72099
38.747524
38.606434
38.62129
38.732674
38.70792
38.73515
38.65099
38.61386
38.62129
38.50495
38.438118
38.410892
38.37871
38.304455
38.289604
38.28713
38.34901
38.326733
38.383663
38.488834
38.424316
38.475124
38.42786
38.482586
38.4204
38.5
38.562187
38.584576
38.502487
38.465176
38.328358
38.42394
38.394016
38.394016
38.48379
38.446384
38.411472
38.389027
38.30424
38.182045
38.147133
38.095238
38.14035
38.050125
37.96742
37.857143
37.90727
37.95238
37.864662
37.70854
37.829147
37.92947
38.002518
38.073048
38.219143
38.289673
38.371212
38.325756
38.38384
38.34596
38.295456
38.265152
38.262627
38.22222
38.378788
38.439392
38.469696
38.405064
38.47848
38.498734
38.50886
38.483543
38.52152
38.501266
38.58228
38.678482
38.61519
38.60253
38.67595
38.78228
38.772152
38.873096
38.893402
38.865482
38.979645
39.038166
40.93384
40.979645
41.010178
40.91603
40.89822
40.946564
40.984734
40.97201
40.862595
40.791348
40.704834
40.806614
40.788803
40.692112
40.70229
40.770992
40.81934
40.834606
40.6743
40.737915
40.704834
40.79389
41.025444
41.015266
41.211735
41.461735
41.336735
41.267857
41.22194
41.170918
41.206635
41.14541
41.015305
41.002552
40.976982
41.020462
41.344475
41.340206
41.57513
41.62435
41.471504
41.49482
41.448185
41.437824
41.440414
41.183937
41.15026
41.15285
41.267532
41.2026
41.197403
41.18961
41.077923
41.14026
41.260418
41.23698
41.286457
41.390625
41.583332
41.734375
41.838543
41.773438
41.684895
41.695312
41.739582
41.703125
41.770832
41.692707
41.65625
41.603134
41.522194
41.643044
41.592106
41.61842
41.62105
41.688656
41.609497
41.617413
41.725594
41.820107
41.714287
41.738094
41.693123
41.713528
41.67374
41.700264
41.541115
41.52785
41.49602
41.490715
41.49337
41.43236
41.44032
41.310345
41.2626
41.318302
41.236073
41.29178
41.37666
41.25995
41.087532
41.023872
41.039787
41.090187
41.38196
41.387268
41.188328
41.164455
39.458885
39.75733
