15.188
20.209
24.323
27.245
29.05
30.797
31.978
33.329
35.258
37.361
38.841
39.247
39.643
40.279
40.441
41.405
42.174
42.572
43.585
44.055
43.772
43.617
44.018
43.806
44.369
44.387
44.481
44.693
44.767
45.186
45.234
44.891
44.825
44.319
44.726
44.812
45.087
45.181
45.055
45.098
44.956
44.769
45.104
45.102
45.188
44.858
44.755
44.928
45.108
44.891
44.804
44.464
44.67
44.767
44.445
43.951
43.326
43.076
43.731
44.486
44.75
44.313
44.288
44.16
44.046
44.629
44.776
44.848
44.61
44.624
44.488
44.298
43.878
43.876
44.105
44.328
44.047
44.085
43.855
43.196
42.864
42.899
42.794
42.477
42.407
42.543
43.27
43.346
42.556
41.825
40.906
40.078
39.363
38.499
37.39
36.049
34.768
33.028
30.772
28.51
