951.006
961.46
968.016
981.086
987.766
1004.381
1014.643
1023.061
1029.019
1036.456
1042.531
1051.074
1063.561
1068.91
1077.016
1081.889
1088.663
1095.46
1101.19
1107.965
1115.044
1126.375
1132.555
1138.464
1145.398
1154.189
1166.271
1171.62
1178.474
1186.724
1194.609
1202.371
1211.019
1217.783
1227.257
1237.251
1247.39
1255.281
1261.512
1270.198
1279.214
1290.103
1300.324
1309.143
1317.692
1326.181
1345.361
1353.637
1360.501
1368.525
1377.757
1391.054
1401.647
1413.756
1422.195
1429.643
1438.716
1448.263
1454.404
1461.624
1470.038
1477.012
1484.796
1492.553
1497.248
1499.296
1506.175
1513.931
1520.451
1530.003
1544.909
1554.003
1573.16
1582.017
1592.153
1602.271
1610.41
1618.663
1624.703
1635.299
1645.384
1656.204
1666.519
1677.142
1685.082
1693.652
1704.14
1713.586
1722.321
1731.118
1745.8
1746.282
1754.378
1769.805
1777.878
1784.235
1799.779
1809.284
1816.812
1827.295
1833.131
1842.442
1848.177
1854.817
1866.627
1872.128
1878.925
1894.287
1896.1182
1907.1051
1905.2893
1912.6096
1915.6967
1922.6216
1932.3134
1941.8639
1951.3954
1958.037
1963.4655
1966.1102
1974.7365
1981.6804
1978.2936
1983.6093
1986.3376
1993.6393
1995.0521
1998.955
2006.5922
2011.1724
2008.9369
2013.9329
2015.8527
2017.8527
2023.2896
2020.4069
2025.7705
2025.6954
2023.3838
2028.0181
2029.4229
2031.9438
2036.501
2040.3507
2036.6423
2035.0271
2036.3326
2037.1533
2040.6343
2041.1473
2041.055
2042.6512
2041.507
2048.2915
2058.1772
2062.2004
2064.7205
2068.0833
2064.5542
2064.7224
2063.0352
2064.7566
2068.7153
2070.2544
2074.2114
2076.6382
2083.3877
2088.919
2093.2556
2099.2224
2101.7153
2108.911
2112.8196
2114.7185
2117.3367
2115.4177
2121.616
2127.2578
2128.0842
2131.9058
2133.695
2130.5457
2133.5437
2130.8486
2128.8254
2130.679
2136.6821
2146.2356
2155.673
2156.8435
2155.6519
2158.303
2162.1433
2163.95
2160.7864
2164.661
2166.5527
2176.4224
2180.2778
2177.9106
2177.8977
2175.36
2170.8406
2172.6099
2174.9739
2176.618
2182.342
2178.931
2181.8677
2182.8477
2188.1545
2183.64
2179.336
2185.707
2186.8025
2187.3782
2191.1736
2194.1575
2193.3862
2196.4202
2197.2397
2204.343
2205.2559
2201.332
2195.8325
2197.3762
2206.9229
2212.5266
2216.1152
2212.8513
2216.213
2217.0684
2217.6978
2216.6074
2211.8313
2211.774
2210.7266
2215.2502
2218.781
2219.196
2219.5137
2222.9016
2229.2664
2230.973
2230.3337
2233.7507
2241.3396
2251.9326
2245.218
2249.5046
2254.343
2252.3923
2254.2234
2258.7686
2259.5237
2261.0835
2261.0796
2250.7341
2248.292
2251.2256
2250.6707
2252.876
2248.259
2244.4365
2242.9194
2247.1533
2262.277
2261.76
2255.0806
2249.878
2252.6794
2252.7346
2246.3823
2244.9565
2239.0454
2225.6992
2225.9414
2224.6196
2227.5398
2234.4424
2230.887
2235.9424
2234.9202
2236.638
2241.2722
2238.5415
2241.0618
2239.7266
2232.165
2233.526
2229.8083
2224.646
2221.7302
2222.6096
2221.8743
2219.785
2222.7808
2227.4097
2225.7034
2225.5132
2220.8608
2225.3342
2226.9868
2224.1067
2219.7542
2208.5408
2208.7627
2202.0928
2200.8086
2198.4133
2193.224
2188.7637
2175.0754
2175.4485
2173.9133
2172.1724
2156.998
2155.799
2156.7205
2152.9
2151.098
2150.9714
2146.9243
2148.1094
2151.9907
2156.3262
2162.788
2159.387
2162.5195
2163.7568
2161.96
2160.9497
2156.0657
2159.62
2163.1418
2166.1223
2163.5916
2159.7407
2162.8909
2155.4038
2159.1997
2160.201
2163.034
2166.4097
2166.454
2170.8738
2177.792
2183.1948
2184.2644
2181.5608
2182.0332
2181.745
2173.0938
2173.674
2172.4036
2174.311
2172.2688
2168.1433
2168.3508
2168.7205
2162.8335
2163.6655
2164.1362
2159.718
2168.6987
2162.563
2159.3403
2154.4958
2150.3992
2147.329
2151.056
2151.5159
2151.7803
2151.4065
2148.8901
2151.6677
2146.598
2148.6409
2163.2014
2162.17
2150.5828
2151.3916
2154.9788
2154.8074
2155.1938
2148.8743
2155.2356
2144.6646
2133.4888
2132.3298
2139.37
2133.8464
2134.03
2130.5527
2135.423
2140.7542
2137.4866
2139.2183
2135.6833
2132.2188
2122.718
2116.152
2114.43
2114.2854
2116.693
2116.1223
2098.9365
2100.7036
2093.7517
2084.862
2079.2822
2081.294
2080.999
2077.854
2066.4468
2064.1558
2064.3184
2053.356
2054.45
2054.8896
2055.9482
2053.211
2050.483
2041.0099
2039.2408
2031.8099
2029.8154
2037.5431
2038.5958
2037.7295
2044.2078
2031.4922
2027.18
2026.4961
2019.1512
2008.611
2002.0624
2004.3456
2004.5779
1997.8275
1995.9126
1990.6831
1985.9071
1979.729
1978.0908
1975.8687
1983.6517
1984.9347
1975.5903
1976.12
1974.6311
1975.9432
1985.2283
1983.0446
1975.0618
1969.8823
1973.7649
1968.3237
1965.7517
1964.0092
1957.5892
1960.3961
1964.8428
1964.3711
1961.6077
1956.3097
1947.7631
1937.683
1939.254
1935.8741
1942.2156
1944.2441
1944.4836
1941.3829
1940.1196
1938.9355
1938.8551
1937.8679
1947.3832
1942.9514
1943.4554
1946.0942
1958.596
1956.9194
1955.2299
1940.8677
1939.5675
1936.3865
1935.2189
1936.5424
1943.4395
1937.8739
1939.6675
1940.837
1940.3549
1955.2323
1949.3182
1952.4553
1950.2405
1962.0259
1962.7568
1960.242
1974.3462
1964.046
1971.505
1962.3779
1961.6378
1959.9974
1955.8206
1955.157
1960.2214
1962.5227
1962.2888
1957.2548
1957.1503
1969.5714
1969.1302
1970.8962
1973.5406
1979.2666
1979.2504
1972.4496
1969.7427
1969.3542
1965.7098
1960.4344
1961.1691
1954.823
1950.5441
1947.2494
1946.1467
1944.433
1943.0975
1941.9922
1935.1456
1934.3278
1939.0314
1938.3982
1940.5419
1940.9515
1939.2218
1929.7224
1937.479
1932.2302
1932.8496
1928.4961
1926.1863
1929.9644
1931.299
1933.1166
1935.1154
1932.2139
1930.9429
1926.7473
1919.1492
1918.984
1917.8104
1909.7277
1909.7631
1902.3137
1905.004
1912.4011
1904.7166
1903.4535
1899.3171
1900.1045
1901.8057
1900.2378
1898.549
1903.1279
1907.2473
1905.3077
1906.6763
1903.2496
1906.2269
1904.5647
1910.3517
1911.0206
1900.5228
1900.0374
1899.7327
1904.7861
1911.4441
1909.2639
1906.3931
1913.856
1918.7511
1916.2335
1915.6443
1920.2227
1924.3179
1928.3516
1917.2198
1916.8873
1913.4282
1928.2268
1926.7086
1925.464
1923.546
1925.3602
1943.9169
1950.6163
1953.736
1950.6213
1961.6458
1956.6749
1951.2821
1946.6052
1945.246
1942.7994
1944.8241
1956.0619
1948.9956
1940.7751
1952.0149
1953.2184
1948.9391
1952.4553
1953.4083
1956.1211
1950.6084
1947.0
1951.7482
1952.5826
1947.2542
1948.8208
1946.727
1944.2126
1934.7296
1941.5537
1942.3633
1933.7915
1942.7462
1945.6426
1940.9401
1942.3518
1955.4838
1964.4
1960.8403
1959.6853
1965.2676
1966.3909
1964.9307
1968.0173
1956.8441
1955.8455
1956.7452
1956.0522
1972.5372
1969.6941
1972.4905
1969.646
1963.4207
1955.0302
1956.3971
1954.4641
1960.7476
1962.6565
1965.5765
1965.0016
1962.2019
1973.4546
1976.7252
1980.14
1974.3893
1977.732
1976.8298
1980.1049
1974.8082
1978.1448
1968.3569
1963.949
1968.8152
1967.9818
1984.8992
1984.5787
1981.814
1985.4083
1980.384
1960.9264
1952.8087
1956.6746
1954.9392
1955.261
1953.5662
1950.3169
1948.5256
1944.3687
1937.4863
1931.8202
1929.9021
1934.8606
1923.4751
1919.697
1909.2413
1911.6096
1907.4093
1908.2318
1909.5858
1909.7096
1906.3502
1900.7334
1897.7644
1900.0806
1900.3701
1893.2495
1897.0264
1909.6356
1907.6403
1901.679
1898.784
1903.164
1901.1622
1909.5385
1905.3878
1901.2621
1888.7032
1882.4198
1885.6691
1882.6528
1877.9458
1876.8662
1875.058
1882.9763
1889.4744
1886.1707
1880.6
1871.9927
1872.1144
1869.5748
1866.0499
1860.7792
1859.5903
1858.0038
1858.4214
1856.9475
1854.4409
1843.151
1845.4962
1842.8599
1842.4288
1838.3549
1835.192
1827.7585
1826.0286
1829.3518
1829.272
1826.7423
1819.4211
1825.0635
1821.4712
1822.0693
1812.2139
1807.2297
1800.118
1808.3204
1808.6492
1804.4736
1816.0625
1817.698
1816.5677
1816.7343
1821.7327
1844.0496
1846.0557
1853.6487
1862.231
1855.8574
1862.6923
1872.9817
1880.5071
1881.1552
1880.3701
1889.8518
1898.8198
1888.4791
1880.4342
1885.8242
1886.8638
1883.891
1885.1031
1877.8842
1875.64
1886.3827
1890.4989
1886.1146
1886.1106
1881.7719
1875.5671
1875.902
1881.3953
1887.7067
1884.4176
1883.0685
1887.515
1886.06
1881.5215
1867.6516
1860.6818
1867.4526
1867.2224
1865.1317
1866.7009
1862.5558
1859.0438
1854.535
1849.4276
1858.4393
1853.4646
1854.1442
1849.7394
1843.9911
1851.17
1848.6517
1844.6561
1852.9796
1854.4419
1852.0592
1846.6993
1845.4897
1843.3325
1835.7517
1834.7694
1836.3776
1843.0
1847.7893
1846.8004
1844.819
1841.9977
1840.4196
1829.0256
1825.5585
1830.75
1832.1522
1837.1675
1828.7329
1840.209
1840.6285
1842.0287
1830.6182
1832.7153
1831.6531
1838.0383
1835.6875
1833.6361
1814.903
1809.3689
1810.0704
1809.7355
1810.438
1804.2798
1799.4088
1798.5317
1797.2244
1802.2924
1797.5481
1797.1387
1793.2847
1786.3069
1788.8635
1797.0697
1806.4171
1808.8589
1811.1115
1815.8984
1818.873
1820.4183
1813.6394
1809.5703
1810.641
1811.9152
1807.5244
1795.3342
1791.2211
1795.6615
1791.7649
1792.1917
1784.0702
1791.7644
1782.063
1772.3334
1772.3649
1770.2764
1765.4158
1770.3103
1769.4722
1772.136
1772.746
1794.7339
1790.43
1798.1111
1802.5205
1798.2684
1792.5507
1786.3792
1787.0276
1792.6427
1798.1056
1790.6056
1794.5682
1796.9163
1795.5559
1780.7871
1776.4762
1772.6246
1770.0392
1767.9803
1763.7949
1754.913
1749.8933
1749.093
1755.609
1760.466
1757.6193
1772.9138
1773.2795
1778.9391
1782.1575
1781.0
1780.1052
1787.1794
1785.5853
1784.5411
1793.8368
1797.3533
1794.9219
1786.1321
1782.1952
1783.0874
1779.9033
1777.3921
1770.623
1778.1981
1785.841
1783.4128
1786.4264
1783.7516
1768.6257
1769.7484
1768.132
1765.9631
1764.6411
1762.4233
1767.8885
1763.774
1767.7329
1769.377
1773.7406
1785.6698
1788.2808
1797.9175
1800.1592
1814.9196
1814.045
1808.3312
1806.4598
1810.8479
1813.7727
1813.289
1807.2013
1798.7662
1808.8595
1824.3376
1823.2328
1828.2073
1830.9307
1840.1158
1840.9205
1844.4851
1841.4518
1838.6279
1838.7476
1838.4485
1842.41
1840.9734
1846.9164
1844.2542
1848.7684
1846.4229
1845.0977
1838.2863
1834.1818
1832.596
1841.1986
1841.4142
1837.8317
1849.2694
1853.8683
1852.3987
1842.4847
1826.4983
1831.381
1832.8027
1829.6075
1802.1781
1802.798
1806.5828
1820.4242
1826.8512
1828.1592
1831.5243
1830.7709
1831.0416
1838.7839
1844.5664
1843.7063
1831.958
1831.6853
1828.3986
1829.1469
1826.5559
1829.437
1831.9614
1830.6
1826.6737
1822.6947
1820.3368
1819.6456
1817.1158
1814.2667
1811.3579
1813.7922
1816.514
1811.9507
1817.8551
1814.947
1809.5759
1816.8475
1816.0035
1810.0319
1810.0212
1807.3582
1805.7908
1803.11
1812.5964
1786.4429
1785.3214
1786.8822
1791.6129
1787.0143
1785.7205
1779.3921
1775.9856
1780.5632
1780.7798
1780.7617
1781.1191
1782.9891
1777.657
1780.4637
1778.5289
1782.56
1781.7455
1780.2545
1780.4359
1776.1685
1774.9231
1772.4689
1769.1538
1772.5515
1792.9191
1804.8015
1800.864
1801.3052
1799.8162
1796.0073
1791.1104
1799.6753
1792.8672
1800.6185
1805.3074
1814.6692
1815.1859
1810.8588
1812.3246
1810.6268
1808.3396
1806.5074
1807.347
1805.6604
1806.25
1804.0112
1802.153
1801.168
1801.1978
1813.764
1814.6517
1810.4719
1810.2059
1812.8615
1809.985
1815.6052
1819.8302
1817.6981
1823.7084
1836.6666
1832.6742
1815.9735
1815.8105
1813.6023
1814.2954
1813.6628
1819.2966
1823.1863
1828.9962
1825.6068
1822.1947
1820.3778
1817.0038
1817.7748
1815.1985
1812.1603
1816.1992
1824.6437
1831.3295
1830.931
1828.0958
1830.5347
1834.915
1782.3334
1787.1829
1785.8755
1790.2607
1787.4747
1788.0156
1779.4086
1778.7665
1781.0662
1824.4236
1824.1294
1826.6746
1828.7677
1826.2401
1822.5472
1830.8695
1828.8735
1827.174
1825.0869
1825.8774
1824.7194
1823.9683
1822.4603
1825.1904
1825.1865
1826.4104
1822.0479
1811.5618
1811.2191
1816.86
1829.332
1840.168
1846.5502
1843.2955
1839.9797
1855.7733
1851.5385
1853.5911
1862.7683
1870.0367
1869.9429
1886.6409
1885.6041
1884.3429
1890.6558
1886.2295
1882.8606
1888.0411
1886.2386
1879.3416
1872.062
1877.1204
1844.7345
1837.8381
1833.1909
1828.5519
1841.3347
1838.0084
1836.6193
1837.6401
1834.7949
1827.0712
1822.7072
1828.0084
1822.4033
1820.9033
1829.8818
1830.7427
1827.1519
1825.0
1827.7288
1827.2128
1825.051
1830.6111
1835.9828
1834.073
1830.8712
1829.3605
1822.3434
1798.5322
1776.5022
1775.6953
1772.3562
1767.6438
1763.2661
1751.206
1759.2241
1759.1337
1758.2759
1755.4569
1753.0474
1732.6163
1733.2802
1735.487
1743.737
1745.0518
1744.987
1749.1775
1767.1342
1764.342
1759.5627
1754.1948
1751.1904
1754.026
1752.5392
1749.6478
1743.7826
1744.5869
1742.6478
1746.0131
1751.1266
1750.6725
1750.0961
1754.0044
1751.7074
1747.6332
1744.8777
1729.1703
1729.2096
1729.227
1729.0044
1733.5438
1730.3246
1737.7699
1737.1018
1736.0973
1739.1549
1723.5442
1699.854
1694.5133
1708.6814
1705.5841
1706.0664
1705.3142
1706.969
1706.1593
1709.885
1708.4292
1740.0487
1739.7655
1745.8223
1744.4933
1744.0
1743.0178
1743.3689
1741.1644
1742.0667
1739.8134
1738.32
1736.4312
1732.7422
1739.9642
1738.1072
1749.5946
1757.0905
1755.2625
1751.2489
1748.095
1749.3303
1744.1628
1742.7104
1745.4706
1750.65
1750.9773
1751.5863
1763.7762
1760.4384
1767.2706
1762.8074
1781.6991
1781.5927
1809.7302
1818.9019
1811.5608
1814.6902
1813.0328
1813.7981
1815.1221
1816.1971
1818.3708
1825.554
1814.5962
1816.7183
1815.6056
1815.5117
1814.6902
1812.7512
1830.4366
1831.4835
1834.3615
1836.2301
1839.2394
1836.2676
1833.0892
1826.6385
1820.2676
1816.8075
1819.6056
1820.1267
1820.3615
1821.0516
1823.615
1825.2394
1824.3522
1820.6292
1817.7793
1816.7324
1779.5305
1776.2817
1778.5048
1775.1321
1773.8821
1770.8302
1769.085
1766.4056
1766.3679
1768.3915
1776.3887
1776.4834
1772.1943
1771.9905
1768.1564
1776.5143
1779.7476
1788.5406
1784.1627
1780.1483
1779.0957
1786.9615
1785.9182
1787.6731
1784.1971
1784.0865
1791.9904
1797.1407
1801.5073
1791.2341
1785.5804
1785.5951
1794.8383
1794.4559
1800.8572
1798.9507
1804.396
1802.0792
1796.9357
1798.7871
1798.3713
1804.396
1804.4626
1806.1443
1808.995
1807.01
1803.7313
1829.61
1825.39
1821.99
1816.685
1813.295
1795.211
1794.2664
1795.5303
1788.6111
1787.1869
1756.6666
1737.2234
1737.7361
1736.7512
1738.868
1738.7107
1735.5889
1734.3807
1733.873
1730.4772
1733.3655
1734.3401
1738.9031
1734.5306
1731.3418
1727.8776
1724.6123
1719.1224
1714.5255
1707.7397
1706.051
1705.7704
1711.9694
1712.7194
1709.8265
1708.1683
1714.3334
1719.1804
1725.2747
1722.8394
1723.9949
1722.9275
1726.5544
1725.1761
1726.1666
1724.8021
1722.8802
1731.4293
1731.7278
1738.9421
1741.4843
1782.0579
1781.2579
1782.9684
1785.6105
1783.921
1782.2158
1778.9263
1778.2684
1776.8527
1774.5316
1773.2053
1774.1052
1773.3684
1789.6649
1786.1011
1788.8511
1784.5691
1795.5187
1792.7808
1792.0695
1788.2513
1788.2085
1790.6738
1797.1666
1795.3441
1794.8387
1791.5269
1788.699
1796.9409
1793.129
1792.5269
1790.7258
1798.9297
1799.9406
1794.3243
1792.1351
1766.6957
1773.929
1779.9727
1778.306
1777.0819
1778.224
1773.5519
1774.2186
1774.7158
1772.765
1777.478
1795.4176
1798.0604
1790.3462
1788.3846
1788.5879
1787.978
1798.5635
1798.779
1800.8674
1802.1381
1813.4309
1812.9447
1818.789
1818.3833
1839.6777
1835.6389
1832.5444
1828.7222
1826.7222
1811.1888
1811.211
1814.5278
1812.3944
1810.5333
1805.35
1804.4944
1803.1833
1801.5222
1801.134
1799.4692
1804.1956
1805.2682
1803.9609
1797.4749
1813.7207
1810.028
1817.3033
1798.4495
1796.9944
1792.5842
1800.5819
1797.5933
1795.9491
1791.1243
1789.0905
1786.7119
1782.9209
1780.8466
1785.1143
1780.36
1747.6172
1720.2628
1713.9429
1704.8114
1696.9028
1706.3029
1701.3029
1695.8457
1694.68
1690.3657
1689.1029
1685.64
1684.6458
1682.7314
1683.0057
1668.1543
1663.7142
1660.5314
1655.0
1651.0115
1653.5942
1669.5607
1669.0809
1672.1105
1678.1578
1676.6608
1673.8422
1671.614
1672.5353
1672.2412
1672.4823
1672.8
1671.7235
1668.5941
1664.1235
1665.1882
1663.0177
1659.6647
1666.2367
1662.4497
1671.9464
1669.8274
1665.5952
1663.494
1659.7202
1654.2202
1657.3054
1653.1497
1648.1377
1646.9042
1643.6047
1654.7185
1647.1317
1642.6647
1640.7426
1635.6527
1632.1198
1611.3473
1608.7964
1611.3413
1604.9761
1610.3735
1605.4337
1600.476
1594.0723
1595.5697
1624.6
1632.2012
1635.1708
1637.317
1646.9939
1644.8231
1655.6503
1656.0859
1652.9694
1661.7593
1668.1366
1678.1438
1687.5786
1687.1006
1684.4717
1678.7484
1675.239
1671.9056
1646.4403
1641.0063
1650.981
1647.2721
1645.4684
1640.2216
1642.6329
1651.8535
1648.7389
1659.4423
1658.8141
1657.5962
1665.5161
1672.8052
1674.0065
1675.7858
1675.8376
1677.5845
1681.7662
1676.617
1681.7013
1689.2288
1687.2941
1696.1052
1694.3552
1691.6908
1691.4606
1687.8486
1700.1523
1705.2933
1713.3154
1707.5839
1706.8456
1708.5879
1707.8041
1707.331
1704.7703
1699.2365
1697.25
1691.9054
1691.777
1689.6892
1707.5753
1703.1096
1695.7877
1694.2808
1689.2877
1686.3014
1680.5343
1691.3035
1687.4069
1675.2827
1671.7103
1666.4276
1662.5518
1659.6345
1669.0278
1676.5525
1673.5594
1670.979
1668.8672
1665.7693
1676.0634
1676.5845
1668.1478
1709.7747
1702.6971
1701.0916
1695.838
1693.986
1692.6409
1687.2113
1689.3098
1689.2535
1683.8309
1680.8591
1674.7535
1673.7465
1672.4718
1672.6971
1677.8662
1674.8029
1677.5986
1673.9014
1673.9929
1674.7324
1666.5071
1658.7042
1657.662
1656.824
1655.4648
1653.0422
1653.1549
1650.5352
1647.176
1643.3309
1636.7394
1633.6056
1639.0568
1636.0497
1632.1631
1631.6595
1629.1702
1621.3049
1621.9574
1619.6525
1617.688
1609.6595
1603.6595
1599.9149
1596.1489
1598.8286
1627.9714
1624.3286
1618.8214
1633.0145
1626.2391
1582.9565
1575.8334
1568.3623
1563.616
1556.8695
1548.1377
1550.343
1551.25
1545.9706
1543.5441
1541.4044
1541.0441
1546.6741
1544.5555
1546.4814
1544.8223
1541.0444
1540.1333
1539.274
1530.2963
1527.9852
1536.2388
1537.0149
1537.5746
1534.2687
1536.903
1537.4478
1548.7687
1550.1418
1541.5896
1541.7462
1541.291
1541.1194
1540.3135
1539.6343
1537.3806
1535.291
1545.1804
1547.1804
1550.0602
1583.173
1584.6692
1596.7803
1607.374
1616.7924
1612.2461
1610.8616
1606.8923
1607.6923
1603.5615
1602.5
1597.777
1609.1705
1608.31
1606.186
1605.7131
1606.3024
1600.4496
1593.5039
1600.4297
1611.0867
1615.1497
1618.8503
1617.3544
1620.6221
1617.0079
1610.685
1608.3544
1606.4646
1605.1024
1603.8976
1603.2441
1610.6349
1604.4841
1602.2063
1599.3413
1595.7142
1593.3969
1589.754
1583.8889
1584.9207
1575.3889
1584.52
1579.744
1577.992
1575.648
1570.36
1567.912
1561.592
1571.4274
1567.5161
1556.5403
1555.9354
1550.5807
1548.008
1544.6451
1541.7822
1539.129
1537.9274
1535.6854
1533.3629
1528.7097
1536.3496
1558.124
1552.0579
1540.725
1537.375
1547.4417
1543.6833
1568.7457
1564.4323
1562.5
1553.8729
1553.9576
1552.678
1545.678
1542.4153
1539.6356
1534.805
1532.305
1528.1271
1530.839
1523.2627
1538.4103
1532.7949
1531.2565
1524.265
1492.638
1487.0
1484.1982
1477.3793
1472.2931
1477.4138
1477.1552
1483.7653
1480.8522
1481.8783
1491.614
1486.8422
1494.2212
1499.3303
1488.5983
1492.6306
1485.9819
1481.4595
1480.3694
1482.3964
1481.3694
1479.4324
1478.7478
1475.5496
1473.1621
1469.7567
1467.955
1463.991
1474.6909
1486.9908
1479.5413
1478.7982
1485.1666
1485.6204
1483.1759
1474.8055
1469.4722
1468.5741
1463.0555
1456.9907
1456.287
1453.6111
1450.5186
1451.6018
1450.8148
1449.1389
1447.5648
1456.8878
1447.7196
1470.3143
1476.0193
1472.0962
1471.4135
1506.3628
1505.2646
1507.0491
1503.7549
1500.196
1497.2646
1505.2673
1507.0792
1505.1683
1501.8119
1497.7623
1493.4159
1494.703
1476.1782
1489.82
1492.59
1507.5858
1522.8877
1538.7732
1535.9279
1570.4421
1565.3474
1565.2737
1564.3684
1560.5264
1561.6211
1557.2737
1554.1263
1548.0
1544.579
1558.8085
1558.1063
1561.7021
1560.6915
1559.6915
1553.6063
1549.6702
1568.3118
1564.9032
1575.7174
1570.1631
1585.3956
1578.5714
1578.3956
1574.044
1570.6263
1571.8792
1571.2307
1568.8572
1568.0989
1580.0
1580.6777
1579.711
1577.3778
1573.9333
1568.8
1568.0889
1566.1
1566.1333
1567.3223
1578.2584
1578.236
1576.4382
1575.0674
1574.0898
1571.4944
1567.1123
1560.5227
1558.284
1556.6704
1551.125
1542.409
1542.716
1537.1704
1532.4546
1563.5
1564.2094
1559.8489
1561.1046
1560.0581
1561.1744
1559.4535
1557.686
1554.686
1550.6976
1542.7675
1542.8954
1544.7675
1539.6046
1535.686
1529.9302
1547.8235
1544.8353
1539.7882
1539.3647
1535.0706
1536.1294
1531.3059
