471.264
587.8
698.502
798.537
906.705
1010.298
1114.627
1213.701
1294.743
1366.31
1440.149
1510.446
1554.489
1606.587
1670.639
1719.247
1762.664
1810.976
1860.322
1903.237
1939.783
1976.942
2006.903
2063.792
2077.655
2088.971
2106.048
2139.322
2170.71
2197.023
2228.407
2247.706
2272.754
2288.194
2316.043
2334.988
2337.208
2344.301
2345.895
2369.787
2380.785
2387.244
2388.136
2399.142
2408.747
2435.985
2452.248
2450.269
2444.774
2445.87
2451.969
2481.336
2483.684
2482.713
2476.761
2463.761
2450.597
2445.133
2428.917
2422.92
2412.232
2406.009
2401.245
2397.536
2386.127
2381.273
2375.382
2393.122
2380.233
2372.553
2358.578
2322.736
2296.745
2259.154
2229.928
2209.239
2191.795
2176.956
2165.374
2145.621
2115.977
2086.943
2046.732
1999.762
1946.042
1881.167
1833.535
1797.67
1756.644
1698.523
1634.284
1554.026
1487.545
1416.923
1348.466
1275.692
1199.598
1134.233
1071.3
992.884
