BISCUITqc CpG Depth Distribution (All)
depth	count
0	15772241
1	2545196
2	1628489
3	670601
4	448827
5	231341
6	164396
7	96303
8	72498
9	45531
10	37072
11	24187
12	20768
13	13490
14	12649
15	8197
16	8323
17	5342
18	5613
19	3634
20	4002
21	2562
22	3022
23	1971
24	2352
25	1473
26	1847
27	1159
28	1540
29	911
30	1352
31	817
32	1111
33	687
34	962
35	641
36	863
37	545
38	731
39	439
40	680
41	413
42	598
43	364
44	591
45	309
46	505
47	311
48	504
49	302
50	410
51	245
52	418
53	250
54	365
55	232
56	315
57	234
58	347
59	181
60	300
61	176
62	289
63	167
64	216
65	161
66	236
67	168
68	253
69	140
70	207
71	142
72	250
73	131
74	187
75	149
76	193
77	120
78	159
79	130
80	191
81	141
82	146
83	105
84	196
85	93
86	132
87	79
88	145
89	69
90	146
91	95
92	149
93	95
94	114
95	81
96	128
97	71
98	123
99	87
100	117
101	74
102	98
103	73
104	98
105	79
106	73
107	51
108	90
109	64
110	89
111	65
112	89
113	64
114	107
115	55
116	95
117	72
118	63
119	46
120	67
121	71
122	87
123	54
124	72
125	44
126	63
127	40
128	64
129	59
130	60
131	42
132	57
133	54
134	65
135	43
136	68
137	38
138	55
139	42
140	35
141	62
142	52
143	25
144	69
145	43
146	58
147	39
148	50
149	40
150	51
151	35
152	49
153	32
154	42
155	33
156	45
157	30
158	31
159	41
160	33
161	26
162	49
163	29
164	39
165	32
166	28
167	38
168	31
169	35
170	44
171	22
172	44
173	39
174	44
175	36
176	36
177	30
178	29
179	32
180	31
181	38
182	46
183	29
184	55
185	37
186	35
187	27
188	23
189	21
190	41
191	22
192	30
193	28
194	24
195	20
196	29
197	26
198	31
199	29
200	20
201	28
202	30
203	19
204	34
205	31
206	29
207	16
208	33
209	27
210	32
211	29
212	31
213	20
214	25
215	20
216	27
217	20
218	27
219	24
220	19
221	15
222	18
223	17
224	17
225	23
226	11
227	30
228	23
229	22
230	20
231	36
232	27
233	16
234	21
235	20
236	17
237	27
238	24
239	8
240	21
241	14
242	13
243	14
244	23
245	22
246	28
247	16
248	20
249	11
250	23
251	20
252	21
253	16
254	13
255	11
256	14
257	19
258	25
259	14
260	13
261	15
262	17
263	19
264	24
265	13
266	29
267	18
268	19
269	14
270	20
271	14
272	16
273	19
274	22
275	22
276	16
277	11
278	15
279	22
280	18
281	17
282	10
283	28
284	22
285	12
286	22
287	19
288	18
289	20
290	9
291	7
292	8
293	15
294	18
295	7
296	13
297	17
298	9
299	12
300	22
301	11
302	16
303	7
304	18
305	22
306	18
307	8
308	16
309	8
310	15
311	18
312	18
313	10
314	12
315	7
316	10
317	17
318	11
319	10
320	13
321	10
322	9
323	9
324	11
325	6
326	11
327	16
328	10
329	13
330	17
331	9
332	19
333	17
334	11
335	12
336	18
337	11
338	20
339	10
340	5
341	8
342	4
343	7
344	6
345	10
346	10
347	12
348	3
349	8
350	14
351	15
352	8
353	4
354	9
355	5
356	6
357	5
358	14
359	3
360	9
361	7
362	10
363	5
364	7
365	7
366	12
367	9
368	6
369	6
370	11
371	8
372	9
373	7
374	8
375	6
376	14
377	10
378	5
379	12
380	10
381	2
382	3
383	9
384	8
385	10
386	7
387	11
388	4
389	4
390	8
391	8
392	10
393	6
394	6
395	2
396	5
397	4
398	7
399	5
400	9
401	7
402	9
403	4
404	6
405	10
406	11
407	3
408	7
409	6
410	10
411	8
412	11
413	3
414	13
415	7
416	6
417	4
418	7
419	8
420	6
421	14
422	9
423	7
424	13
425	9
426	10
427	4
428	1
429	13
430	7
431	8
432	9
433	9
434	8
435	3
436	10
437	4
438	1
439	3
440	6
441	8
442	13
443	3
444	3
445	1
446	5
447	6
448	4
449	3
450	5
451	6
452	8
453	5
454	6
455	4
456	7
457	5
458	5
459	8
460	5
461	8
462	6
463	5
464	4
465	1
466	11
467	8
468	8
469	4
470	3
471	5
472	2
473	2
474	5
475	3
476	6
477	2
478	3
479	5
480	5
481	5
482	4
483	3
484	5
485	6
486	2
487	7
488	3
489	5
490	3
491	3
492	3
493	5
494	9
495	4
496	5
497	4
498	5
499	6
500	3
501	2
502	4
503	5
504	6
505	1
506	2
507	3
508	3
509	11
510	4
511	3
512	1
513	6
515	1
516	5
517	3
518	5
519	3
520	1
521	2
522	3
523	1
524	2
525	1
526	10
527	5
528	5
529	3
530	2
531	4
532	2
533	3
534	2
535	3
536	8
537	5
538	1
539	1
540	4
541	3
542	3
543	6
544	5
545	6
546	4
547	3
548	5
549	3
550	3
551	7
552	2
553	3
554	10
555	4
556	3
557	3
558	2
559	2
560	4
561	3
562	2
563	3
564	8
565	2
566	1
567	6
568	1
569	5
570	7
571	3
572	5
573	1
574	5
575	2
576	9
577	4
578	4
579	5
580	2
581	1
582	6
583	2
584	3
585	1
586	3
587	3
588	5
589	2
590	2
591	1
592	1
593	5
594	2
595	4
596	4
597	4
598	6
599	3
600	1
602	6
603	7
604	3
605	3
606	3
607	1
610	3
611	1
613	1
614	1
615	1
616	2
617	3
618	3
619	4
620	6
621	1
622	4
623	6
624	4
625	1
626	7
627	2
628	4
629	2
630	2
631	2
632	6
633	3
634	3
636	1
638	1
639	4
640	2
641	2
642	3
645	2
646	1
647	4
648	6
649	5
650	3
651	3
652	7
653	4
654	2
655	2
656	3
657	2
658	3
659	4
660	2
661	1
662	3
663	5
665	3
666	1
667	3
668	2
669	7
670	2
671	2
672	1
673	4
674	1
675	2
676	5
677	2
678	1
679	2
680	3
681	1
682	4
683	8
685	1
686	1
688	1
689	1
690	5
691	4
692	1
693	1
694	1
696	2
697	4
698	1
699	3
700	2
701	4
702	2
703	1
704	1
705	1
706	6
707	1
708	2
709	4
710	2
711	1
712	2
713	3
714	3
715	4
718	1
720	1
721	3
722	6
723	3
725	4
726	2
727	1
728	5
729	2
730	3
732	2
733	1
734	2
735	1
736	2
737	1
738	1
739	2
741	3
742	2
744	1
745	5
746	2
747	2
748	4
749	1
750	2
751	1
753	2
755	1
756	1
757	5
758	2
761	3
766	3
767	2
768	2
769	2
770	1
771	1
772	4
773	2
774	2
776	2
777	1
778	3
779	2
780	2
781	2
782	7
783	3
784	2
785	2
786	1
788	2
791	1
792	1
793	2
794	1
795	1
796	4
797	1
799	2
800	1
802	1
803	2
805	5
806	2
809	5
810	2
812	1
813	1
814	2
815	1
817	2
818	1
822	1
823	1
825	4
827	2
828	1
832	2
834	1
837	1
838	2
841	2
842	2
844	3
845	1
846	1
847	2
848	1
849	3
850	4
852	1
855	1
858	2
859	1
860	2
861	2
865	1
869	1
870	2
871	2
872	2
873	1
874	3
875	1
876	1
878	1
879	2
880	1
881	3
882	3
883	2
886	2
888	3
889	2
890	2
891	5
892	1
894	2
895	2
896	1
897	1
901	1
902	3
903	5
907	1
909	1
910	1
911	2
912	1
914	2
915	2
916	2
917	1
918	3
919	4
922	3
923	1
925	4
928	1
929	2
932	1
933	4
934	2
936	5
937	1
938	2
939	1
940	2
941	3
942	1
943	1
945	2
947	1
952	1
956	2
959	1
960	1
961	1
962	1
963	2
966	1
968	2
969	4
970	2
971	2
974	1
976	1
977	4
979	2
980	2
982	3
984	3
985	1
986	2
988	1
989	1
990	1
991	2
992	2
994	2
995	2
1001	2
1002	1
1005	2
1006	1
1007	1
1011	1
1012	1
1015	2
1018	2
1021	1
1024	1
1025	2
1032	1
1033	4
1035	2
1040	2
1042	1
1044	1
1045	2
1046	2
1047	2
1049	2
1052	1
1054	2
1055	3
1056	1
1058	2
1059	1
1061	2
1062	4
1065	1
1066	1
1068	1
1070	1
1071	1
1072	2
1073	2
1074	1
1075	2
1076	1
1077	1
1078	4
1079	1
1080	1
1083	1
1089	2
1090	2
1091	2
1092	1
1097	2
1099	2
1100	1
1102	1
1109	1
1112	1
1114	2
1115	2
1116	1
1117	3
1121	1
1123	1
1126	1
1129	2
1131	2
1132	2
1133	1
1134	2
1136	2
1138	1
1141	1
1142	2
1147	1
1149	2
1150	3
1151	1
1152	2
1155	2
1156	1
1159	1
1161	1
1162	1
1164	1
1168	2
1169	3
1170	2
1171	1
1174	3
1176	2
1177	2
1178	1
1179	1
1181	2
1182	2
1183	3
1184	1
1185	2
1186	2
1189	3
1190	3
1191	1
1193	1
1194	1
1195	1
1196	1
1197	1
1198	2
1199	2
1212	3
1213	1
1216	1
1219	1
1220	1
1222	1
1226	2
1227	3
1228	1
1229	2
1232	2
1234	1
1236	1
1237	1
1240	1
1242	1
1243	1
1244	1
1246	3
1247	1
1249	1
1251	1
1252	1
1258	1
1259	1
1260	1
1268	1
1271	1
1272	1
1273	1
1278	1
1280	1
1282	4
1285	3
1286	1
1287	1
1288	1
1289	1
1290	1
1292	2
1295	1
1296	1
1298	1
1299	3
1301	2
1304	2
1307	1
1309	5
1314	1
1316	2
1317	2
1321	1
1322	1
1331	2
1332	1
1335	1
1336	1
1337	1
1338	1
1339	1
1341	1
1344	1
1347	1
1348	2
1350	1
1351	1
1353	3
1354	1
1355	1
1361	1
1364	1
1369	1
1370	1
1372	1
1374	1
1380	1
1384	1
1385	1
1388	1
1395	2
1396	1
1399	1
1400	3
1405	2
1408	1
1409	1
1410	1
1413	2
1415	1
1416	1
1418	1
1419	1
1420	1
1421	1
1423	1
1425	1
1430	1
1433	1
1435	1
1440	1
1449	1
1451	1
1453	1
1456	3
1458	3
1467	1
1470	1
1475	2
1477	1
1478	1
1480	1
1482	1
1484	1
1485	1
1487	1
1488	1
1494	1
1496	1
1501	1
1503	1
1505	1
1508	1
1512	2
1513	1
1514	2
1515	1
1518	1
1524	1
1536	1
1539	1
1551	1
1556	1
1559	1
1560	2
1561	1
1566	1
1568	1
1569	1
1570	1
1571	1
1574	1
1576	1
1578	1
1580	1
1582	4
1583	1
1586	1
1587	1
1590	1
1591	3
1606	1
1611	1
1622	1
1623	1
1627	1
1630	1
1633	1
1638	1
1640	1
1643	1
1648	1
1651	3
1654	2
1655	3
1659	1
1670	1
1672	2
1679	1
1680	1
1681	1
1682	1
1687	2
1688	1
1691	1
1692	1
1694	1
1705	1
1706	1
1707	1
1710	1
1712	1
1713	4
1730	1
1733	1
1734	2
1735	1
1741	1
1747	1
1752	1
1754	1
1755	1
1762	1
1763	1
1764	1
1766	1
1767	1
1773	2
1778	1
1785	1
1793	1
1794	1
1796	1
1797	1
1802	1
1810	1
1813	1
1815	1
1818	2
1821	1
1824	1
1825	1
1835	1
1837	1
1840	2
1853	2
1856	1
1857	2
1859	1
1864	1
1867	1
1872	2
1877	1
1880	2
1891	2
1892	1
1899	1
1909	1
1910	1
1916	1
1918	1
1933	1
1935	2
1941	2
1943	1
1946	1
1947	1
1948	2
1962	2
1963	1
1964	1
1965	3
1969	1
1987	1
1992	1
1995	1
1996	1
1997	4
2002	1
2004	2
2007	1
2009	1
2010	1
2014	1
2022	1
2029	2
2031	1
2034	1
2039	1
2040	2
2048	2
2049	1
2058	1
2063	1
2069	1
2074	1
2075	1
2076	1
2077	3
2081	1
2084	1
2086	1
2094	3
2095	2
2096	3
2100	1
2114	1
2120	3
2123	1
2124	1
2127	1
2149	1
2152	1
2153	1
2160	1
2168	1
2169	1
2173	1
2183	1
2188	1
2195	1
2200	1
2207	1
2209	2
2215	1
2217	1
2221	1
2229	1
2230	1
2233	1
2235	1
2244	1
2251	1
2255	1
2259	1
2263	2
2265	1
2274	1
2278	1
2281	1
2285	1
2300	1
2306	1
2309	1
2312	1
2313	1
2316	1
2320	2
2331	1
2334	1
2335	1
2341	1
2346	1
2350	2
2358	1
2361	1
2370	1
2371	2
2374	2
2377	1
2383	1
2386	1
2391	1
2392	1
2407	1
2408	1
2410	2
2411	1
2426	1
2434	1
2443	1
2447	1
2451	1
2471	1
2472	1
2481	1
2483	1
2496	1
2497	1
2499	1
2511	1
2512	1
2521	1
2533	1
2534	1
2541	1
2545	1
2549	1
2552	1
2554	1
2555	2
2556	1
2557	1
2558	1
2563	1
2564	1
2569	1
2572	2
2574	2
2580	2
2586	1
2595	1
2599	1
2603	1
2605	1
2609	1
2610	1
2621	1
2622	1
2625	1
2642	1
2645	1
2646	1
2657	1
2665	1
2670	2
2684	1
2688	3
2722	1
2723	1
2726	1
2728	1
2729	1
2736	1
2745	1
2755	3
2756	1
2759	4
2762	2
2764	1
2766	1
2775	1
2784	1
2792	1
2796	1
2822	1
2823	1
2827	1
2828	1
2830	1
2831	1
2833	1
2853	1
2857	1
2858	1
2869	2
2870	1
2876	1
2879	1
2880	1
2905	1
2919	1
2941	1
2946	1
2947	1
2951	1
2957	1
2961	1
2972	1
2981	1
2994	2
3018	1
3023	1
3025	1
3026	1
3031	1
3063	1
3073	1
3083	1
3100	1
3101	1
3108	1
3117	2
3124	1
3127	1
3134	1
3162	1
3171	1
3174	1
3207	1
3221	1
3229	1
3230	2
3266	1
3300	2
3322	1
3331	1
3337	1
3344	1
3379	1
3387	1
3391	1
3489	1
3530	1
3540	2
3555	2
3556	1
3601	1
3613	1
3618	1
3621	1
3650	1
3693	1
3711	1
3724	1
3755	1
3770	1
3805	1
3810	1
3812	1
3816	2
3818	1
3828	1
3829	2
3834	1
3836	1
3839	1
3855	1
3869	1
3871	1
3891	1
3893	1
3957	2
3983	1
4002	1
4010	1
4087	1
4114	1
4121	1
4124	1
4167	1
4236	1
4242	2
4244	1
4253	1
4263	1
4269	1
4300	2
4321	1
4339	1
4386	1
4415	1
4438	1
4462	1
4470	1
4484	2
4493	4
4499	1
4609	1
4629	1
4681	1
4762	2
4793	1
4802	1
4872	1
4887	1
4915	1
4957	1
4963	1
4966	1
5028	1
5098	1
5100	1
5296	2
5299	1
5351	1
5369	1
5389	1
5413	1
5414	1
5428	1
5430	1
5464	1
5553	1
5568	1
5573	1
5592	1
5598	1
5661	1
5662	1
5724	1
5725	1
5905	1
6063	1
6077	1
6109	1
6210	1
6224	1
6258	1
6283	1
6348	1
6436	1
6480	1
6520	1
6523	1
6576	1
6674	1
6675	1
6698	1
6936	1
6961	1
6968	1
6973	1
7177	2
7255	1
7352	1
7367	1
7371	1
7411	1
7418	1
7462	1
7485	1
7518	1
7590	1
7784	1
7817	1
7818	1
7967	1
7992	1
8025	1
8089	1
8161	1
8539	1
8679	1
8832	1
8833	1
8870	1
8984	1
9016	1
9115	2
9128	1
9195	1
9345	1
9354	1
9386	1
9399	1
9599	1
9674	1
9911	1
10261	1
10740	1
11166	1
11253	1
11756	1
11822	1
11855	1
11890	1
11956	1
12045	1
12048	1
12068	1
12243	1
12272	1
12279	1
12392	2
12505	1
12530	1
12608	2
12661	1
12801	1
12841	1
12897	1
13185	1
13328	1
14124	1
14776	1
14986	1
15700	1
15818	1
15861	1
16116	1
16812	1
17657	1
17658	1
18770	1
18859	1
19191	1
21147	1
22606	1
22611	1
22795	1
26276	1
26286	2
27002	1
27009	1
28287	1
29532	1
29541	1
33118	1
33483	1
34475	1
35534	1
35657	1
35658	1
39048	1
41204	1
41544	1
41545	1
41741	2
43803	1
43899	2
43991	1
49327	1
51886	1
62068	1
78215	1
93703	1
108957	1
129158	1
132142	1
