BISCUITqc Depth Distribution (All)
depth	count
0	2089140846
1	301765950
2	166150438
3	68968345
4	41303842
5	21203201
6	13396772
7	7808430
8	5187454
9	3314448
10	2341384
11	1585476
12	1193640
13	856714
14	689968
15	515177
16	436776
17	337756
18	295378
19	233759
20	213059
21	172621
22	164969
23	137356
24	132627
25	109327
26	108946
27	92701
28	92412
29	81252
30	80405
31	67933
32	69473
33	59886
34	60287
35	54009
36	52840
37	48118
38	48646
39	43234
40	43819
41	37923
42	40111
43	34357
44	37957
45	33001
46	34080
47	31501
48	31062
49	28452
50	28953
51	26640
52	27505
53	24472
54	24696
55	21475
56	24138
57	21871
58	22300
59	19329
60	20288
61	18525
62	19500
63	16953
64	18105
65	16589
66	17133
67	16088
68	16631
69	14497
70	14760
71	15006
72	15039
73	13710
74	15051
75	13193
76	14533
77	12419
78	13096
79	11922
80	11958
81	11133
82	11595
83	11143
84	11273
85	9809
86	11122
87	9747
88	11019
89	11306
90	10217
91	8834
92	9309
93	9705
94	9233
95	7914
96	8241
97	7327
98	7817
99	8194
100	8599
101	7419
102	8190
103	7406
104	8256
105	7070
106	7686
107	7749
108	7791
109	7071
110	7238
111	6712
112	7242
113	6648
114	6658
115	6187
116	6353
117	6172
118	6444
119	6238
120	6069
121	5830
122	5790
123	5819
124	5954
125	5356
126	6144
127	5344
128	4600
129	5292
130	5260
131	4928
132	4626
133	4285
134	5199
135	4688
136	5004
137	4614
138	5379
139	4582
140	5310
141	5158
142	4357
143	4358
144	4207
145	3988
146	3826
147	4353
148	3713
149	3940
150	4298
151	4117
152	3909
153	3898
154	4360
155	3608
156	3569
157	3441
158	3502
159	3910
160	4190
161	3497
162	3253
163	3379
164	3805
165	3660
166	3629
167	3177
168	3541
169	3290
170	2857
171	3113
172	2911
173	3228
174	3367
175	3220
176	2944
177	2984
178	2984
179	2924
180	2981
181	3231
182	2435
183	2574
184	2764
185	3161
186	2893
187	2726
188	2812
189	3006
190	3179
191	2796
192	3190
193	2378
194	2412
195	2668
196	2421
197	2479
198	2600
199	2570
200	2607
201	2407
202	2491
203	2813
204	2820
205	2718
206	2524
207	2291
208	2303
209	2224
210	2303
211	2502
212	2079
213	2359
214	2689
215	2196
216	2193
217	2368
218	2180
219	2010
220	2286
221	1757
222	1958
223	1758
224	1854
225	1363
226	1627
227	1863
228	2052
229	2273
230	1926
231	2055
232	1653
233	1708
234	2049
235	2031
236	2075
237	2028
238	1825
239	1448
240	1554
241	1612
242	1771
243	1528
244	1913
245	1802
246	1774
247	1628
248	1907
249	1768
250	1865
251	1678
252	1642
253	1618
254	1481
255	1540
256	1357
257	1902
258	1628
259	1408
260	1621
261	1756
262	1762
263	1724
264	1341
265	1631
266	1426
267	1295
268	1352
269	1608
270	1417
271	1733
272	1475
273	1415
274	1333
275	1362
276	1173
277	1339
278	1258
279	1357
280	1295
281	1357
282	1514
283	1221
284	1616
285	1275
286	1635
287	1368
288	1298
289	1305
290	1212
291	1601
292	1473
293	1598
294	1399
295	1169
296	1493
297	1249
298	1247
299	1324
300	1364
301	1667
302	1279
303	1200
304	1220
305	1291
306	1106
307	1188
308	1479
309	1289
310	1413
311	1179
312	1171
313	1245
314	1512
315	1469
316	1206
317	1120
318	1060
319	1291
320	1220
321	1483
322	1154
323	1009
324	1236
325	1261
326	1192
327	1133
328	1340
329	1119
330	935
331	1077
332	1151
333	983
334	1231
335	973
336	974
337	1087
338	815
339	980
340	1233
341	999
342	1084
343	1077
344	1116
345	976
346	987
347	1058
348	870
349	852
350	932
351	1125
352	963
353	887
354	845
355	716
356	924
357	904
358	781
359	804
360	916
361	1018
362	934
363	1119
364	1013
365	944
366	863
367	856
368	903
369	1234
370	826
371	912
372	887
373	712
374	606
375	912
376	908
377	1010
378	807
379	789
380	833
381	921
382	684
383	779
384	907
385	1134
386	902
387	772
388	833
389	1009
390	765
391	924
392	1012
393	707
394	773
395	890
396	640
397	779
398	835
399	728
400	665
401	905
402	484
403	671
404	977
405	790
406	734
407	629
408	783
409	732
410	849
411	616
412	714
413	659
414	627
415	993
416	863
417	615
418	638
419	732
420	606
421	766
422	807
423	744
424	755
425	960
426	945
427	660
428	760
429	786
430	611
431	744
432	679
433	608
434	645
435	543
436	570
437	604
438	567
439	688
440	769
441	781
442	626
443	649
444	894
445	618
446	816
447	770
448	623
449	699
450	775
451	552
452	601
453	694
454	555
455	649
456	739
457	672
458	726
459	800
460	800
461	621
462	531
463	530
464	660
465	566
466	487
467	504
468	445
469	515
470	459
471	456
472	558
473	692
474	576
475	499
476	502
477	658
478	499
479	629
480	440
481	457
482	570
483	547
484	647
485	603
486	669
487	681
488	472
489	569
490	522
491	686
492	605
493	560
494	596
495	595
496	479
497	641
498	542
499	620
500	661
501	535
502	570
503	544
504	563
505	493
506	388
507	418
508	536
509	430
510	393
511	462
512	442
513	561
514	475
515	497
516	526
517	604
518	436
519	655
520	590
521	340
522	407
523	367
524	555
525	381
526	457
527	544
528	550
529	503
530	366
531	503
532	577
533	628
534	514
535	441
536	425
537	433
538	475
539	437
540	565
541	400
542	440
543	523
544	581
545	450
546	474
547	487
548	633
549	396
550	520
551	389
552	400
553	482
554	424
555	500
556	529
557	417
558	453
559	390
560	345
561	430
562	475
563	448
564	303
565	439
566	344
567	373
568	388
569	537
570	498
571	435
572	400
573	358
574	356
575	459
576	329
577	295
578	259
579	411
580	333
581	283
582	553
583	309
584	393
585	490
586	427
587	430
588	380
589	338
590	530
591	429
592	397
593	360
594	365
595	523
596	303
597	422
598	559
599	380
600	296
601	425
602	496
603	488
604	299
605	293
606	327
607	449
608	323
609	511
610	361
611	473
612	542
613	571
614	261
615	527
616	313
617	328
618	430
619	368
620	365
621	395
622	414
623	428
624	310
625	410
626	501
627	455
628	486
629	349
630	294
631	329
632	399
633	322
634	292
635	291
636	305
637	437
638	501
639	389
640	405
641	343
642	370
643	353
644	502
645	436
646	270
647	408
648	352
649	338
650	203
651	365
652	441
653	338
654	254
655	336
656	329
657	374
658	219
659	351
660	288
661	417
662	439
663	312
664	336
665	484
666	217
667	279
668	390
669	519
670	291
671	258
672	277
673	294
674	319
675	389
676	416
677	329
678	268
679	333
680	464
681	420
682	314
683	300
684	372
685	361
686	312
687	417
688	300
689	353
690	316
691	259
692	450
693	292
694	244
695	257
696	254
697	363
698	398
699	496
700	226
701	280
702	286
703	373
704	315
705	230
706	321
707	325
708	257
709	280
710	263
711	382
712	265
713	303
714	255
715	252
716	424
717	398
718	455
719	236
720	258
721	353
722	356
723	276
724	302
725	359
726	317
727	342
728	251
729	263
730	348
731	345
732	326
733	319
734	283
735	310
736	450
737	457
738	314
739	347
740	373
741	258
742	334
743	311
744	288
745	358
746	249
747	291
748	420
749	291
750	279
751	341
752	260
753	218
754	237
755	372
756	436
757	283
758	285
759	272
760	310
761	183
762	262
763	340
764	303
765	243
766	297
767	183
768	393
769	292
770	253
771	362
772	278
773	276
774	277
775	318
776	322
777	307
778	255
779	285
780	284
781	411
782	245
783	367
784	288
785	275
786	256
787	411
788	231
789	306
790	301
791	339
792	278
793	268
794	183
795	262
796	197
797	266
798	287
799	237
800	270
801	306
802	337
803	323
804	277
805	309
806	250
807	311
808	419
809	387
810	250
811	212
812	194
813	228
814	214
815	206
816	260
817	217
818	267
819	197
820	255
821	122
822	132
823	209
824	358
825	391
826	250
827	311
828	374
829	202
830	270
831	180
832	259
833	146
834	231
835	235
836	305
837	257
838	257
839	245
840	234
841	330
842	282
843	258
844	182
845	256
846	239
847	238
848	199
849	169
850	209
851	188
852	151
853	128
854	118
855	215
856	199
857	141
858	103
859	188
860	218
861	182
862	235
863	238
864	215
865	234
866	171
867	126
868	418
869	176
870	331
871	158
872	194
873	307
874	182
875	186
876	232
877	212
878	188
879	238
880	166
881	206
882	179
883	352
884	130
885	315
886	356
887	318
888	220
889	216
890	394
891	295
892	232
893	280
894	396
895	175
896	400
897	223
898	344
899	160
900	337
901	502
902	214
903	318
904	258
905	281
906	239
907	247
908	302
909	161
910	174
911	217
912	332
913	198
914	209
915	317
916	187
917	278
918	198
919	220
920	255
921	208
922	249
923	225
924	294
925	222
926	211
927	213
928	118
929	231
930	325
931	221
932	215
933	346
934	191
935	257
936	256
937	209
938	215
939	213
940	205
941	218
942	299
943	204
944	208
945	230
946	191
947	179
948	206
949	148
950	290
951	234
952	253
953	226
954	229
955	217
956	195
957	210
958	259
959	161
960	182
961	216
962	151
963	189
964	217
965	259
966	333
967	222
968	182
969	174
970	197
971	233
972	372
973	174
974	183
975	205
976	308
977	249
978	143
979	299
980	206
981	161
982	212
983	150
984	173
985	199
986	358
987	263
988	243
989	198
990	181
991	209
992	161
993	131
994	295
995	131
996	179
997	221
998	282
999	173
1000	229
1001	206
1002	246
1003	153
1004	332
1005	185
1006	170
1007	250
1008	121
1009	133
1010	210
1011	177
1012	240
1013	95
1014	61
1015	91
1016	106
1017	180
1018	130
1019	171
1020	184
1021	159
1022	111
1023	140
1024	177
1025	175
1026	225
1027	242
1028	166
1029	144
1030	187
1031	147
1032	156
1033	117
1034	205
1035	309
1036	153
1037	122
1038	127
1039	127
1040	169
1041	113
1042	204
1043	246
1044	154
1045	159
1046	220
1047	127
1048	182
1049	210
1050	189
1051	187
1052	264
1053	166
1054	283
1055	128
1056	164
1057	115
1058	184
1059	168
1060	206
1061	109
1062	181
1063	122
1064	184
1065	194
1066	125
1067	144
1068	126
1069	154
1070	383
1071	317
1072	226
1073	237
1074	220
1075	258
1076	233
1077	286
1078	177
1079	255
1080	182
1081	122
1082	107
1083	194
1084	183
1085	209
1086	213
1087	183
1088	177
1089	174
1090	124
1091	270
1092	218
1093	245
1094	115
1095	249
1096	134
1097	175
1098	124
1099	83
1100	122
1101	115
1102	64
1103	70
1104	270
1105	144
1106	112
1107	139
1108	155
1109	126
1110	117
1111	85
1112	141
1113	118
1114	171
1115	119
1116	99
1117	173
1118	275
1119	99
1120	119
1121	150
1122	136
1123	172
1124	148
1125	198
1126	223
1127	189
1128	155
1129	152
1130	110
1131	139
1132	168
1133	147
1134	251
1135	260
1136	209
1137	87
1138	69
1139	60
1140	105
1141	166
1142	147
1143	95
1144	128
1145	329
1146	120
1147	104
1148	65
1149	67
1150	129
1151	79
1152	183
1153	132
1154	182
1155	240
1156	245
1157	234
1158	167
1159	228
1160	255
1161	262
1162	223
1163	181
1164	202
1165	329
1166	234
1167	192
1168	243
1169	221
1170	179
1171	95
1172	233
1173	186
1174	161
1175	149
1176	128
1177	75
1178	96
1179	129
1180	90
1181	114
1182	133
1183	127
1184	195
1185	135
1186	182
1187	102
1188	184
1189	93
1190	116
1191	176
1192	200
1193	126
1194	193
1195	177
1196	128
1197	154
1198	154
1199	140
1200	108
1201	213
1202	148
1203	136
1204	129
1205	138
1206	185
1207	120
1208	141
1209	85
1210	124
1211	109
1212	157
1213	113
1214	124
1215	143
1216	166
1217	153
1218	85
1219	100
1220	189
1221	218
1222	113
1223	109
1224	48
1225	90
1226	101
1227	137
1228	84
1229	121
1230	93
1231	185
1232	183
1233	114
1234	179
1235	181
1236	167
1237	134
1238	184
1239	171
1240	226
1241	137
1242	228
1243	95
1244	125
1245	130
1246	162
1247	195
1248	184
1249	170
1250	130
1251	229
1252	219
1253	166
1254	243
1255	138
1256	155
1257	131
1258	230
1259	166
1260	119
1261	173
1262	179
1263	181
1264	124
1265	194
1266	232
1267	148
1268	90
1269	166
1270	123
1271	157
1272	141
1273	117
1274	73
1275	59
1276	94
1277	136
1278	103
1279	175
1280	139
1281	113
1282	181
1283	123
1284	87
1285	189
1286	164
1287	123
1288	94
1289	111
1290	189
1291	278
1292	166
1293	97
1294	131
1295	118
1296	83
1297	130
1298	128
1299	168
1300	158
1301	156
1302	137
1303	91
1304	129
1305	94
1306	93
1307	148
1308	126
1309	235
1310	100
1311	118
1312	102
1313	214
1314	97
1315	101
1316	89
1317	143
1318	237
1319	162
1320	170
1321	217
1322	152
1323	126
1324	134
1325	142
1326	155
1327	141
1328	148
1329	180
1330	169
1331	42
1332	64
1333	61
1334	96
1335	60
1336	137
1337	106
1338	163
1339	82
1340	121
1341	116
1342	84
1343	132
1344	119
1345	112
1346	117
1347	174
1348	144
1349	134
1350	127
1351	109
1352	150
1353	79
1354	109
1355	143
1356	198
1357	164
1358	118
1359	150
1360	132
1361	165
1362	118
1363	99
1364	110
1365	57
1366	75
1367	127
1368	131
1369	82
1370	72
1371	105
1372	47
1373	88
1374	114
1375	76
1376	106
1377	176
1378	187
1379	138
1380	234
1381	85
1382	114
1383	130
1384	165
1385	96
1386	137
1387	137
1388	72
1389	90
1390	75
1391	77
1392	62
1393	64
1394	89
1395	96
1396	75
1397	77
1398	68
1399	94
1400	71
1401	61
1402	105
1403	156
1404	73
1405	67
1406	124
1407	213
1408	122
1409	96
1410	93
1411	65
1412	144
1413	104
1414	160
1415	103
1416	123
1417	70
1418	93
1419	93
1420	106
1421	85
1422	89
1423	71
1424	99
1425	80
1426	73
1427	122
1428	175
1429	97
1430	122
1431	134
1432	122
1433	108
1434	124
1435	151
1436	80
1437	100
1438	125
1439	79
1440	103
1441	164
1442	129
1443	110
1444	154
1445	93
1446	92
1447	244
1448	77
1449	117
1450	108
1451	131
1452	167
1453	155
1454	148
1455	191
1456	159
1457	87
1458	76
1459	185
1460	149
1461	184
1462	180
1463	87
1464	48
1465	56
1466	65
1467	140
1468	98
1469	73
1470	80
1471	125
1472	83
1473	76
1474	97
1475	107
1476	99
1477	74
1478	72
1479	150
1480	101
1481	80
1482	87
1483	62
1484	93
1485	80
1486	46
1487	63
1488	96
1489	92
1490	114
1491	94
1492	208
1493	168
1494	136
1495	87
1496	70
1497	106
1498	33
1499	125
1500	109
1501	70
1502	78
1503	103
1504	89
1505	58
1506	93
1507	105
1508	29
1509	72
1510	37
1511	77
1512	70
1513	71
1514	30
1515	65
1516	77
1517	152
1518	71
1519	97
1520	83
1521	60
1522	40
1523	88
1524	57
1525	72
1526	105
1527	42
1528	89
1529	107
1530	123
1531	140
1532	69
1533	50
1534	26
1535	99
1536	105
1537	35
1538	46
1539	38
1540	50
1541	113
1542	60
1543	53
1544	140
1545	173
1546	62
1547	105
1548	101
1549	77
1550	176
1551	172
1552	80
1553	66
1554	69
1555	57
1556	68
1557	62
1558	92
1559	56
1560	149
1561	118
1562	158
1563	218
1564	85
1565	85
1566	64
1567	125
1568	114
1569	84
1570	79
1571	62
1572	98
1573	62
1574	121
1575	74
1576	86
1577	85
1578	55
1579	94
1580	92
1581	85
1582	82
1583	97
1584	138
1585	115
1586	106
1587	75
1588	157
1589	73
1590	76
1591	79
1592	88
1593	75
1594	95
1595	36
1596	39
1597	44
1598	86
1599	42
1600	77
1601	176
1602	130
1603	124
1604	63
1605	81
1606	71
1607	73
1608	86
1609	85
1610	138
1611	166
1612	113
1613	42
1614	34
1615	41
1616	69
1617	134
1618	68
1619	47
1620	81
1621	23
1622	70
1623	40
1624	49
1625	85
1626	43
1627	30
1628	74
1629	52
1630	50
1631	36
1632	63
1633	102
1634	260
1635	108
1636	39
1637	35
1638	40
1639	33
1640	70
1641	62
1642	67
1643	73
1644	73
1645	84
1646	129
1647	107
1648	83
1649	93
1650	136
1651	110
1652	59
1653	115
1654	128
1655	80
1656	135
1657	52
1658	131
1659	93
1660	71
1661	76
1662	53
1663	65
1664	55
1665	109
1666	178
1667	67
1668	46
1669	101
1670	76
1671	79
1672	54
1673	84
1674	110
1675	54
1676	33
1677	55
1678	74
1679	53
1680	57
1681	124
1682	52
1683	107
1684	78
1685	59
1686	66
1687	85
1688	99
1689	98
1690	97
1691	78
1692	86
1693	118
1694	85
1695	72
1696	104
1697	102
1698	141
1699	109
1700	137
1701	91
1702	83
1703	113
1704	118
1705	129
1706	101
1707	219
1708	60
1709	64
1710	184
1711	72
1712	186
1713	146
1714	164
1715	116
1716	85
1717	58
1718	76
1719	84
1720	50
1721	37
1722	24
1723	59
1724	46
1725	52
1726	54
1727	61
1728	45
1729	82
1730	80
1731	69
1732	92
1733	32
1734	60
1735	51
1736	55
1737	65
1738	86
1739	98
1740	76
1741	64
1742	104
1743	30
1744	43
1745	38
1746	62
1747	69
1748	62
1749	38
1750	66
1751	44
1752	52
1753	116
1754	47
1755	112
1756	53
1757	82
1758	78
1759	72
1760	104
1761	49
1762	72
1763	141
1764	167
1765	122
1766	58
1767	29
1768	48
1769	34
1770	69
1771	67
1772	57
1773	75
1774	58
1775	52
1776	35
1777	28
1778	52
1779	31
1780	27
1781	74
1782	31
1783	33
1784	46
1785	70
1786	93
1787	80
1788	43
1789	69
1790	92
1791	67
1792	49
1793	138
1794	48
1795	34
1796	87
1797	67
1798	37
1799	48
1800	17
1801	40
1802	28
1803	31
1804	44
1805	72
1806	129
1807	63
1808	26
1809	25
1810	29
1811	89
1812	45
1813	50
1814	85
1815	24
1816	57
1817	126
1818	71
1819	65
1820	54
1821	42
1822	58
1823	18
1824	55
1825	47
1826	51
1827	63
1828	75
1829	73
1830	56
1831	68
1832	51
1833	54
1834	58
1835	87
1836	102
1837	104
1838	86
1839	92
1840	93
1841	61
1842	56
1843	67
1844	101
1845	65
1846	26
1847	35
1848	38
1849	33
1850	71
1851	39
1852	100
1853	52
1854	45
1855	55
1856	37
1857	62
1858	97
1859	102
1860	43
1861	59
1862	32
1863	29
1864	68
1865	69
1866	97
1867	74
1868	30
1869	50
1870	41
1871	29
1872	28
1873	43
1874	30
1875	39
1876	39
1877	83
1878	29
1879	42
1880	27
1881	38
1882	45
1883	76
1884	45
1885	44
1886	56
1887	50
1888	55
1889	72
1890	51
1891	47
1892	25
1893	84
1894	94
1895	53
1896	58
1897	89
1898	51
1899	72
1900	111
1901	129
1902	107
1903	82
1904	48
1905	27
1906	38
1907	68
1908	56
1909	69
1910	39
1911	44
1912	26
1913	40
1914	36
1915	26
1916	24
1917	38
1918	77
1919	63
1920	17
1921	55
1922	35
1923	29
1924	63
1925	41
1926	53
1927	53
1928	35
1929	39
1930	91
1931	67
1932	109
1933	41
1934	64
1935	40
1936	60
1937	29
1938	50
1939	110
1940	54
1941	47
1942	71
1943	40
1944	107
1945	149
1946	110
1947	43
1948	55
1949	69
1950	112
1951	73
1952	42
1953	56
1954	43
1955	47
1956	72
1957	72
1958	48
1959	75
1960	69
1961	129
1962	99
1963	63
1964	51
1965	51
1966	60
1967	43
1968	85
1969	20
1970	35
1971	53
1972	49
1973	62
1974	23
1975	88
1976	136
1977	51
1978	110
1979	93
1980	82
1981	62
1982	57
1983	58
1984	115
1985	51
1986	56
1987	94
1988	149
1989	46
1990	39
1991	72
1992	44
1993	81
1994	32
1995	32
1996	25
1997	24
1998	25
1999	28
2000	31
2001	53
2002	60
2003	53
2004	85
2005	45
2006	73
2007	66
2008	50
2009	104
2010	174
2011	95
2012	150
2013	91
2014	122
2015	59
2016	48
2017	60
2018	38
2019	70
2020	32
2021	32
2022	33
2023	40
2024	52
2025	42
2026	30
2027	39
2028	30
2029	16
2030	49
2031	39
2032	44
2033	71
2034	64
2035	65
2036	90
2037	77
2038	80
2039	78
2040	76
2041	53
2042	78
2043	56
2044	43
2045	27
2046	28
2047	59
2048	25
2049	16
2050	70
2051	61
2052	146
2053	45
2054	45
2055	16
2056	33
2057	19
2058	27
2059	19
2060	20
2061	16
2062	17
2063	19
2064	32
2065	42
2066	49
2067	37
2068	56
2069	31
2070	103
2071	59
2072	72
2073	92
2074	106
2075	53
2076	52
2077	65
2078	93
2079	51
2080	54
2081	29
2082	35
2083	61
2084	82
2085	34
2086	18
2087	12
2088	26
2089	17
2090	19
2091	35
2092	19
2093	30
2094	59
2095	25
2096	18
2097	26
2098	46
2099	59
2100	44
2101	51
2102	50
2103	24
2104	29
2105	33
2106	22
2107	37
2108	38
2109	73
2110	44
2111	66
2112	81
2113	35
2114	43
2115	93
2116	42
2117	72
2118	73
2119	48
2120	25
2121	26
2122	16
2123	25
2124	122
2125	134
2126	71
2127	25
2128	32
2129	35
2130	32
2131	30
2132	60
2133	78
2134	67
2135	37
2136	43
2137	30
2138	65
2139	45
2140	26
2141	53
2142	26
2143	40
2144	51
2145	55
2146	64
2147	47
2148	45
2149	24
2150	42
2151	51
2152	66
2153	62
2154	57
2155	44
2156	34
2157	112
2158	65
2159	49
2160	155
2161	87
2162	63
2163	30
2164	91
2165	49
2166	38
2167	52
2168	56
2169	45
2170	29
2171	121
2172	74
2173	102
2174	110
2175	104
2176	85
2177	28
2178	35
2179	56
2180	31
2181	36
2182	85
2183	73
2184	59
2185	40
2186	36
2187	28
2188	31
2189	35
2190	31
2191	49
2192	45
2193	42
2194	154
2195	121
2196	67
2197	80
2198	68
2199	68
2200	62
2201	77
2202	100
2203	122
2204	42
2205	112
2206	38
2207	34
2208	60
2209	97
2210	29
2211	27
2212	25
2213	25
2214	25
2215	34
2216	31
2217	21
2218	42
2219	84
2220	75
2221	107
2222	66
2223	56
2224	53
2225	76
2226	56
2227	38
2228	27
2229	23
2230	28
2231	29
2232	27
2233	31
2234	32
2235	16
2236	45
2237	45
2238	30
2239	42
2240	110
2241	34
2242	24
2243	29
2244	23
2245	71
2246	77
2247	70
2248	57
2249	45
2250	56
2251	63
2252	23
2253	11
2254	13
2255	10
2256	29
2257	31
2258	31
2259	24
2260	83
2261	45
2262	59
2263	49
2264	75
2265	44
2266	36
2267	48
2268	43
2269	114
2270	44
2271	41
2272	43
2273	64
2274	88
2275	52
2276	36
2277	48
2278	70
2279	29
2280	45
2281	81
2282	40
2283	65
2284	64
2285	41
2286	76
2287	100
2288	134
2289	44
2290	53
2291	62
2292	46
2293	56
2294	40
2295	46
2296	47
2297	58
2298	34
2299	80
2300	72
2301	51
2302	73
2303	27
2304	58
2305	66
2306	46
2307	15
2308	54
2309	55
2310	114
2311	77
2312	53
2313	36
2314	41
2315	44
2316	40
2317	35
2318	39
2319	45
2320	38
2321	77
2322	29
2323	84
2324	50
2325	72
2326	57
2327	70
2328	46
2329	25
2330	17
2331	32
2332	35
2333	54
2334	53
2335	70
2336	34
2337	41
2338	60
2339	69
2340	52
2341	58
2342	58
2343	52
2344	58
2345	69
2346	42
2347	33
2348	45
2349	25
2350	51
2351	51
2352	46
2353	53
2354	88
2355	78
2356	63
2357	46
2358	27
2359	92
2360	58
2361	54
2362	43
2363	77
2364	68
2365	32
2366	24
2367	28
2368	33
2369	54
2370	74
2371	76
2372	32
2373	31
2374	85
2375	55
2376	40
2377	63
2378	18
2379	34
2380	35
2381	66
2382	81
2383	36
2384	152
2385	53
2386	21
2387	38
2388	22
2389	31
2390	18
2391	18
2392	25
2393	13
2394	18
2395	17
2396	11
2397	21
2398	32
2399	32
2400	19
2401	23
2402	16
2403	19
2404	27
2405	51
2406	70
2407	20
2408	25
2409	29
2410	39
2411	29
2412	16
2413	27
2414	29
2415	41
2416	37
2417	30
2418	62
2419	73
2420	30
2421	78
2422	27
2423	17
2424	32
2425	16
2426	24
2427	45
2428	44
2429	44
2430	16
2431	15
2432	23
2433	20
2434	49
2435	30
2436	34
2437	64
2438	65
2439	16
2440	40
2441	32
2442	15
2443	41
2444	39
2445	25
2446	54
2447	25
2448	68
2449	69
2450	57
2451	38
2452	17
2453	7
2454	9
2455	20
2456	31
2457	16
2458	16
2459	8
2460	28
2461	26
2462	14
2463	28
2464	19
2465	30
2466	46
2467	46
2468	34
2469	32
2470	32
2471	52
2472	35
2473	54
2474	39
2475	87
2476	52
2477	68
2478	38
2479	20
2480	26
2481	26
2482	19
2483	41
2484	18
2485	44
2486	38
2487	32
2488	40
2489	48
2490	43
2491	45
2492	38
2493	45
2494	50
2495	24
2496	23
2497	27
2498	23
2499	60
2500	68
2501	42
2502	69
2503	20
2504	29
2505	35
2506	32
2507	36
2508	42
2509	82
2510	43
2511	111
2512	26
2513	25
2514	25
2515	36
2516	18
2517	20
2518	89
2519	28
2520	30
2521	29
2522	79
2523	31
2524	29
2525	26
2526	45
2527	70
2528	88
2529	61
2530	37
2531	54
2532	56
2533	26
2534	18
2535	20
2536	25
2537	27
2538	32
2539	103
2540	53
2541	47
2542	78
2543	39
2544	73
2545	92
2546	43
2547	51
2548	59
2549	34
2550	92
2551	46
2552	70
2553	38
2554	37
2555	18
2556	28
2557	27
2558	84
2559	24
2560	20
2561	39
2562	23
2563	48
2564	79
2565	52
2566	104
2567	97
2568	30
2569	43
2570	30
2571	33
2572	33
2573	25
2574	22
2575	45
2576	24
2577	43
2578	44
2579	23
2580	18
2581	13
2582	21
2583	30
2584	18
2585	26
2586	11
2587	21
2588	35
2589	21
2590	20
2591	26
2592	23
2593	34
2594	32
2595	38
2596	11
2597	20
2598	30
2599	8
2600	26
2601	21
2602	134
2603	22
2604	43
2605	20
2606	28
2607	26
2608	31
2609	39
2610	27
2611	56
2612	22
2613	26
2614	30
2615	77
2616	58
2617	69
2618	107
2619	42
2620	48
2621	55
2622	41
2623	28
2624	55
2625	53
2626	47
2627	41
2628	85
2629	50
2630	42
2631	93
2632	38
2633	24
2634	51
2635	43
2636	72
2637	95
2638	34
2639	46
2640	80
2641	17
2642	16
2643	19
2644	16
2645	19
2646	39
2647	150
2648	26
2649	17
2650	32
2651	38
2652	16
2653	15
2654	12
2655	16
2656	20
2657	43
2658	40
2659	28
2660	41
2661	56
2662	36
2663	43
2664	38
2665	47
2666	28
2667	28
2668	98
2669	29
2670	19
2671	18
2672	30
2673	14
2674	32
2675	30
2676	35
2677	24
2678	21
2679	21
2680	33
2681	54
2682	40
2683	65
2684	40
2685	44
2686	59
2687	30
2688	36
2689	61
2690	71
2691	39
2692	22
2693	31
2694	20
2695	22
2696	19
2697	22
2698	50
2699	24
2700	40
2701	25
2702	11
2703	24
2704	25
2705	8
2706	13
2707	7
2708	33
2709	20
2710	19
2711	16
2712	6
2713	42
2714	13
2715	11
2716	6
2717	13
2718	10
2719	99
2720	8
2721	20
2722	21
2723	51
2724	42
2725	55
2726	36
2727	20
2728	24
2729	29
2730	38
2731	25
2732	20
2733	17
2734	16
2735	12
2736	15
2737	19
2738	18
2739	24
2740	14
2741	9
2742	12
2743	11
2744	21
2745	12
2746	16
2747	15
2748	17
2749	33
2750	51
2751	22
2752	38
2753	26
2754	12
2755	35
2756	26
2757	26
2758	15
2759	36
2760	91
2761	19
2762	9
2763	12
2764	10
2765	8
2766	26
2767	26
2768	21
2769	15
2770	13
2771	16
2772	30
2773	21
2774	58
2775	27
2776	30
2777	26
2778	21
2779	116
2780	27
2781	36
2782	24
2783	42
2784	88
2785	24
2786	26
2787	38
2788	36
2789	26
2790	121
2791	27
2792	32
2793	35
2794	27
2795	36
2796	19
2797	28
2798	18
2799	19
2800	49
2801	22
2802	19
2803	50
2804	29
2805	12
2806	12
2807	6
2808	18
2809	21
2810	14
2811	18
2812	18
2813	10
2814	6
2815	8
2816	28
2817	13
2818	22
2819	20
2820	17
2821	16
2822	32
2823	25
2824	61
2825	47
2826	54
2827	32
2828	29
2829	19
2830	53
2831	42
2832	50
2833	43
2834	34
2835	49
2836	22
2837	20
2838	13
2839	15
2840	27
2841	40
2842	23
2843	22
2844	11
2845	20
2846	15
2847	38
2848	9
2849	14
2850	50
2851	26
2852	26
2853	53
2854	36
2855	21
2856	26
2857	7
2858	14
2859	19
2860	18
2861	20
2862	11
2863	11
2864	11
2865	17
2866	13
2867	23
2868	59
2869	31
2870	12
2871	23
2872	34
2873	27
2874	73
2875	32
2876	38
2877	21
2878	17
2879	66
2880	9
2881	25
2882	10
2883	11
2884	23
2885	14
2886	20
2887	9
2888	16
2889	18
2890	19
2891	15
2892	12
2893	18
2894	17
2895	12
2896	9
2897	30
2898	26
2899	13
2900	16
2901	42
2902	36
2903	20
2904	16
2905	13
2906	18
2907	54
2908	100
2909	26
2910	26
2911	13
2912	25
2913	20
2914	22
2915	29
2916	28
2917	35
2918	19
2919	28
2920	20
2921	41
2922	53
2923	32
2924	45
2925	32
2926	52
2927	41
2928	32
2929	42
2930	75
2931	24
2932	21
2933	26
2934	46
2935	56
2936	51
2937	73
2938	97
2939	83
2940	53
2941	24
2942	26
2943	23
2944	23
2945	23
2946	37
2947	11
2948	26
2949	62
2950	51
2951	19
2952	11
2953	11
2954	17
2955	37
2956	11
2957	21
2958	8
2959	19
2960	16
2961	21
2962	23
2963	23
2964	6
2965	7
2966	9
2967	5
2968	14
2969	16
2970	22
2971	10
2972	8
2973	11
2974	8
2975	8
2976	4
2977	8
2978	15
2979	11
2980	24
2981	41
2982	31
2983	15
2984	8
2985	14
2986	37
2987	86
2988	4
2989	12
2990	12
2991	9
2992	11
2993	12
2994	35
2995	33
2996	16
2997	33
2998	29
2999	20
3000	17
3001	22
3002	34
3003	22
3004	13
3005	63
3006	68
3007	61
3008	8
3009	9
3010	20
3011	23
3012	29
3013	23
3014	24
3015	15
3016	17
3017	31
3018	9
3019	16
3020	16
3021	29
3022	24
3023	19
3024	19
3025	22
3026	13
3027	24
3028	43
3029	17
3030	67
3031	14
3032	9
3033	70
3034	31
3035	28
3036	41
3037	21
3038	58
3039	53
3040	44
3041	72
3042	38
3043	50
3044	47
3045	43
3046	32
3047	17
3048	15
3049	32
3050	11
3051	23
3052	47
3053	23
3054	17
3055	9
3056	24
3057	36
3058	29
3059	22
3060	13
3061	53
3062	70
3063	50
3064	37
3065	17
3066	14
3067	21
3068	31
3069	14
3070	9
3071	18
3072	10
3073	17
3074	8
3075	17
3076	16
3077	42
3078	27
3079	64
3080	77
3081	36
3082	44
3083	48
3084	34
3085	67
3086	22
3087	15
3088	12
3089	18
3090	26
3091	33
3092	88
3093	40
3094	36
3095	29
3096	26
3097	24
3098	53
3099	10
3100	7
3101	20
3102	11
3103	17
3104	12
3105	30
3106	18
3107	14
3108	23
3109	17
3110	13
3111	17
3112	14
3113	17
3114	10
3115	9
3116	16
3117	38
3118	38
3119	22
3120	48
3121	41
3122	19
3123	13
3124	7
3125	7
3126	13
3127	7
3128	11
3129	14
3130	8
3131	13
3132	17
3133	26
3134	21
3135	15
3136	25
3137	9
3138	11
3139	8
3140	21
3141	29
3142	18
3143	31
3144	19
3145	21
3146	38
3147	13
3148	11
3149	20
3150	20
3151	14
3152	21
3153	17
3154	23
3155	24
3156	30
3157	53
3158	46
3159	29
3160	46
3161	15
3162	27
3163	15
3164	18
3165	47
3166	8
3167	4
3168	35
3169	12
3170	12
3171	7
3172	17
3173	8
3174	7
3175	4
3176	7
3177	12
3178	11
3179	12
3180	22
3181	8
3182	11
3183	14
3184	6
3185	10
3186	17
3187	6
3188	11
3189	25
3190	58
3191	26
3192	14
3193	29
3194	23
3195	37
3196	12
3197	28
3198	63
3199	25
3200	10
3201	14
3202	13
3203	32
3204	28
3205	16
3206	51
3207	46
3208	13
3209	19
3210	7
3211	19
3212	7
3213	46
3214	18
3215	45
3216	90
3217	15
3218	11
3219	11
3220	9
3221	25
3222	13
3223	7
3224	13
3225	18
3226	18
3227	19
3228	17
3229	23
3230	23
3231	19
3232	16
3233	42
3234	26
3235	38
3236	34
3237	11
3238	21
3239	13
3240	8
3241	19
3242	34
3243	18
3244	25
3245	20
3246	41
3247	30
3248	13
3249	19
3250	10
3251	17
3252	19
3253	16
3254	29
3255	34
3256	49
3257	23
3258	23
3259	80
3260	35
3261	9
3262	13
3263	28
3264	30
3265	56
3266	41
3267	27
3268	31
3269	11
3270	24
3271	25
3272	11
3273	9
3274	10
3275	35
3276	17
3277	23
3278	34
3279	26
3280	52
3281	15
3282	23
3283	19
3284	28
3285	9
3286	20
3287	25
3288	13
3289	21
3290	35
3291	42
3292	32
3293	12
3294	27
3295	16
3296	17
3297	17
3298	23
3299	26
3300	22
3301	16
3302	9
3303	20
3304	12
3305	48
3306	14
3307	18
3308	18
3309	14
3310	12
3311	27
3312	12
3313	64
3314	76
3315	38
3316	18
3317	40
3318	38
3319	78
3320	20
3321	46
3322	28
3323	46
3324	12
3325	11
3326	13
3327	19
3328	5
3329	18
3330	23
3331	25
3332	23
3333	27
3334	23
3335	20
3336	24
3337	24
3338	25
3339	22
3340	40
3341	24
3342	10
3343	24
3344	16
3345	19
3346	10
3347	10
3348	9
3349	11
3350	8
3351	12
3352	17
3353	24
3354	24
3355	14
3356	13
3357	21
3358	20
3359	19
3360	32
3361	26
3362	10
3363	22
3364	20
3365	29
3366	20
3367	27
3368	20
3369	20
3370	9
3371	14
3372	25
3373	15
3374	14
3375	18
3376	10
3377	10
3378	14
3379	20
3380	17
3381	15
3382	6
3383	10
3384	18
3385	20
3386	49
3387	13
3388	8
3389	19
3390	46
3391	9
3392	56
3393	23
3394	30
3395	133
3396	24
3397	27
3398	8
3399	19
3400	15
3401	7
3402	13
3403	7
3404	8
3405	12
3406	31
3407	10
3408	10
3409	10
3410	10
3411	35
3412	15
3413	15
3414	24
3415	22
3416	99
3417	12
3418	6
3419	13
3420	19
3421	24
3422	16
3423	15
3424	9
3425	6
3426	6
3427	4
3428	14
3429	18
3430	6
3431	9
3432	8
3433	8
3434	4
3435	10
3436	18
3437	6
3438	16
3439	11
3440	15
3441	26
3442	18
3443	34
3444	36
3445	24
3446	10
3447	7
3448	7
3449	23
3450	40
3451	19
3452	17
3453	26
3454	19
3455	31
3456	17
3457	48
3458	45
3459	20
3460	19
3461	16
3462	19
3463	20
3464	25
3465	18
3466	26
3467	23
3468	15
3469	13
3470	11
3471	16
3472	6
3473	12
3474	12
3475	9
3476	11
3477	13
3478	14
3479	23
3480	24
3481	31
3482	24
3483	11
3484	18
3485	4
3486	7
3487	5
3488	14
3489	10
3490	12
3491	16
3492	6
3493	15
3494	12
3495	6
3496	7
3497	27
3498	12
3499	13
3500	20
3501	18
3502	18
3503	9
3504	9
3505	22
3506	6
3507	59
3508	50
3509	29
3510	17
3511	12
3512	13
3513	3
3514	7
3515	11
3516	7
3517	12
3518	15
3519	17
3520	10
3521	17
3522	15
3523	36
3524	30
3525	70
3526	22
3527	31
3528	42
3529	56
3530	26
3531	24
3532	26
3533	154
3534	41
3535	22
3536	44
3537	33
3538	66
3539	22
3540	16
3541	16
3542	24
3543	23
3544	14
3545	38
3546	36
3547	32
3548	24
3549	4
3550	7
3551	12
3552	7
3553	15
3554	10
3555	35
3556	88
3557	18
3558	20
3559	13
3560	16
3561	15
3562	10
3563	16
3564	8
3565	6
3566	13
3567	11
3568	20
3569	13
3570	22
3571	25
3572	25
3573	56
3574	109
3575	15
3576	13
3577	20
3578	51
3579	16
3580	16
3581	66
3582	41
3583	53
3584	27
3585	19
3586	18
3587	19
3588	11
3589	16
3590	22
3591	30
3592	11
3593	9
3594	10
3595	35
3596	59
3597	33
3598	35
3599	29
3600	18
3601	17
3602	5
3603	6
3604	16
3605	6
3606	5
3607	1
3608	20
3609	7
3610	8
3611	6
3612	13
3613	19
3614	16
3615	16
3616	14
3617	7
3618	17
3619	8
3620	13
3621	20
3622	26
3623	6
3624	5
3625	9
3626	11
3627	4
3628	2
3629	12
3630	2
3631	6
3632	5
3633	5
3634	14
3635	11
3636	10
3637	15
3638	15
3639	19
3640	16
3641	17
3642	13
3643	11
3644	38
3645	65
3646	14
3647	18
3648	14
3649	20
3650	16
3651	49
3652	28
3653	26
3654	19
3655	31
3656	26
3657	22
3658	6
3659	16
3660	13
3661	13
3662	104
3663	16
3664	53
3665	51
3666	10
3667	18
3668	29
3669	53
3670	100
3671	59
3672	24
3673	58
3674	39
3675	29
3676	23
3677	22
3678	26
3679	36
3680	61
3681	21
3682	84
3683	15
3684	15
3685	13
3686	26
3687	21
3688	28
3689	18
3690	26
3691	18
3692	12
3693	16
3694	12
3695	12
3696	13
3697	12
3698	8
3699	10
3700	8
3701	5
3702	18
3703	12
3704	7
3705	11
3706	21
3707	5
3708	18
3709	38
3710	28
3711	30
3712	6
3713	19
3714	23
3715	22
3716	10
3717	24
3718	18
3719	14
3720	15
3721	5
3722	11
3723	8
3724	7
3725	6
3726	10
3727	22
3728	7
3729	14
3730	12
3731	7
3732	11
3733	16
3734	29
3735	67
3736	19
3737	12
3738	22
3739	11
3740	13
3741	102
3742	29
3743	18
3744	18
3745	11
3746	11
3747	5
3748	7
3749	5
3750	7
3751	14
3752	10
3753	6
3754	25
3755	12
3756	10
3757	31
3758	21
3759	22
3760	14
3761	6
3762	9
3763	15
3764	10
3765	13
3766	18
3767	5
3768	3
3769	7
3770	5
3771	4
3772	4
3773	8
3774	10
3775	9
3776	14
3777	3
3778	12
3779	5
3780	13
3781	8
3782	7
3783	9
3784	9
3785	9
3786	4
3787	31
3788	7
3789	16
3790	16
3791	11
3792	9
3793	9
3794	17
3795	8
3796	13
3797	9
3798	9
3799	5
3800	15
3801	16
3802	33
3803	41
3804	29
3805	18
3806	7
3807	11
3808	14
3809	44
3810	4
3811	8
3812	11
3813	21
3814	20
3815	42
3816	28
3817	24
3818	11
3819	6
3820	8
3821	7
3822	8
3823	34
3824	11
3825	17
3826	24
3827	35
3828	35
3829	8
3830	21
3831	7
3832	10
3833	10
3834	14
3835	21
3836	21
3837	22
3838	17
3839	9
3840	9
3841	11
3842	15
3843	18
3844	27
3845	6
3846	9
3847	10
3848	13
3849	5
3850	9
3851	11
3852	15
3853	22
3854	46
3855	15
3856	53
3857	20
3858	13
3859	113
3860	60
3861	26
3862	11
3863	13
3864	13
3865	25
3866	25
3867	35
3868	25
3869	18
3870	17
3871	29
3872	15
3873	16
3874	22
3875	14
3876	53
3877	7
3878	3
3879	6
3880	11
3881	19
3882	9
3883	2
3884	4
3885	2
3886	9
3887	8
3888	1
3889	7
3890	3
3891	3
3892	3
3893	7
3894	6
3895	6
3896	4
3897	9
3898	3
3899	2
3900	2
3901	3
3902	3
3903	6
3904	6
3905	9
3906	9
3907	10
3908	6
3909	6
3910	8
3911	11
3912	11
3913	10
3914	15
3915	4
3916	5
3917	6
3918	8
3919	9
3920	7
3921	9
3922	10
3923	8
3924	7
3925	7
3926	3
3927	9
3928	22
3929	12
3930	15
3931	39
3932	17
3933	5
3934	1
3935	8
3936	3
3937	9
3938	11
3939	36
3940	5
3941	10
3942	23
3943	33
3944	15
3945	17
3946	21
3947	6
3948	4
3949	5
3950	5
3951	5
3952	12
3953	5
3954	10
3955	19
3956	11
3957	17
3958	6
3959	16
3960	16
3961	14
3962	25
3963	9
3964	31
3965	5
3966	4
3967	4
3968	5
3969	4
3970	3
3971	4
3972	17
3973	32
3974	22
3975	28
3976	15
3977	18
3978	9
3979	43
3980	5
3981	6
3982	5
3983	13
3984	15
3985	27
3986	17
3987	24
3988	18
3989	4
3990	8
3991	10
3992	37
3993	28
3994	72
3995	7
3996	5
3997	7
3998	6
3999	4
4000	9
4001	12
4002	14
4003	40
4004	8
4005	14
4006	5
4007	5
4008	3
4009	4
4010	5
4011	19
4012	43
4013	22
4014	40
4015	2
4016	22
4017	12
4018	15
4019	3
4020	8
4021	3
4022	2
4023	3
4024	6
4025	12
4026	6
4027	3
4028	1
4029	3
4030	3
4031	1
4032	4
4033	6
4034	15
4035	7
4036	16
4037	2
4038	8
4039	5
4040	4
4041	7
4042	6
4043	2
4044	7
4045	9
4046	8
4047	14
4048	8
4049	11
4050	12
4051	11
4052	19
4053	5
4054	8
4055	11
4056	7
4057	5
4058	6
4059	10
4060	6
4061	9
4062	18
4063	32
4064	9
4065	8
4066	15
4067	13
4068	15
4069	28
4070	26
4071	14
4072	63
4073	27
4074	9
4075	3
4076	2
4077	4
4078	3
4079	3
4080	3
4081	3
4082	4
4083	3
4084	2
4085	4
4086	10
4087	4
4088	5
4089	5
4090	5
4091	6
4092	11
4093	5
4094	3
4095	9
4096	2
4097	13
4098	11
4099	9
4100	5
4101	2
4102	5
4103	2
4104	16
4105	6
4106	2
4107	9
4108	9
4109	9
4110	29
4111	9
4112	9
4113	6
4114	17
4115	28
4116	40
4117	8
4118	4
4119	9
4120	6
4121	20
4122	20
4123	16
4124	16
4125	13
4126	7
4127	2
4128	4
4129	5
4130	2
4131	2
4132	5
4133	6
4134	5
4135	6
4136	4
4137	17
4138	16
4139	13
4140	9
4141	6
4142	6
4143	9
4144	14
4145	22
4146	15
4147	42
4148	24
4149	13
4150	7
4151	10
4152	7
4153	7
4154	6
4155	5
4156	13
4157	11
4158	10
4159	22
4160	10
4161	20
4162	13
4163	19
4164	12
4165	30
4166	24
4167	13
4168	36
4169	12
4170	38
4171	29
4172	8
4173	9
4174	12
4175	8
4176	28
4177	16
4178	10
4179	21
4180	14
4181	18
4182	34
4183	10
4184	7
4185	8
4186	9
4187	1
4188	6
4189	37
4190	32
4191	18
4192	34
4193	7
4194	25
4195	20
4196	9
4197	21
4198	9
4199	18
4200	33
4201	4
4202	12
4203	2
4204	11
4205	10
4206	15
4207	17
4208	6
4209	12
4210	12
4211	9
4212	10
4213	13
4214	7
4215	6
4216	6
4217	13
4218	13
4219	19
4220	31
4221	26
4222	26
4223	22
4224	11
4225	10
4226	14
4227	10
4228	13
4229	11
4230	10
4231	14
4232	25
4233	19
4234	15
4235	15
4236	18
4237	30
4238	20
4239	19
4240	26
4241	32
4242	16
4243	22
4244	25
4245	9
4246	19
4247	15
4248	5
4249	13
4250	5
4251	3
4252	8
4253	13
4254	12
4255	7
4256	6
4257	8
4258	7
4259	4
4260	14
4261	14
4262	31
4263	13
4264	14
4265	4
4266	3
4267	6
4268	13
4269	10
4270	40
4271	20
4272	14
4273	20
4274	5
4275	13
4276	20
4277	18
4278	29
4279	16
4280	34
4281	17
4282	24
4283	23
4284	29
4285	22
4286	30
4287	31
4288	27
4289	13
4290	16
4291	15
4292	9
4293	8
4294	9
4295	9
4296	8
4297	5
4298	5
4299	25
4300	22
4301	17
4302	66
4303	8
4304	8
4305	9
4306	10
4307	15
4308	19
4309	7
4310	13
4311	1
4312	3
4313	4
4314	5
4315	9
4316	1
4317	6
4318	11
4319	20
4320	2
4321	9
4322	24
4323	47
4324	56
4325	10
4326	7
4327	9
4328	4
4329	10
4330	12
4331	22
4332	16
4333	10
4334	4
4335	9
4336	28
4337	16
4338	14
4339	4
4340	9
4341	5
4342	17
4343	47
4344	4
4345	7
4346	4
4347	5
4348	10
4349	4
4350	2
4351	22
4352	9
4353	7
4354	16
4355	9
4356	7
4357	16
4358	8
4359	26
4360	10
4361	5
4362	4
4363	6
4364	3
4365	5
4366	3
4367	6
4368	8
4369	4
4370	4
4371	2
4373	6
4374	2
4375	5
4376	3
4377	8
4378	8
4379	37
4380	32
4381	24
4382	13
4383	18
4384	11
4385	17
4386	19
4387	38
4388	7
4389	45
4390	1
4391	4
4392	5
4393	4
4394	2
4395	2
4396	2
4397	2
4399	3
4400	3
4401	3
4402	3
4403	1
4404	3
4405	3
4406	14
4407	4
4408	12
4409	20
4410	46
4411	18
4412	13
4413	12
4414	3
4415	6
4416	5
4417	4
4418	6
4419	10
4420	12
4421	26
4422	29
4423	6
4424	12
4425	6
4426	1
4427	20
4428	3
4429	2
4430	2
4431	49
4432	8
4433	4
4434	3
4435	6
4436	1
4437	6
4438	8
4439	7
4440	9
4441	8
4442	3
4443	20
4444	7
4445	4
4446	11
4447	6
4448	7
4449	6
4450	4
4451	6
4452	7
4453	5
4454	12
4455	4
4456	10
4457	8
4458	63
4459	6
4460	15
4461	16
4462	10
4463	12
4464	6
4465	11
4466	5
4467	11
4468	22
4469	9
4470	14
4471	20
4472	14
4473	7
4474	9
4475	4
4476	7
4477	12
4478	8
4479	13
4480	6
4481	10
4482	7
4483	8
4484	3
4485	12
4486	17
4487	2
4488	5
4489	9
4490	9
4491	11
4492	6
4493	4
4494	8
4495	7
4496	5
4497	9
4498	6
4499	13
4500	16
4501	8
4502	15
4503	13
4504	4
4505	4
4506	5
4507	9
4508	5
4509	6
4510	3
4511	11
4512	3
4513	9
4514	35
4515	6
4516	9
4517	4
4519	3
4520	2
4521	4
4522	2
4523	4
4524	5
4525	3
4526	6
4527	5
4528	2
4529	7
4530	1
4531	5
4532	2
4533	9
4534	3
4535	3
4536	6
4537	6
4538	12
4539	6
4540	3
4541	1
4542	2
4543	2
4544	2
4545	3
4546	1
4547	4
4548	1
4549	3
4550	3
4551	5
4552	7
4553	3
4554	15
4555	6
4556	14
4557	6
4558	17
4559	7
4560	4
4561	10
4562	4
4563	2
4565	1
4566	4
4567	5
4568	11
4569	4
4570	7
4571	3
4572	3
4573	3
4574	3
4575	3
4576	1
4577	21
4578	10
4579	2
4580	4
4581	18
4582	34
4583	4
4584	1
4585	1
4586	3
4587	4
4588	15
4589	13
4590	10
4591	11
4592	10
4593	2
4594	7
4595	20
4596	9
4597	24
4598	8
4599	2
4600	4
4601	3
4602	4
4603	10
4604	6
4605	4
4606	1
4607	2
4608	6
4609	3
4610	3
4611	2
4612	10
4613	5
4614	9
4615	6
4616	15
4617	14
4618	7
4619	4
4620	7
4621	10
4622	15
4623	46
4624	16
4625	44
4626	25
4627	9
4628	7
4629	13
4630	43
4631	20
4632	6
4633	30
4634	16
4635	7
4636	13
4637	5
4638	2
4639	8
4640	27
4641	25
4642	12
4643	15
4644	4
4645	3
4646	4
4647	12
4648	3
4649	6
4650	5
4651	5
4652	2
4653	23
4654	9
4655	8
4656	8
4657	22
4658	23
4659	33
4660	30
4661	17
4662	4
4663	7
4664	6
4665	18
4666	6
4667	7
4668	6
4669	14
4670	8
4671	18
4672	13
4673	17
4674	2
4675	4
4676	7
4677	5
4678	7
4679	7
4680	7
4681	8
4682	8
4683	6
4684	9
4685	12
4686	7
4687	5
4688	1
4689	2
4690	10
4691	7
4692	8
4693	13
4694	8
4695	4
4696	14
4697	8
4698	7
4699	9
4700	46
4701	14
4702	9
4703	25
4704	10
4705	12
4706	29
4707	7
4708	10
4709	25
4710	17
4711	13
4712	12
4713	4
4714	19
4715	27
4716	18
4717	3
4718	8
4719	26
4720	17
4721	12
4722	7
4723	1
4724	25
4725	8
4726	20
4727	10
4728	6
4729	17
4730	3
4731	5
4732	1
4733	2
4734	6
4735	3
4736	4
4737	1
4738	4
4739	19
4740	27
4741	11
4742	13
4743	9
4744	5
4745	5
4746	2
4747	5
4748	3
4749	5
4750	3
4751	6
4752	6
4753	10
4754	2
4755	4
4756	21
4757	6
4758	19
4759	32
4760	20
4761	5
4762	5
4763	4
4764	2
4765	2
4766	5
4767	5
4768	2
4769	7
4770	7
4771	3
4772	17
4773	8
4774	14
4775	7
4776	14
4777	11
4778	6
4779	10
4780	6
4781	3
4782	4
4783	7
4784	3
4785	5
4786	4
4787	8
4788	3
4789	4
4790	5
4791	5
4792	13
4793	4
4794	4
4795	3
4796	9
4797	25
4798	9
4799	8
4800	5
4801	1
4802	1
4803	2
4804	6
4805	9
4806	8
4807	4
4808	12
4809	7
4810	5
4811	2
4812	9
4813	11
4814	11
4815	3
4816	6
4817	15
4818	13
4819	9
4820	4
4821	8
4822	7
4823	2
4824	6
4825	15
4826	6
4827	3
4828	6
4829	8
4830	5
4831	9
4832	12
4833	11
4834	4
4835	7
4836	37
4837	28
4838	11
4839	4
4841	8
4842	8
4843	15
4844	16
4845	18
4846	11
4847	6
4848	11
4849	9
4850	12
4851	21
4852	24
4853	8
4854	5
4855	6
4856	7
4857	11
4858	4
4859	13
4860	17
4861	6
4862	24
4863	9
4864	4
4865	1
4866	2
4867	2
4868	2
4869	3
4871	1
4872	5
4873	3
4874	2
4875	2
4876	2
4877	2
4878	2
4879	5
4880	3
4881	5
4882	1
4883	6
4884	10
4885	6
4886	14
4887	12
4888	11
4889	12
4890	2
4891	4
4892	13
4893	7
4894	8
4895	14
4896	30
4897	14
4898	4
4899	2
4900	10
4901	1
4902	8
4903	5
4904	13
4905	10
4906	5
4907	10
4908	9
4909	5
4910	8
4911	8
4912	2
4913	5
4914	5
4915	10
4916	2
4917	9
4918	4
4919	3
4920	3
4921	2
4922	11
4923	4
4924	2
4925	78
4926	2
4927	4
4928	1
4929	5
4930	1
4931	3
4932	3
4933	31
4934	4
4935	3
4936	3
4937	1
4938	1
4939	2
4940	2
4941	1
4942	5
4943	3
4944	1
4945	2
4946	6
4947	6
4948	5
4949	6
4950	4
4951	12
4952	20
4953	8
4954	6
4955	4
4956	3
4957	15
4958	6
4959	4
4960	6
4961	3
4962	3
4963	14
4964	7
4965	7
4966	15
4967	6
4968	15
4969	8
4970	13
4971	7
4972	14
4973	19
4974	16
4975	16
4976	11
4977	5
4978	4
4979	19
4980	4
4981	10
4982	3
4983	11
4984	9
4985	9
4986	21
4987	6
4988	6
4989	18
4990	6
4991	16
4992	18
4993	4
4994	4
4995	10
4996	5
4997	4
4998	4
4999	10
5000	5
5001	5
5002	10
5003	16
5004	16
5005	14
5006	6
5007	7
5008	8
5009	11
5010	3
5011	12
5012	4
5013	8
5014	1
5015	8
5016	6
5017	2
5018	2
5019	4
5020	9
5021	5
5022	3
5023	15
5024	12
5025	1
5026	6
5027	4
5028	6
5029	8
5030	8
5031	3
5032	5
5033	2
5034	7
5035	4
5036	2
5037	8
5038	5
5039	3
5040	2
5041	7
5042	6
5043	3
5044	4
5045	3
5046	5
5047	6
5048	14
5049	2
5050	11
5051	5
5052	2
5053	3
5054	3
5056	3
5057	2
5058	3
5059	5
5060	6
5061	5
5062	5
5063	3
5064	1
5065	4
5066	4
5067	4
5068	1
5069	5
5070	6
5071	9
5072	9
5073	7
5074	6
5075	3
5076	7
5077	6
5078	8
5079	15
5080	6
5081	5
5082	2
5083	5
5084	2
5085	13
5086	9
5087	10
5088	16
5089	8
5090	3
5091	38
5092	2
5093	6
5094	6
5095	2
5096	5
5097	4
5098	5
5099	1
5100	8
5101	21
5102	3
5103	4
5104	5
5106	2
5107	1
5108	27
5109	6
5110	6
5111	3
5112	3
5113	2
5114	1
5115	1
5116	7
5119	2
5120	2
5121	1
5122	2
5123	4
5124	1
5125	9
5126	7
5127	10
5128	25
5129	11
5130	16
5131	17
5132	1
5133	4
5134	3
5135	1
5136	5
5137	3
5138	2
5139	1
5140	1
5141	6
5142	4
5143	3
5144	2
5145	5
5146	4
5147	4
5148	5
5149	3
5150	12
5151	11
5152	19
5153	5
5154	4
5155	1
5156	1
5157	3
5158	3
5159	4
5160	3
5161	3
5162	2
5163	4
5164	4
5165	3
5166	3
5167	2
5168	14
5169	3
5170	7
5171	2
5172	1
5173	3
5174	2
5175	1
5176	4
5177	5
5178	6
5179	1
5180	1
5181	1
5182	1
5183	1
5186	1
5187	2
5188	2
5189	4
5190	9
5191	3
5192	12
5193	12
5194	10
5195	4
5196	20
5197	6
5198	3
5199	4
5201	3
5203	1
5204	1
5205	1
5206	2
5207	2
5208	2
5209	2
5210	3
5211	14
5212	8
5213	9
5214	12
5215	3
5216	8
5217	17
5218	16
5219	43
5220	1
5221	3
5222	6
5223	9
5224	5
5225	6
5226	3
5227	5
5228	3
5229	1
5230	2
5231	3
5232	2
5234	1
5235	5
5236	5
5237	2
5238	3
5239	4
5240	1
5241	35
5242	8
5243	5
5244	10
5245	11
5246	7
5247	6
5248	8
5249	9
5250	11
5251	7
5252	18
5253	8
5254	9
5255	16
5256	66
5257	32
5258	10
5259	29
5260	16
5261	2
5262	3
5263	2
5264	14
5265	4
5266	2
5267	5
5268	4
5269	5
5270	8
5271	15
5272	17
5273	10
5274	4
5275	4
5276	3
5277	7
5279	3
5280	3
5281	1
5282	5
5283	3
5284	3
5285	6
5286	4
5287	4
5288	3
5289	15
5290	4
5291	4
5292	3
5293	12
5294	5
5295	4
5296	8
5297	3
5298	1
5299	2
5300	9
5301	1
5302	4
5303	17
5304	4
5306	4
5307	4
5308	4
5309	2
5310	4
5311	4
5312	4
5313	2
5314	1
5315	2
5316	2
5317	6
5318	3
5319	2
5320	1
5321	3
5322	2
5323	7
5324	12
5325	4
5326	6
5327	12
5328	9
5329	19
5330	10
5331	12
5332	3
5333	2
5334	2
5335	2
5336	6
5337	2
5338	2
5339	1
5340	2
5341	1
5342	16
5343	1
5344	14
5345	12
5346	10
5347	13
5348	21
5349	7
5350	11
5351	6
5352	9
5353	7
5354	48
5355	8
5356	9
5357	8
5358	2
5359	4
5360	4
5361	5
5362	4
5363	9
5364	5
5365	3
5366	4
5367	2
5368	7
5369	3
5370	7
5371	10
5372	19
5373	13
5374	11
5375	36
5376	28
5377	23
5378	6
5379	2
5380	27
5381	5
5382	4
5383	6
5384	6
5385	4
5386	1
5387	7
5388	8
5389	9
5390	3
5391	5
5392	12
5393	22
5394	7
5395	11
5396	14
5397	6
5398	3
5399	7
5401	2
5402	4
5404	1
5405	4
5406	3
5407	4
5408	3
5409	5
5410	2
5411	3
5412	2
5413	11
5414	3
5415	6
5416	7
5417	3
5418	2
5419	17
5420	27
5421	6
5422	1
5423	2
5424	3
5425	3
5426	2
5427	3
5428	3
5429	4
5430	3
5431	3
5432	5
5433	2
5434	6
5435	10
5436	2
5437	21
5438	11
5439	6
5440	3
5441	5
5442	1
5443	30
5444	1
5445	1
5446	1
5447	2
5448	1
5449	5
5450	1
5451	4
5452	4
5453	3
5454	1
5455	2
5457	2
5458	2
5459	1
5460	2
5461	1
5462	2
5463	1
5464	3
5465	3
5466	6
5467	4
5468	7
5469	1
5470	8
5471	4
5472	3
5473	4
5474	3
5475	3
5477	3
5478	5
5479	4
5480	4
5481	6
5482	3
5484	1
5485	10
5486	14
5487	15
5488	19
5489	1
5490	10
5491	4
5492	4
5493	8
5494	6
5495	8
5496	18
5497	16
5498	15
5499	4
5501	1
5502	2
5503	4
5504	2
5506	5
5507	2
5508	4
5509	7
5510	9
5511	11
5512	3
5513	26
5514	16
5515	24
5516	15
5517	60
5518	29
5519	4
5520	2
5521	3
5522	8
5523	4
5524	20
5525	1
5526	3
5527	1
5528	2
5529	3
5530	3
5531	7
5532	1
5533	1
5534	5
5535	20
5536	8
5537	2
5538	4
5539	5
5540	5
5541	4
5542	3
5543	8
5544	14
5545	2
5546	7
5547	8
5548	9
5549	2
5550	7
5551	6
5552	5
5553	9
5554	5
5555	5
5556	6
5557	12
5558	5
5559	13
5560	13
5561	10
5562	12
5563	8
5564	13
5565	8
5566	20
5567	6
5568	5
5569	4
5570	1
5571	1
5572	5
5573	2
5574	3
5575	10
5576	13
5577	6
5578	3
5580	6
5581	5
5582	5
5583	2
5584	6
5585	4
5587	2
5588	1
5590	1
5591	2
5592	2
5593	5
5594	2
5595	2
5596	3
5597	5
5598	5
5600	3
5601	5
5602	5
5603	7
5604	3
5605	6
5606	1
5607	5
5608	6
5609	7
5610	8
5611	1
5612	2
5613	3
5614	3
5615	4
5616	1
5618	2
5619	4
5620	3
5621	3
5622	6
5623	2
5624	3
5625	3
5626	2
5627	1
5628	3
5629	1
5630	3
5631	3
5632	3
5633	1
5634	4
5635	3
5636	2
5637	1
5638	2
5639	9
5640	5
5641	4
5642	6
5643	5
5644	4
5645	2
5646	6
5647	7
5648	14
5649	11
5650	8
5651	9
5652	2
5653	6
5654	6
5655	4
5656	7
5657	5
5658	12
5659	8
5660	9
5661	17
5662	19
5663	15
5664	4
5665	4
5666	9
5667	30
5668	8
5669	4
5670	3
5671	4
5673	3
5674	4
5675	4
5676	3
5677	4
5678	5
5679	3
5680	8
5681	4
5682	7
5683	5
5684	11
5685	14
5686	8
5687	6
5688	28
5689	20
5690	9
5691	12
5692	14
5693	84
5694	101
5695	2
5696	6
5697	9
5698	3
5699	3
5703	3
5704	1
5706	2
5707	1
5708	1
5711	1
5712	1
5713	4
5716	3
5717	1
5719	5
5720	4
5721	1
5723	1
5727	4
5729	2
5730	5
5731	3
5732	6
5733	4
5734	6
5735	7
5736	3
5737	12
5738	23
5739	12
5740	20
5741	3
5742	6
5743	1
5744	3
5745	3
5746	1
5747	2
5748	4
5749	2
5750	1
5751	1
5752	2
5753	1
5754	4
5755	6
5756	2
5757	4
5758	2
5759	1
5760	2
5761	4
5762	67
5763	21
5764	9
5765	4
5766	2
5767	2
5768	15
5769	4
5770	4
5771	8
5772	5
5773	12
5774	13
5775	8
5776	3
5777	6
5778	1
5779	3
5780	1
5781	2
5782	4
5783	3
5784	2
5785	1
5786	4
5787	1
5788	3
5789	3
5790	1
5791	5
5792	1
5793	4
5794	3
5795	2
5796	48
5797	12
5798	6
5799	8
5800	4
5801	5
5802	4
5803	10
5804	7
5805	16
5806	6
5807	11
5808	15
5809	17
5810	34
5811	19
5812	8
5813	10
5815	4
5816	15
5817	7
5818	5
5819	3
5820	3
5821	9
5822	2
5823	3
5824	2
5825	5
5826	3
5827	4
5828	4
5829	2
5830	4
5831	1
5832	4
5833	2
5834	2
5835	3
5836	4
5837	1
5838	1
5839	5
5840	5
5841	4
5842	2
5843	5
5844	7
5845	12
5846	2
5847	15
5848	17
5849	31
5850	21
5851	20
5852	9
5853	11
5854	4
5855	5
5856	2
5857	4
5858	1
5859	13
5860	4
5861	10
5862	10
5865	1
5866	5
5869	1
5873	1
5874	1
5875	1
5876	1
5877	1
5878	1
5879	2
5880	2
5881	2
5882	1
5883	3
5884	4
5885	1
5886	2
5887	3
5889	3
5891	2
5892	1
5893	1
5894	1
5895	1
5897	2
5898	1
5899	1
5900	4
5901	20
5902	7
5903	10
5904	20
5905	17
5906	5
5907	8
5908	4
5912	1
5913	1
5914	3
5915	1
5916	2
5917	2
5918	3
5919	3
5920	2
5921	3
5922	3
5923	1
5924	4
5925	2
5926	1
5927	4
5928	2
5929	7
5930	5
5931	7
5932	2
5933	9
5934	5
5935	10
5936	4
5937	5
5938	6
5939	3
5940	6
5941	5
5942	3
5943	6
5944	5
5945	9
5946	14
5947	5
5948	4
5949	4
5950	9
5951	3
5952	3
5953	16
5954	10
5955	7
5956	3
5957	8
5958	12
5959	14
5960	15
5961	6
5962	6
5963	10
5964	3
5965	7
5966	5
5967	5
5968	4
5969	3
5970	5
5971	8
5972	2
5973	4
5974	3
5975	6
5976	8
5977	12
5978	12
5979	18
5980	10
5981	25
5982	3
5983	1
5985	4
5986	2
5987	4
5988	2
5989	2
5990	1
5991	2
5992	3
5993	2
5994	4
5995	4
5997	1
5998	3
5999	10
6000	6
6001	6
6002	4
6003	4
6004	6
6005	3
6006	2
6007	8
6008	3
6009	9
6010	6
6011	3
6012	5
6013	7
6014	6
6015	1
6016	1
6017	2
6018	3
6019	2
6020	2
6022	3
6023	3
6024	3
6025	1
6026	3
6027	1
6028	1
6029	3
6030	6
6031	9
6032	17
6033	9
6034	3
6037	2
6038	1
6039	4
6040	3
6041	2
6042	3
6043	5
6044	5
6045	6
6046	5
6047	7
6048	8
6049	11
6050	4
6051	3
6052	2
6053	1
6054	1
6055	1
6056	1
6057	2
6058	3
6059	2
6060	3
6061	1
6062	4
6064	3
6065	2
6066	1
6067	1
6068	1
6069	6
6070	4
6071	7
6072	2
6073	4
6074	8
6075	15
6076	2
6077	3
6078	3
6079	4
6080	4
6081	3
6082	10
6083	15
6084	12
6085	7
6086	5
6087	11
6088	7
6089	9
6090	4
6091	5
6092	8
6093	5
6094	17
6095	4
6096	2
6097	3
6098	7
6099	6
6100	4
6101	4
6102	13
6103	9
6104	4
6105	5
6106	5
6107	2
6108	4
6109	4
6110	6
6111	4
6112	6
6113	4
6114	11
6115	3
6116	6
6117	12
6118	40
6119	5
6120	3
6121	2
6122	4
6123	5
6124	4
6125	4
6126	5
6127	7
6128	7
6129	9
6130	4
6131	8
6132	8
6133	8
6134	6
6135	14
6136	11
6137	9
6138	4
6139	12
6140	18
6141	7
6143	1
6144	2
6145	1
6146	2
6147	2
6148	1
6149	4
6150	3
6151	3
6153	2
6154	1
6155	2
6156	1
6157	2
6158	3
6159	1
6160	1
6161	2
6162	9
6163	2
6164	6
6165	4
6166	5
6167	6
6168	4
6169	2
6170	2
6171	1
6172	5
6173	3
6174	2
6175	2
6176	3
6177	6
6178	11
6179	7
6180	2
6181	1
6182	6
6183	2
6184	3
6185	4
6186	1
6187	12
6188	6
6189	10
6190	3
6191	1
6192	4
6195	3
6196	1
6197	2
6199	2
6200	1
6201	2
6202	1
6203	2
6204	3
6205	3
6206	1
6207	4
6208	5
6209	2
6211	3
6212	3
6213	1
6214	3
6215	3
6216	2
6217	8
6218	5
6219	1
6220	2
6221	2
6222	9
6223	6
6224	3
6225	2
6226	5
6227	15
6228	11
6229	18
6230	3
6231	9
6232	21
6233	1
6235	1
6237	1
6240	2
6241	1
6242	4
6245	1
6247	1
6248	1
6249	2
6250	3
6251	1
6252	1
6253	3
6254	3
6255	4
6256	3
6257	4
6258	4
6259	3
6260	3
6261	3
6262	3
6263	9
6264	3
6265	2
6266	4
6267	6
6268	15
6269	2
6271	2
6272	1
6273	3
6274	5
6275	5
6276	3
6277	3
6278	3
6279	2
6280	3
6281	3
6282	3
6283	3
6284	9
6285	10
6286	8
6287	12
6288	11
6289	13
6290	10
6291	3
6292	5
6294	1
6295	2
6296	1
6297	4
6298	1
6299	4
6300	6
6301	2
6302	2
6303	2
6304	2
6305	4
6306	2
6307	4
6308	3
6309	2
6310	1
6312	6
6313	1
6314	3
6316	3
6317	1
6318	1
6319	2
6320	1
6321	1
6323	2
6325	2
6327	3
6328	2
6329	7
6331	2
6332	1
6336	1
6338	1
6339	1
6340	1
6341	3
6346	3
6348	2
6349	1
6353	1
6354	3
6355	3
6356	1
6357	4
6359	1
6361	1
6362	1
6363	1
6365	2
6367	2
6368	2
6369	1
6370	4
6371	2
6372	1
6373	2
6374	3
6375	1
6377	3
6378	2
6379	2
6380	3
6382	9
6383	2
6384	4
6385	13
6386	3
6387	1
6388	7
6389	9
6390	6
6391	9
6392	9
6393	7
6394	4
6395	9
6396	1
6397	5
6398	9
6399	6
6400	20
6401	8
6402	1
6403	2
6405	1
6406	1
6407	1
6409	2
6411	1
6412	1
6414	1
6415	1
6416	2
6417	1
6418	1
6419	1
6421	2
6423	2
6424	1
6425	1
6426	1
6427	1
6429	3
6433	1
6434	1
6435	3
6436	1
6438	1
6441	1
6443	1
6446	2
6448	10
6449	13
6450	1
6452	1
6453	1
6454	1
6456	2
6457	4
6458	2
6459	3
6460	1
6461	3
6462	3
6463	2
6464	5
6465	5
6466	1
6467	1
6468	3
6469	2
6472	2
6473	2
6474	3
6475	1
6476	1
6477	2
6478	2
6479	9
6480	4
6481	10
6482	10
6483	14
6484	1
6485	8
6486	9
6487	3
6488	3
6489	1
6490	2
6491	1
6492	1
6493	2
6494	8
6495	4
6496	4
6497	6
6498	3
6499	4
6500	27
6501	6
6502	5
6503	2
6504	6
6505	4
6506	12
6507	5
6508	2
6509	3
6510	9
6511	8
6512	16
6513	13
6514	6
6515	8
6516	25
6517	16
6518	5
6519	6
6520	3
6522	1
6523	2
6524	2
6525	1
6526	2
6527	1
6528	3
6529	3
6530	6
6531	5
6532	1
6533	2
6535	2
6536	3
6537	4
6538	1
6539	1
6541	2
6542	4
6543	3
6544	2
6545	7
6546	10
6547	6
6548	8
6549	2
6550	5
6551	8
6552	7
6559	2
6561	2
6566	1
6567	1
6568	1
6570	1
6573	1
6574	1
6577	1
6580	1
6582	1
6583	1
6587	1
6588	1
6589	1
6590	1
6593	1
6595	2
6597	2
6598	2
6599	1
6600	2
6601	2
6602	1
6605	1
6606	1
6608	2
6610	5
6611	4
6612	2
6613	2
6615	4
6616	4
6617	12
6618	2
6620	8
6621	10
6622	1
6623	14
6624	3
6625	6
6626	11
6627	31
6628	20
6630	1
6631	3
6632	1
6633	1
6634	3
6636	1
6637	2
6639	2
6640	1
6641	2
6642	1
6643	3
6646	1
6647	2
6648	1
6649	3
6650	5
6651	3
6652	7
6653	10
6654	3
6655	9
6656	8
6657	1
6658	17
6659	19
6660	12
6661	50
6662	32
6663	17
6664	17
6665	1
6666	2
6667	4
6668	6
6671	1
6672	1
6673	1
6674	2
6675	2
6677	3
6678	3
6679	2
6680	1
6681	4
6684	2
6685	3
6687	4
6691	5
6692	4
6693	2
6694	1
6695	2
6696	1
6700	1
6701	2
6702	3
6703	1
6704	3
6705	2
6706	2
6708	1
6709	5
6710	3
6711	9
6712	28
6713	1
6715	4
6716	7
6717	4
6718	1
6719	3
6720	11
6721	11
6722	15
6723	4
6724	6
6725	4
6726	4
6727	11
6728	3
6730	3
6732	1
6735	1
6738	1
6739	1
6740	2
6742	2
6743	3
6745	2
6748	1
6749	1
6753	1
6754	1
6755	1
6758	2
6759	1
6760	3
6762	1
6764	1
6766	1
6768	1
6771	1
6773	4
6774	4
6775	3
6776	3
6777	1
6778	2
6781	1
6782	1
6783	1
6784	1
6785	2
6790	1
6794	1
6795	3
6796	4
6797	6
6798	1
6799	1
6800	2
6801	2
6803	8
6804	3
6805	1
6806	8
6807	4
6808	3
6809	3
6810	10
6811	4
6812	2
6813	4
6814	2
6815	1
6816	1
6817	1
6818	15
6819	15
6820	7
6822	1
6823	2
6825	2
6826	2
6827	2
6828	1
6829	1
6831	1
6832	6
6833	1
6834	1
6837	4
6838	6
6839	2
6840	2
6841	5
6843	3
6844	2
6845	4
6846	2
6847	3
6848	5
6849	2
6850	5
6851	1
6852	4
6853	11
6854	2
6855	12
6856	8
6857	6
6858	19
6859	13
6860	17
6861	24
6862	29
6863	10
6864	1
6865	4
6866	2
6867	2
6868	6
6869	10
6871	1
6872	11
6873	1
6874	4
6875	1
6876	1
6877	1
6879	5
6880	4
6881	1
6885	1
6886	2
6890	2
6891	1
6892	2
6894	1
6898	2
6900	2
6902	1
6906	2
6907	1
6912	1
6915	1
6916	1
6917	4
6919	2
6920	4
6921	2
6923	2
6924	1
6925	1
6926	1
6929	2
6930	2
6932	7
6933	2
6934	3
6935	3
6936	1
6938	2
6939	1
6941	1
6942	1
6943	1
6944	4
6945	2
6946	3
6947	1
6948	2
6949	1
6950	7
6951	6
6952	1
6953	2
6954	2
6955	3
6956	4
6957	8
6958	4
6959	7
6960	2
6961	12
6962	8
6963	14
6964	16
6965	2
6966	2
6967	1
6968	2
6969	1
6971	2
6972	1
6975	1
6976	1
6984	1
6986	2
6988	1
6989	1
6997	2
6998	1
7000	3
7001	1
7002	2
7006	1
7007	1
7011	2
7012	2
7014	1
7017	1
7023	1
7024	2
7025	1
7026	3
7027	1
7030	1
7031	2
7032	1
7034	3
7035	2
7037	2
7039	3
7040	1
7041	1
7042	2
7043	1
7044	1
7045	1
7046	1
7047	1
7048	3
7049	3
7050	1
7051	2
7052	3
7053	2
7054	1
7055	3
7056	1
7058	4
7059	1
7061	2
7063	1
7064	3
7066	2
7068	3
7071	1
7072	3
7074	1
7075	2
7076	1
7077	3
7078	2
7079	1
7080	1
7081	1
7082	5
7083	2
7084	1
7085	3
7086	1
7087	4
7089	1
7090	2
7091	1
7092	3
7093	2
7094	2
7095	2
7097	3
7098	1
7099	1
7101	1
7102	7
7103	1
7105	4
7106	3
7107	3
7108	4
7109	2
7110	4
7111	4
7112	2
7113	8
7114	2
7115	8
7116	1
7117	3
7118	1
7119	1
7120	1
7122	1
7123	2
7125	3
7126	5
7127	5
7128	1
7129	9
7130	1
7131	1
7132	2
7133	4
7134	2
7136	2
7138	4
7139	2
7140	2
7144	3
7146	1
7147	2
7148	1
7150	2
7152	1
7153	2
7154	1
7156	2
7157	2
7158	3
7159	1
7161	2
7163	2
7166	2
7167	1
7168	2
7169	2
7170	3
7173	1
7175	2
7176	1
7177	4
7178	1
7179	3
7180	1
7181	3
7182	1
7183	2
7185	5
7186	1
7187	1
7188	2
7189	1
7190	2
7191	3
7192	2
7193	1
7194	2
7195	2
7196	2
7197	2
7198	4
7199	2
7200	3
7201	4
7202	3
7203	8
7204	2
7205	14
7206	8
7207	1
7208	12
7209	1
7210	2
7211	1
7212	5
7213	11
7214	1
7215	2
7216	1
7217	3
7218	2
7219	4
7220	1
7221	1
7222	4
7223	4
7224	7
7225	4
7226	3
7227	3
7228	2
7229	3
7230	3
7231	1
7232	2
7233	2
7234	1
7235	1
7236	1
7237	2
7238	4
7240	1
7241	2
7242	1
7245	1
7246	2
7247	1
7249	1
7251	2
7253	1
7254	1
7255	1
7256	5
7257	5
7258	5
7259	13
7260	7
7261	14
7262	38
7264	3
7265	2
7266	2
7267	2
7268	2
7269	3
7270	1
7271	1
7272	3
7273	9
7274	3
7275	1
7276	3
7277	2
7278	3
7279	2
7280	2
7281	3
7283	1
7284	1
7286	2
7289	2
7290	2
7291	1
7292	1
7293	1
7295	1
7300	1
7303	1
7304	1
7305	2
7307	1
7308	1
7309	2
7310	2
7311	2
7312	1
7313	1
7314	2
7316	2
7318	1
7319	1
7321	1
7322	14
7323	25
7324	36
7326	2
7328	1
7330	3
7331	1
7332	1
7333	1
7334	1
7337	2
7338	1
7339	1
7340	1
7342	2
7344	1
7345	3
7347	3
7348	1
7349	3
7350	2
7351	3
7353	1
7354	1
7355	1
7356	2
7358	1
7359	4
7360	1
7361	1
7362	2
7363	14
7364	3
7365	3
7366	2
7367	5
7370	1
7371	1
7376	2
7377	1
7380	3
7381	1
7382	7
7383	2
7385	9
7386	4
7387	2
7388	1
7390	1
7392	2
7393	1
7394	16
7395	40
7396	25
7397	2
7398	1
7400	5
7401	2
7402	1
7403	5
7404	6
7405	1
7407	4
7408	1
7409	2
7410	2
7411	1
7412	1
7413	3
7414	2
7415	8
7416	11
7417	9
7418	10
7419	2
7420	3
7421	11
7422	4
7423	2
7424	1
7425	1
7426	1
7428	2
7430	1
7431	1
7432	2
7433	1
7434	2
7435	3
7436	4
7437	2
7438	3
7439	6
7440	5
7441	5
7442	3
7443	4
7444	5
7445	2
7446	17
7447	6
7448	1
7449	2
7450	1
7453	1
7455	2
7456	1
7457	2
7458	2
7459	2
7460	4
7461	3
7462	3
7463	3
7464	3
7465	4
7466	3
7467	3
7469	3
7470	3
7471	9
7472	24
7473	10
7474	2
7475	3
7476	2
7477	1
7479	1
7481	1
7482	1
7483	1
7485	11
7492	1
7493	1
7494	1
7501	2
7503	1
7504	1
7505	1
7509	1
7511	1
7514	1
7518	1
7521	1
7528	1
7529	2
7530	1
7533	1
7536	1
7537	1
7538	2
7541	1
7545	1
7546	1
7548	1
7549	1
7551	1
7552	1
7553	2
7555	2
7558	1
7561	1
7563	1
7565	1
7566	1
7571	1
7573	1
7574	1
7575	1
7577	2
7580	1
7581	2
7585	2
7587	2
7588	35
7589	5
7590	11
7591	5
7592	1
7593	1
7594	1
7596	2
7598	1
7600	1
7601	1
7602	1
7603	1
7604	1
7605	3
7606	1
7608	1
7609	2
7611	1
7613	3
7614	4
7615	1
7616	7
7617	2
7619	1
7621	1
7623	1
7625	1
7628	2
7629	1
7631	1
7633	2
7634	2
7639	1
7640	1
7641	1
7644	2
7646	2
7647	4
7649	2
7651	2
7652	1
7653	1
7654	3
7655	1
7656	3
7657	2
7658	2
7659	4
7660	1
7661	4
7662	6
7663	10
7664	6
7665	3
7666	5
7667	6
7668	2
7669	5
7672	1
7673	4
7676	2
7677	1
7678	1
7680	2
7681	3
7682	1
7683	1
7684	2
7685	1
7686	2
7687	1
7688	1
7690	1
7691	1
7695	2
7697	1
7698	1
7699	1
7700	1
7701	1
7702	1
7703	1
7704	2
7705	1
7706	2
7707	1
7708	2
7709	3
7710	13
7711	2
7712	1
7713	3
7714	1
7715	1
7716	8
7718	3
7719	6
7720	6
7721	1
7723	1
7724	4
7725	6
7726	2
7727	4
7728	2
7729	5
7730	1
7731	1
7733	1
7735	1
7736	1
7737	1
7740	1
7741	2
7743	1
7744	2
7745	1
7747	1
7748	1
7749	2
7750	1
7752	2
7756	2
7757	2
7759	1
7760	1
7762	5
7763	1
7764	1
7765	1
7766	4
7767	4
7769	5
7770	12
7771	1
7772	3
7773	2
7776	1
7777	1
7778	1
7779	1
7780	1
7781	1
7783	1
7784	1
7785	2
7786	1
7788	1
7790	1
7791	1
7792	1
7793	1
7794	2
7796	2
7797	1
7802	1
7803	3
7804	3
7805	1
7807	1
7808	1
7809	6
7810	5
7811	5
7812	5
7814	1
7816	5
7817	1
7818	4
7819	8
7820	3
7822	1
7823	1
7824	3
7825	1
7826	1
7828	2
7829	1
7830	3
7834	3
7835	2
7837	3
7838	5
7840	4
7841	3
7842	1
7843	5
7844	4
7845	4
7846	7
7847	7
7848	17
7849	2
7850	2
7851	4
7852	2
7853	2
7854	1
7855	2
7856	1
7858	1
7865	1
7870	1
7877	2
7881	1
7883	1
7884	1
7886	1
7888	2
7889	2
7893	2
7894	2
7895	5
7896	2
7898	4
7899	3
7900	4
7901	1
7902	3
7903	3
7904	1
7905	2
7906	2
7907	3
7908	5
7909	2
7910	5
7911	1
7912	5
7913	5
7914	5
7915	6
7916	1
7917	4
7918	3
7919	3
7920	3
7921	15
7922	2
7923	1
7925	1
7926	1
7928	1
7929	1
7931	3
7932	2
7933	6
7934	2
7935	3
7936	1
7937	3
7938	1
7939	3
7940	1
7941	4
7942	3
7943	1
7944	2
7945	2
7946	1
7947	5
7948	1
7950	1
7951	3
7952	1
7953	1
7955	1
7957	1
7958	4
7959	3
7960	2
7961	1
7962	1
7963	2
7964	4
7965	13
7966	19
7967	8
7968	1
7974	1
7975	1
7978	3
7979	11
7980	5
7981	15
7982	4
7984	5
7985	8
7986	1
7987	4
7988	7
7989	1
7993	1
7994	1
7995	2
7996	1
7998	2
8000	2
8002	12
8003	7
8004	1
8005	1
8006	1
8007	1
8008	3
8009	13
8010	2
8011	1
8012	3
8013	3
8014	8
8015	4
8016	1
8017	2
8018	4
8019	11
8022	1
8025	1
8026	1
8031	1
8033	1
8041	1
8051	1
8056	2
8057	1
8066	3
8069	1
8070	3
8071	2
8072	5
8073	19
8074	1
8076	6
8079	1
8088	1
8095	1
8096	1
8098	1
8100	2
8104	1
8106	3
8110	1
8116	2
8119	1
8123	2
8126	1
8128	1
8132	1
8133	1
8135	1
8139	1
8140	1
8142	1
8143	4
8148	1
8149	7
8150	1
8151	1
8152	1
8155	1
8162	2
8166	1
8167	4
8170	1
8171	7
8172	1
8173	3
8174	1
8175	1
8176	1
8177	3
8178	3
8180	1
8181	2
8182	1
8185	2
8186	2
8188	2
8189	3
8193	1
8194	3
8195	1
8197	2
8198	2
8199	2
8200	5
8201	2
8202	4
8204	4
8206	5
8207	3
8208	1
8209	1
8210	2
8211	2
8212	1
8213	3
8214	5
8215	9
8216	1
8217	65
8218	4
8225	1
8227	1
8228	3
8229	2
8230	1
8231	1
8233	2
8234	1
8236	1
8237	1
8243	1
8244	4
8245	1
8246	8
8250	1
8251	1
8253	1
8255	1
8256	1
8257	1
8258	1
8259	2
8260	1
8261	1
8262	3
8264	1
8265	1
8266	2
8270	1
8272	2
8273	1
8274	1
8275	1
8276	1
8277	3
8279	3
8280	1
8282	2
8289	1
8290	1
8291	1
8292	2
8293	5
8294	4
8295	1
8296	1
8299	1
8300	1
8302	1
8303	1
8304	3
8305	1
8306	8
8307	2
8308	1
8309	1
8310	1
8311	1
8312	1
8313	4
8314	3
8315	2
8316	3
8317	2
8318	3
8319	3
8320	2
8321	6
8323	4
8324	4
8325	5
8326	4
8327	4
8328	2
8329	2
8330	2
8331	1
8333	2
8336	2
8338	1
8341	5
8342	4
8343	2
8346	4
8347	3
8348	4
8349	1
8350	1
8353	11
8354	3
8355	1
8356	1
8358	2
8359	5
8360	1
8361	3
8362	3
8363	4
8365	2
8367	3
8369	1
8371	2
8372	1
8373	1
8378	1
8379	1
8381	1
8382	2
8384	2
8385	1
8386	2
8388	3
8390	1
8391	1
8392	1
8395	1
8398	1
8399	1
8401	2
8402	2
8403	1
8404	1
8405	4
8408	1
8409	2
8410	2
8412	1
8413	9
8416	1
8419	1
8421	1
8422	1
8423	1
8424	3
8428	1
8432	1
8434	3
8441	1
8442	1
8444	1
8445	1
8446	1
8450	2
8451	1
8452	1
8454	2
8455	1
8456	1
8457	4
8458	3
8459	14
8461	1
8462	3
8464	2
8465	3
8467	2
8468	1
8470	1
8472	1
8473	1
8474	1
8476	1
8477	1
8479	1
8487	1
8488	1
8491	1
8495	1
8500	2
8501	1
8502	1
8505	1
8506	1
8508	1
8511	2
8513	1
8514	1
8517	1
8519	1
8520	1
8525	1
8527	1
8530	1
8532	1
8534	2
8535	1
8537	1
8538	1
8539	1
8544	1
8546	2
8547	1
8548	1
8549	2
8551	2
8554	1
8556	1
8557	3
8558	1
8559	3
8561	1
8562	4
8563	2
8565	1
8566	2
8567	4
8568	3
8569	2
8570	1
8571	1
8572	6
8573	3
8574	10
8575	3
8577	1
8578	1
8579	1
8580	24
8581	6
8582	15
8583	1
8584	2
8585	4
8586	3
8587	5
8588	17
8589	14
8590	17
8591	7
8592	6
8593	3
8594	3
8595	1
8596	5
8597	1
8598	3
8599	3
8600	1
8601	6
8602	8
8605	2
8607	1
8609	1
8612	2
8614	1
8619	1
8624	2
8630	1
8631	1
8637	1
8638	1
8641	1
8650	2
8653	1
8656	1
8659	1
8660	1
8664	8
8665	12
8666	8
8667	6
8668	4
8669	3
8673	1
8674	4
8675	1
8676	2
8677	3
8678	3
8679	4
8680	6
8681	1
8682	10
8683	3
8684	4
8685	7
8686	8
8687	2
8688	3
8689	2
8690	7
8691	3
8692	1
8693	1
8694	1
8699	1
8701	1
8709	1
8715	1
8719	1
8722	1
8725	1
8727	1
8728	1
8733	1
8734	1
8735	1
8736	1
8739	1
8740	1
8741	1
8742	1
8744	1
8745	5
8746	3
8747	1
8748	1
8749	1
8750	1
8751	4
8754	1
8756	1
8760	1
8762	2
8763	1
8764	1
8765	1
8771	2
8776	1
8777	1
8778	1
8779	1
8782	1
8785	1
8786	2
8787	1
8789	1
8790	2
8792	12
8793	1
8794	2
8795	2
8796	2
8798	3
8799	1
8800	4
8801	2
8805	1
8806	1
8807	2
8808	1
8809	2
8810	1
8812	2
8813	10
8814	9
8815	10
8816	1
8820	1
8821	1
8822	1
8823	1
8827	3
8829	1
8830	3
8831	2
8832	1
8834	1
8837	1
8840	1
8845	1
8846	1
8850	1
8851	1
8852	1
8853	1
8854	1
8855	1
8856	2
8857	2
8858	3
8859	1
8860	3
8861	1
8862	1
8863	1
8864	2
8866	6
8867	3
8868	2
8869	2
8871	2
8873	2
8874	1
8876	2
8877	2
8878	4
8879	4
8880	3
8881	1
8882	6
8883	6
8884	1
8885	3
8887	1
8888	1
8892	1
8894	1
8902	1
8906	1
8908	1
8912	1
8913	1
8915	1
8917	1
8922	2
8924	1
8926	1
8929	2
8932	3
8933	1
8934	6
8940	2
8941	1
8942	1
8946	1
8950	1
8953	1
8956	1
8957	1
8963	1
8968	1
8971	1
8972	1
8977	1
8981	1
8982	2
8984	1
8985	1
8986	1
8987	2
8990	1
8992	1
8993	1
8995	1
8996	1
8997	2
8998	9
9000	8
9001	3
9004	1
9006	1
9014	1
9015	1
9020	2
9021	1
9022	1
9027	1
9029	3
9030	4
9031	1
9032	2
9033	2
9034	1
9036	1
9037	3
9038	1
9040	2
9041	1
9043	1
9045	1
9047	1
9048	1
9050	1
9051	1
9052	1
9054	4
9055	3
9057	4
9058	40
9059	26
9060	15
9061	5
9062	3
9064	9
9065	13
9066	26
9067	4
9068	1
9071	1
9073	1
9075	3
9077	1
9078	2
9079	2
9081	1
9082	1
9083	1
9086	1
9089	3
9091	1
9096	1
9098	4
9099	1
9100	1
9101	4
9102	4
9103	1
9104	5
9105	1
9106	2
9108	2
9109	2
9110	3
9111	6
9113	4
9114	3
9115	1
9117	2
9118	1
9119	4
9120	4
9121	2
9122	2
9123	4
9124	2
9125	1
9126	4
9128	2
9129	1
9131	5
9132	1
9133	4
9134	3
9135	4
9136	5
9137	3
9138	4
9139	2
9140	3
9141	6
9142	2
9143	1
9144	2
9145	2
9146	1
9147	3
9150	1
9151	1
9152	1
9154	2
9155	1
9156	2
9158	1
9159	3
9160	1
9161	1
9163	1
9166	1
9167	3
9168	1
9170	1
9171	2
9172	2
9173	2
9175	1
9176	2
9177	2
9178	1
9179	3
9181	5
9182	3
9183	2
9184	5
9185	5
9186	3
9187	4
9188	3
9189	4
9190	9
9191	1
9192	2
9193	1
9195	1
9196	1
9199	1
9202	1
9203	1
9209	1
9213	1
9214	1
9215	2
9217	3
9218	1
9219	1
9223	1
9224	2
9226	1
9229	1
9230	1
9231	1
9232	1
9233	1
9236	1
9237	1
9243	1
9244	1
9245	2
9247	4
9255	2
9256	1
9272	1
9273	1
9274	1
9282	1
9286	1
9287	2
9292	1
9295	1
9301	1
9304	1
9310	1
9311	1
9313	1
9322	1
9323	4
9324	1
9325	1
9326	4
9331	1
9332	1
9333	1
9334	11
9341	1
9351	1
9356	2
9358	1
9363	1
9365	1
9369	2
9370	1
9375	1
9377	1
9386	1
9388	1
9389	2
9390	1
9403	1
9407	1
9409	1
9410	1
9411	1
9425	1
9426	1
9429	1
9430	2
9431	1
9432	2
9434	1
9443	2
9445	1
9449	1
9451	4
9452	1
9453	3
9454	10
9456	3
9457	1
9459	1
9463	2
9465	1
9468	1
9475	1
9492	3
9493	1
9498	1
9500	19
9504	1
9506	1
9511	1
9512	1
9517	1
9519	2
9521	2
9522	1
9523	1
9524	1
9525	2
9526	2
9527	1
9528	1
9529	1
9530	2
9531	1
9533	5
9534	3
9535	2
9537	3
9539	2
9540	1
9541	1
9542	1
9546	2
9547	1
9549	1
9550	3
9551	1
9552	1
9553	3
9554	2
9562	1
9564	1
9565	1
9566	1
9574	2
9575	2
9577	1
9578	1
9579	2
9581	1
9582	1
9583	1
9586	2
9587	1
9588	1
9589	2
9590	2
9591	1
9593	4
9594	2
9595	3
9597	3
9609	1
9610	1
9614	1
9615	1
9616	1
9619	1
9620	2
9621	2
9624	1
9625	1
9626	1
9627	1
9628	1
9629	2
9630	1
9633	1
9634	1
9635	1
9636	2
9637	1
9638	6
9639	1
9640	1
9642	4
9643	12
9644	12
9645	7
9646	12
9647	10
9649	17
9650	1
9653	1
9655	1
9656	1
9659	1
9662	1
9663	2
9665	1
9666	1
9669	1
9672	2
9680	1
9681	1
9688	1
9694	1
9698	1
9703	1
9704	1
9705	2
9712	1
9714	19
9715	1
9716	3
9717	3
9718	3
9719	1
9720	2
9721	2
9722	1
9727	2
9731	1
9732	1
9735	14
9736	3
9737	2
9738	5
9739	1
9740	2
9743	76
9755	1
9761	3
9766	1
9776	2
9787	1
9794	1
9795	1
9797	1
9799	1
9810	2
9811	1
9812	1
9813	1
9814	1
9815	88
9816	2
9817	2
9818	1
9819	4
9820	2
9822	2
9823	1
9826	1
9827	2
9828	2
9831	1
9832	2
9833	1
9835	3
9836	2
9837	2
9840	2
9841	3
9842	1
9844	1
9845	2
9848	1
9849	1
9850	3
9851	2
9852	1
9853	2
9855	1
9856	4
9857	1
9858	1
9859	6
9861	2
9862	2
9863	2
9864	2
9865	1
9866	2
9867	3
9868	2
9869	1
9870	1
9871	1
9872	4
9873	1
9874	3
9877	1
9878	1
9879	1
9880	1
9881	1
9882	1
9883	1
9884	1
9885	2
9888	3
9889	1
9890	2
9891	5
9892	2
9893	5
9894	3
9897	1
9899	2
9900	2
9903	1
9907	1
9909	2
9910	1
9912	1
9913	2
9914	3
9916	1
9917	2
9918	2
9921	1
9923	2
9925	3
9926	2
9927	3
9928	7
9929	2
9930	1
9931	1
9932	5
9933	5
9934	12
9935	6
9936	7
9944	52
9945	8
9947	7
9948	1
9949	13
9950	11
9953	2
9956	1
9958	1
9960	1
9967	2
9969	1
9973	3
9980	2
9984	1
9986	1
9995	2
9997	1
9998	1
10000	1
10001	1
10004	1
10005	1
10007	1
10009	1
10011	1
10012	2
10022	1
10023	1
10026	2
10027	1
10029	1
10030	1
10032	1
10035	1
10040	1
10041	1
10042	1
10045	1
10048	2
10049	1
10050	1
10051	2
10053	2
10056	2
10058	1
10061	1
10066	1
10068	2
10069	2
10071	1
10073	1
10074	1
10075	1
10076	1
10077	1
10079	1
10085	1
10087	1
10088	3
10089	1
10095	1
10097	1
10098	1
10099	3
10101	1
10102	2
10103	1
10104	3
10105	1
10107	1
10110	1
10111	1
10112	1
10116	2
10119	1
10120	1
10122	1
10123	2
10124	1
10130	1
10134	1
10135	1
10138	1
10139	1
10140	1
10146	2
10152	2
10153	1
10157	2
10159	1
10160	1
10161	1
10163	1
10167	2
10170	1
10171	1
10172	1
10176	1
10178	1
10179	1
10180	2
10183	1
10185	2
10186	1
10187	2
10188	1
10192	1
10193	1
10194	1
10195	3
10200	1
10201	1
10202	1
10203	3
10205	2
10206	3
10207	1
10209	1
10210	1
10211	1
10212	1
10213	1
10214	1
10215	2
10217	2
10218	1
10219	2
10220	2
10221	1
10223	2
10225	1
10226	1
10230	1
10232	2
10233	1
10234	1
10237	2
10239	1
10242	1
10243	1
10244	1
10246	5
10247	1
10248	2
10249	1
10250	3
10251	1
10252	1
10253	1
10254	2
10255	2
10256	3
10257	1
10259	2
10261	2
10262	4
10263	1
10264	2
10266	5
10267	2
10268	3
10270	6
10271	10
10272	2
10273	10
10274	7
10275	1
10276	1
10279	2
10281	1
10284	1
10287	1
10288	2
10289	1
10291	1
10292	2
10295	3
10298	2
10299	3
10300	1
10301	1
10303	2
10304	4
10307	1
10308	1
10309	1
10310	1
10311	3
10312	2
10313	2
10314	1
10315	3
10316	2
10317	2
10318	2
10319	5
10320	3
10321	5
10322	5
10323	9
10324	9
10325	4
10327	1
10329	1
10332	2
10333	1
10334	1
10339	2
10341	2
10342	1
10343	2
10344	1
10346	2
10352	1
10353	1
10355	1
10356	1
10357	2
10358	1
10359	1
10360	1
10363	1
10364	2
10365	2
10366	2
10367	1
10368	1
10369	2
10370	1
10372	1
10373	1
10375	1
10376	3
10378	2
10379	1
10380	8
10381	7
10382	5
10383	6
10384	5
10387	3
10388	2
10389	4
10390	2
10392	4
10393	2
10394	1
10425	1
10437	1
10438	2
10441	1
10442	1
10443	1
10447	1
10454	1
10455	2
10460	1
10466	1
10469	2
10473	1
10479	1
10480	3
10482	1
10484	1
10485	1
10487	2
10488	1
10490	1
10492	1
10493	1
10494	1
10496	1
10498	1
10499	1
10500	2
10502	2
10503	1
10504	3
10505	2
10506	4
10507	2
10508	3
10509	3
10510	2
10511	4
10512	6
10513	1
10514	4
10515	3
10516	2
10517	1
10518	2
10520	1
10521	1
10522	1
10524	1
10528	1
10530	1
10531	1
10537	1
10539	1
10550	1
10562	2
10567	1
10572	1
10575	1
10576	2
10577	1
10578	30
10579	54
10582	1
10583	2
10587	1
10589	2
10590	2
10591	9
10592	1
10602	1
10625	2
10649	1
10663	1
10679	1
10686	1
10688	1
10692	1
10697	1
10698	1
10705	1
10708	1
10712	1
10718	1
10730	1
10732	1
10736	1
10737	2
10754	1
10757	2
10763	1
10774	1
10781	1
10788	1
10795	1
10796	1
10800	10
10801	2
10803	2
10804	2
10805	1
10807	1
10808	2
10814	1
10818	1
10820	2
10821	1
10825	1
10833	1
10844	1
10850	1
10855	1
10856	1
10864	2
10866	1
10867	1
10868	1
10870	1
10877	2
10878	2
10881	1
10885	1
10886	1
10887	3
10891	7
10892	2
10893	2
10894	3
10895	16
10896	6
10897	10
10898	6
10899	10
10900	5
10901	21
10902	8
10903	2
10904	1
10907	2
10908	3
10909	2
10910	3
10911	3
10912	1
10913	1
10914	1
10915	2
10917	1
10918	1
10919	2
10921	3
10924	1
10925	1
10926	1
10927	1
10929	2
10930	1
10931	1
10932	3
10936	2
10937	1
10939	1
10940	11
10941	2
10943	2
10944	1
10945	2
10946	2
10948	2
10949	1
10950	2
10951	1
10952	3
10953	4
10954	4
10955	3
10956	5
10958	1
10959	2
10960	1
10963	1
10965	1
10966	1
10967	1
10968	1
10969	1
10971	1
10974	1
10975	2
10976	1
10977	1
10979	1
10982	2
10984	2
10985	4
10986	5
10987	1
10988	1
10989	4
10990	1
10991	3
10992	4
10993	1
10998	1
11002	1
11003	1
11004	1
11005	1
11007	1
11008	3
11009	1
11010	6
11011	10
11012	1
11013	3
11014	3
11015	6
11016	5
11023	1
11024	1
11025	2
11031	6
11032	1
11035	1
11043	1
11047	1
11048	3
11050	1
11053	1
11055	1
11066	1
11067	1
11075	1
11077	1
11079	1
11080	1
11083	1
11087	1
11088	2
11091	1
11095	1
11097	1
11099	1
11101	1
11102	1
11107	1
11109	1
11113	1
11114	2
11118	3
11126	1
11127	1
11139	2
11142	1
11143	1
11146	1
11151	1
11153	1
11154	1
11155	1
11156	1
11162	3
11164	1
11169	1
11171	1
11174	1
11175	1
11176	2
11177	3
11178	1
11179	9
11180	2
11181	2
11182	7
11183	23
11184	24
11185	25
11186	9
11189	2
11193	1
11194	2
11195	1
11197	1
11199	1
11204	1
11205	1
11208	1
11209	1
11211	1
11212	1
11213	1
11214	1
11215	4
11217	1
11220	1
11221	1
11222	2
11223	1
11224	3
11226	2
11228	1
11231	1
11233	1
11235	1
11236	2
11239	2
11245	1
11246	1
11247	1
11248	14
11249	6
11250	3
11251	11
11252	29
11253	9
11254	5
11255	3
11256	1
11258	13
11259	8
11260	3
11261	6
11262	8
11263	5
11264	3
11265	4
11266	2
11267	4
11268	7
11269	2
11270	1
11275	1
11278	1
11279	1
11280	3
11284	4
11285	5
11286	1
11287	2
11288	2
11289	15
11290	1
11291	8
11292	1
11293	1
11295	1
11297	1
11300	1
11301	2
11302	1
11304	3
11305	2
11306	1
11307	2
11308	1
11310	1
11312	2
11313	3
11314	1
11315	3
11316	1
11317	1
11318	3
11319	5
11337	1
11352	1
11362	1
11375	1
11382	1
11384	1
11390	1
11391	1
11451	1
11461	1
11462	1
11467	1
11468	1
11479	1
11483	1
11494	2
11496	1
11501	1
11503	1
11513	1
11518	1
11523	1
11534	1
11535	1
11562	1
11565	1
11568	2
11575	1
11580	1
11593	1
11595	1
11596	1
11599	1
11600	4
11611	1
11616	1
11618	2
11622	1
11625	1
11628	1
11633	1
11640	1
11646	1
11647	1
11654	1
11656	1
11666	1
11667	1
11671	1
11672	1
11673	3
11674	2
11676	1
11677	3
11678	1
11680	1
11683	1
11685	1
11688	3
11693	1
11710	1
11714	1
11719	1
11722	1
11726	1
11732	2
11738	1
11740	1
11748	1
11759	1
11764	1
11774	1
11775	1
11777	1
11786	1
11787	1
11791	1
11803	2
11806	1
11807	1
11811	1
11815	1
11820	2
11821	3
11823	2
11831	1
11832	2
11836	1
11842	2
11843	1
11845	1
11848	1
11850	2
11852	1
11857	1
11861	1
11868	2
11869	1
11870	1
11873	1
11876	1
11880	1
11883	1
11894	1
11895	1
11900	1
11913	1
11918	1
11921	1
11922	1
11924	1
11968	1
11978	1
11981	1
11986	1
12005	1
12011	1
12017	2
12049	10
12052	1
12064	1
12085	2
12089	1
12098	1
12101	1
12103	10
12104	4
12105	2
12107	5
12108	26
12109	27
12114	1
12124	1
12138	1
12146	1
12153	2
12158	1
12161	1
12164	1
12166	1
12178	1
12183	1
12193	1
12198	1
12203	1
12210	1
12212	1
12219	2
12221	1
12223	1
12225	1
12230	2
12235	1
12242	1
12243	1
12248	1
12251	1
12258	1
12260	1
12264	1
12269	1
12273	1
12278	1
12285	1
12292	1
12293	1
12298	1
12301	1
12303	1
12307	1
12312	1
12314	1
12322	1
12323	4
12324	1
12325	1
12326	2
12327	1
12328	2
12329	2
12330	1
12331	2
12332	1
12335	2
12337	3
12339	3
12340	7
12341	4
12342	5
12343	20
12344	34
12345	4
12346	1
12347	1
12348	1
12349	1
12351	1
12353	3
12355	1
12357	1
12358	1
12360	2
12363	3
12366	2
12367	2
12369	2
12370	1
12372	1
12373	1
12374	1
12375	2
12376	1
12377	2
12378	4
12381	1
12383	1
12384	2
12385	1
12386	1
12387	1
12388	1
12390	2
12391	1
12393	2
12394	1
12395	2
12396	1
12397	12
12401	1
12402	2
12404	1
12407	1
12408	2
12410	2
12412	1
12413	1
12414	1
12415	1
12416	3
12417	1
12418	1
12419	2
12420	1
12421	4
12422	2
12423	5
12424	1
12425	1
12426	4
12427	8
12428	1
12429	8
12430	3
12431	2
12432	5
12433	6
12434	3
12435	6
12436	1
12437	3
12438	4
12439	2
12440	2
12441	4
12442	8
12443	2
12447	1
12448	2
12450	1
12458	1
12460	1
12465	1
12477	1
12478	2
12485	27
12486	73
12492	1
12495	2
12499	2
12516	2
12525	1
12529	1
12530	1
12533	2
12535	1
12536	2
12537	9
12538	7
12539	1
12540	1
12544	3
12545	1
12547	1
12554	1
12555	1
12558	1
12563	1
12568	2
12571	1
12572	1
12574	1
12578	1
12580	1
12584	1
12588	1
12589	1
12592	2
12593	1
12594	1
12597	1
12601	1
12604	3
12605	2
12607	2
12609	1
12610	1
12614	1
12618	1
12620	1
12625	1
12626	2
12631	1
12632	1
12633	3
12635	1
12636	2
12638	2
12639	1
12640	4
12641	2
12668	1
12672	1
12680	1
12687	2
12688	1
12690	2
12691	4
12693	1
12694	1
12695	1
12705	2
12709	2
12710	4
12711	1
12715	3
12719	2
12722	1
12723	2
12724	1
12727	3
12728	1
12731	1
12733	1
12736	1
12737	2
12741	1
12742	1
12743	1
12744	1
12750	1
12751	1
12760	1
12762	1
12767	1
12768	1
12775	1
12781	1
12787	1
12794	1
12796	1
12798	2
12799	2
12800	2
12802	1
12806	1
12809	1
12811	4
12812	7
12813	4
12814	2
12815	2
12816	6
12817	2
12818	8
12819	3
12820	6
12821	1
12823	1
12824	8
12825	2
12826	6
12827	2
12828	5
12830	19
12831	2
12832	7
12842	1
12844	1
12863	1
12879	1
12880	1
12882	1
12885	1
12886	4
12887	6
12889	1
12890	1
12902	2
12907	1
12914	2
12929	1
12933	1
12957	1
12969	1
12973	1
12975	1
12976	1
12993	1
13009	1
13013	1
13014	1
13024	1
13029	1
13041	1
13046	1
13047	1
13055	1
13056	1
13057	1
13058	4
13059	2
13060	2
13087	1
13093	1
13101	2
13115	1
13116	1
13117	1
13125	2
13127	1
13131	1
13132	1
13139	1
13140	2
13142	1
13145	4
13152	1
13171	1
13174	1
13178	1
13183	1
13185	1
13191	1
13192	1
13194	1
13204	1
13218	1
13230	1
13233	4
13234	1
13235	12
13236	6
13237	1
13238	3
13239	1
13242	1
13255	1
13256	2
13257	1
13258	2
13259	5
13260	6
13261	10
13262	3
13263	3
13264	8
13274	1
13296	1
13310	1
13337	1
13344	1
13352	1
13354	1
13364	1
13368	1
13370	1
13375	1
13383	1
13387	1
13413	1
13414	1
13417	1
13418	1
13421	1
13423	1
13427	1
13428	1
13438	1
13445	1
13447	1
13453	1
13457	1
13460	2
13467	1
13469	1
13471	2
13474	1
13478	1
13479	1
13480	1
13482	1
13489	1
13491	2
13496	1
13499	2
13502	1
13510	1
13513	2
13534	1
13536	2
13539	1
13546	1
13549	2
13554	1
13556	1
13557	2
13562	1
13563	1
13567	1
13570	3
13571	8
13572	3
13576	1
13584	1
13585	1
13587	2
13599	1
13601	2
13602	1
13603	1
13605	1
13606	2
13608	2
13609	1
13612	1
13614	1
13615	2
13617	1
13623	1
13624	1
13628	1
13629	1
13632	1
13633	2
13642	1
13647	1
13652	1
13656	2
13659	2
13661	1
13663	2
13664	3
13666	1
13667	1
13668	1
13670	3
13673	3
13674	1
13675	1
13676	1
13677	1
13678	1
13679	1
13681	1
13682	1
13700	1
13710	1
13713	1
13718	8
13719	2
13720	2
13721	2
13722	6
13723	1
13724	1
13725	6
13726	3
13727	2
13742	1
13807	1
13808	2
13810	1
13811	1
13812	1
13814	3
13817	1
13819	1
13821	1
13824	1
13827	1
13830	1
13832	1
13835	1
13837	1
13838	1
13839	1
13840	2
13841	1
13843	1
13844	1
13845	1
13846	2
13847	7
13848	2
13849	18
13850	20
13869	2
13896	1
13900	1
13920	1
13943	1
13944	1
13957	1
13967	1
13980	1
13981	2
13985	2
13990	1
13998	1
14006	6
14007	35
14009	1
14010	5
14011	4
14012	21
14013	3
14014	2
14015	2
14016	1
14017	2
14018	2
14019	2
14037	1
14043	1
14058	2
14059	1
14060	4
14061	3
14062	5
14063	3
14064	2
14065	21
14066	3
14067	1
14068	4
14069	2
14070	3
14072	1
14074	7
14075	1
14076	4
14077	1
14078	3
14079	5
14081	1
14095	1
14100	1
14116	1
14124	1
14132	1
14133	5
14134	1
14135	3
14136	1
14139	8
14140	4
14141	17
14142	1
14145	2
14154	1
14159	1
14162	2
14169	1
14176	1
14177	1
14181	1
14184	1
14191	1
14196	1
14199	2
14200	2
14210	1
14236	1
14251	1
14252	1
14262	1
14316	1
14324	1
14360	1
14376	1
14388	1
14391	1
14398	1
14401	1
14407	1
14435	1
14450	1
14473	1
14480	1
14486	1
14505	1
14511	1
14514	1
14520	1
14525	1
14528	1
14529	1
14533	1
14541	2
14543	1
14546	1
14551	1
14552	1
14558	2
14559	1
14563	1
14569	1
14570	1
14572	2
14574	1
14575	2
14580	2
14584	2
14585	1
14586	1
14587	1
14589	1
14590	1
14591	1
14594	2
14599	3
14601	1
14602	1
14603	1
14604	1
14606	1
14607	2
14608	1
14610	1
14611	1
14614	3
14615	1
14617	1
14618	1
14619	1
14620	1
14621	1
14622	3
14623	1
14624	2
14626	2
14627	1
14628	1
14629	1
14630	1
14631	1
14633	5
14634	1
14635	1
14636	3
14637	2
14638	1
14639	3
14640	1
14641	1
14642	3
14643	1
14644	1
14645	1
14647	4
14648	3
14649	3
14650	1
14651	3
14652	1
14653	2
14654	4
14655	4
14657	4
14658	1
14659	2
14660	4
14661	5
14662	2
14663	4
14664	3
14665	3
14666	2
14667	9
14669	3
14671	1
14672	3
14674	1
14675	1
14677	3
14679	5
14680	1
14682	3
14683	3
14684	3
14685	1
14688	1
14696	1
14711	1
14720	1
14728	1
14729	1
14736	1
14737	1
14746	1
14747	1
14751	2
14757	1
14760	1
14762	1
14764	4
14769	1
14771	1
14772	1
14773	1
14774	1
14775	2
14777	6
14778	1
14779	2
14780	2
14781	1
14782	1
14784	2
14786	1
14789	1
14790	2
14791	1
14794	1
14800	1
14802	1
14804	1
14806	3
14807	1
14809	1
14810	3
14811	1
14812	1
14816	1
14817	2
14818	1
14822	1
14828	2
14829	1
14832	1
14834	1
14835	1
14839	1
14840	1
14843	1
14849	1
14853	1
14855	1
14860	1
14864	1
14865	1
14868	1
14870	2
14872	1
14879	1
14884	1
14885	1
14886	1
14890	1
14893	2
14896	1
14898	1
14899	1
14901	1
14903	2
14904	2
14905	3
14906	5
14907	1
14908	2
14909	1
14911	1
14912	2
14920	1
14925	1
14927	1
14930	1
14934	1
14937	1
14941	1
14949	1
14966	1
14971	1
14975	1
14999	1
15004	1
15026	1
15074	1
15124	1
15172	1
15216	1
15220	2
15229	1
15258	1
15263	1
15272	1
15276	1
15280	1
15287	1
15296	1
15297	1
15301	1
15306	1
15317	1
15319	1
15326	1
15335	1
15340	2
15342	1
15344	1
15355	1
15365	1
15368	1
15377	1
15382	1
15384	9
15385	5
15386	6
15387	2
15388	6
15389	1
15390	4
15391	1
15392	14
15393	6
15394	1
15414	5
15415	6
15416	1
15466	2
15467	1
15492	1
15497	1
15503	1
15509	1
15514	1
15517	1
15525	1
15534	1
15536	1
15541	1
15550	1
15555	1
15563	1
15564	1
15565	1
15570	1
15574	1
15577	1
15579	1
15581	1
15582	1
15589	2
15592	1
15604	1
15612	1
15614	1
15615	1
15616	1
15620	1
15621	1
15625	1
15626	1
15631	1
15632	1
15634	1
15635	1
15636	1
15638	3
15639	1
15642	1
15644	1
15645	2
15647	1
15648	1
15650	1
15653	2
15655	1
15656	1
15657	2
15659	1
15660	1
15662	4
15663	1
15665	1
15666	2
15667	3
15668	2
15670	3
15672	1
15674	1
15678	1
15679	1
15680	1
15682	3
15683	1
15686	2
15687	2
15689	1
15693	1
15694	1
15695	2
15696	1
15697	1
15698	2
15700	1
15704	1
15706	1
15709	1
15712	1
15714	1
15715	1
15717	1
15718	2
15719	2
15720	1
15721	1
15722	1
15723	1
15725	6
15727	4
15728	2
15729	5
15730	7
15731	1
15732	3
15733	3
15734	3
15735	1
15736	4
15737	7
15741	1
15742	1
15746	1
15748	1
15750	1
15753	1
15754	1
15755	2
15756	1
15759	2
15760	1
15761	3
15762	2
15763	2
15764	1
15765	1
15766	20
15767	4
15768	2
15769	2
15771	1
15772	1
15773	2
15774	2
15775	1
15776	1
15777	1
15778	2
15780	1
15781	1
15782	1
15784	1
15789	1
15798	1
15806	1
15807	1
15817	1
15823	1
15826	1
15829	1
15832	1
15834	1
15837	1
15847	1
15893	2
15898	1
15906	2
15911	1
15912	1
15913	2
15914	1
15917	3
15918	2
15919	1
15920	1
15921	3
15922	1
15923	1
15925	3
15926	4
15928	2
15929	1
15930	3
15931	4
15934	3
15935	3
15937	1
15939	1
15950	2
15956	1
15977	1
15986	1
16027	1
16031	1
16062	1
16150	1
16194	1
16213	2
16218	1
16221	1
16224	1
16226	1
16229	1
16235	1
16260	1
16273	1
16276	1
16297	1
16298	1
16300	13
16319	1
16322	2
16325	1
16351	1
16371	1
16376	1
16394	2
16397	1
16402	2
16404	1
16405	1
16407	4
16408	2
16409	5
16410	12
16411	5
16412	14
16413	31
16423	1
16457	1
16525	1
16556	1
16567	1
16628	1
16639	1
16724	1
16776	1
16858	1
16859	4
16861	1
16871	1
16888	1
16915	1
16923	1
16950	1
16995	1
17032	1
17039	1
17042	1
17045	1
17049	1
17053	1
17054	4
17057	1
17058	1
17059	1
17060	1
17061	2
17063	1
17068	1
17069	5
17072	1
17074	1
17090	1
17128	1
17129	1
17130	1
17132	1
17145	2
17147	1
17148	2
17149	1
17150	6
17152	3
17153	5
17154	2
17155	2
17156	2
17159	2
17180	1
17188	1
17189	1
17190	1
17192	1
17193	1
17200	1
17201	1
17213	1
17215	2
17217	1
17219	1
17223	1
17225	5
17227	2
17228	1
17229	1
17231	1
17233	1
17235	2
17242	1
17253	1
17254	1
17268	1
17273	1
17282	1
17285	2
17288	1
17290	1
17292	1
17295	2
17299	1
17301	1
17305	2
17307	3
17308	1
17313	1
17315	1
17318	1
17320	2
17326	2
17329	1
17334	1
17335	3
17336	7
17337	1
17338	3
17339	2
17340	1
17342	2
17343	2
17344	3
17345	2
17347	2
17348	2
17618	1
17629	1
17645	1
17665	1
17703	1
17785	1
17800	1
17860	1
17871	1
17904	1
17926	1
17973	2
17976	1
17985	1
17987	1
17989	2
17990	3
17992	2
17993	1
17994	2
17995	2
17996	1
17997	2
17998	1
18001	1
18002	6
18003	3
18004	1
18005	1
18006	13
18007	2
18008	6
18009	5
18010	5
18011	4
18012	3
18013	2
18014	2
18015	1
18016	4
18017	5
18018	2
18019	1
18020	2
18021	7
18082	1
18116	1
18134	1
18138	1
18140	1
18151	3
18153	22
18154	3
18156	2
18157	4
18158	6
18159	13
18160	2
18161	7
18162	1
18163	1
18166	1
18168	1
18172	1
18174	1
18181	3
18185	1
18198	1
18202	1
18230	1
18232	2
18267	1
18270	1
18273	2
18274	1
18276	1
18277	1
18279	1
18281	1
18282	1
18283	1
18284	1
18285	1
18286	5
18287	2
18288	1
18290	2
18291	1
18292	1
18296	3
18299	1
18302	3
18303	2
18304	2
18306	2
18307	1
18308	1
18309	1
18310	1
18311	3
18312	3
18314	8
18315	2
18316	5
18318	1
18319	5
18320	8
18407	1
18414	1
18435	1
18483	1
18535	1
18545	1
18551	2
18552	1
18554	3
18556	4
18558	1
18559	1
18612	1
18666	1
18667	1
18676	1
18712	1
18763	1
19016	1
19050	1
19148	1
19172	1
19178	1
19192	1
19197	1
19202	1
19204	2
19205	1
19213	1
19229	1
19264	1
19282	1
19298	1
19301	1
19310	1
19320	1
19336	1
19351	1
19353	1
19361	1
19365	1
19367	1
19371	1
19372	1
19381	3
19382	1
19449	1
19471	1
19501	1
19570	1
19661	1
19677	1
19680	1
19683	1
19687	1
19688	1
19689	1
19690	1
19694	1
19701	2
19703	8
19704	19
19714	1
19716	1
19717	1
19721	2
19722	5
19723	2
19724	3
19725	1
19726	1
19729	1
19731	1
19734	1
19736	1
19738	1
19739	1
19750	1
19751	1
19752	2
19756	7
19757	8
19758	10
19947	1
20063	1
20133	1
20191	1
20193	1
20194	1
20195	1
20196	1
20197	1
20200	2
20201	1
20202	2
20206	2
20209	1
20211	1
20220	1
20379	1
20399	1
20403	1
20409	1
20412	1
20416	1
20431	2
20432	1
20433	2
20435	1
20436	1
20438	2
20439	1
20440	1
20441	2
20442	4
20444	1
20445	1
20582	1
20611	1
20619	1
20704	1
20709	1
20731	1
20737	1
20742	1
20749	1
20755	1
20759	1
20764	1
20768	1
20770	1
20776	1
20778	1
20782	1
20783	1
20786	1
20788	1
20791	1
20792	1
20793	3
20794	2
20795	1
20796	2
20797	2
20798	5
20799	7
20800	2
20801	1
20803	2
20804	1
20806	1
20807	8
20808	1
20809	7
20811	1
20812	1
20813	6
20815	1
20816	1
20817	2
20818	1
20819	2
20868	1
20949	1
21004	1
21107	1
21213	1
21244	1
21399	1
21685	1
21699	1
21774	1
21926	1
21929	1
21933	1
21943	1
21956	1
21962	1
21971	1
21972	1
21980	1
21991	1
21998	1
22016	1
22021	1
22033	1
22041	1
22074	1
22173	1
22207	1
22224	1
22254	2
22274	1
22312	1
22328	1
22337	1
22338	1
22346	1
22351	1
22360	1
22371	1
22393	1
22407	1
22426	1
22467	1
22483	1
22494	1
22500	1
22534	1
22563	1
22605	1
22618	1
22626	1
22637	1
22638	1
22657	1
22658	1
22672	1
22677	1
22694	1
22706	1
22720	1
22730	1
22735	1
22740	1
22741	1
22746	1
22749	1
22775	1
22783	1
22789	1
22796	1
22802	1
22812	1
22813	1
22814	1
22816	1
22818	1
22825	1
22830	1
22841	1
22855	1
22859	1
22861	1
22862	1
22863	1
22866	1
22868	1
22869	2
22870	2
22871	1
22872	5
22873	3
22874	2
22875	1
22876	4
22951	1
22993	1
23008	1
23266	1
23444	1
23563	1
23592	1
23633	1
23635	1
23636	1
23637	2
23638	9
23701	1
23802	1
23867	1
23981	1
24013	1
24188	1
24324	2
24339	1
24342	1
24533	1
24695	1
24716	1
24929	1
24936	1
25027	1
25190	1
25360	1
25412	1
25417	1
25539	1
25544	1
25630	1
25721	1
25746	1
25788	1
25797	1
25815	1
25825	1
25826	1
25827	10
25902	1
26076	1
26292	1
26412	1
26578	1
26722	1
26740	1
26791	1
27004	1
27306	1
27368	1
27415	1
27569	1
27626	1
27817	1
27877	1
27903	1
27951	1
27970	1
27982	1
28050	1
28122	1
28130	1
28153	1
28178	1
28230	1
28286	1
28319	1
28321	1
28351	1
28426	1
28460	1
28519	1
28613	1
28656	1
28759	1
28790	1
28799	1
28869	1
28987	1
29001	1
29068	1
29097	1
29120	1
29188	1
29202	1
29374	1
29403	1
29441	1
29569	1
29577	2
29578	1
29583	2
29587	1
29588	1
29854	1
29966	1
30094	1
30141	1
30170	1
30220	1
30347	1
30401	1
30521	1
30537	1
30604	1
30612	1
30677	1
30776	1
30815	1
30826	1
30843	1
30871	2
30877	1
30880	2
30883	1
30889	1
30927	1
30957	1
30986	1
31102	1
31129	1
31138	1
31149	1
31211	1
31218	1
31228	1
31294	1
31312	1
31316	1
31319	1
31329	2
31342	2
31344	1
31345	1
31347	1
31348	2
31349	4
31350	6
31351	5
31352	6
31353	15
31354	19
31355	10
31356	3
31357	2
31358	2
31359	1
31370	1
31383	1
31390	1
31402	1
31409	1
31410	1
31411	1
31412	2
31414	1
31463	1
31489	1
31493	1
31500	1
31558	1
31583	1
31605	1
31692	1
31722	1
32527	1
32549	1
32572	1
32710	1
32779	1
32951	1
32996	1
33056	1
33199	1
33333	1
33368	1
33508	1
33674	1
33959	1
34238	1
34267	1
34451	1
34460	1
34590	1
34594	1
34595	1
34597	13
34911	1
34941	1
35403	1
35688	1
35766	1
36157	1
36211	1
36508	1
36690	1
36761	1
36903	1
37204	1
37328	1
37639	1
37788	1
37819	1
37881	1
38052	1
38146	1
38181	1
38299	1
38522	1
38684	1
38686	1
38749	1
38772	1
38797	1
38810	1
38949	1
39013	1
39134	1
39144	1
39238	1
39270	1
39361	1
39362	1
39465	1
39565	1
39616	1
39667	1
39692	1
39745	1
39783	1
39864	1
39868	2
39884	1
39940	1
40041	1
40084	1
40113	1
40181	1
40198	1
40256	1
40303	1
40327	1
40361	1
40376	1
40379	1
40401	1
40433	1
40437	1
40447	1
40582	1
40630	1
40650	1
40654	1
40660	1
40692	1
40742	1
40766	1
40793	1
40794	1
40803	1
40815	1
40826	1
40839	1
40848	1
40867	1
40879	1
40883	1
40897	1
40898	1
40921	1
40935	1
40963	1
40978	1
40989	1
40991	1
40993	1
41001	1
41019	1
41028	1
41041	1
41053	1
41072	1
41074	1
41096	1
41194	1
41239	1
41276	1
41301	1
41316	1
41327	1
41329	1
41331	1
41337	1
41338	2
41339	1
41340	3
41686	1
41935	1
41973	1
42734	1
43257	1
44500	1
44637	1
44700	1
44834	1
45158	1
45213	1
45277	1
45423	1
45713	1
45932	1
46055	1
46445	1
47249	1
47751	1
48543	1
48661	1
49820	1
49982	1
50176	1
51165	1
51499	1
51881	1
52220	1
52263	1
52283	1
52284	1
52287	1
52288	1
52291	1
52292	1
52293	1
52296	1
52298	2
52393	1
53122	1
54287	1
54290	1
54300	1
54825	1
55611	1
56133	1
56175	1
56216	1
56280	1
56736	1
56842	1
57201	1
57419	1
57445	1
57579	1
57639	1
57675	1
57701	1
57728	1
57763	1
57770	1
57796	1
57801	1
57869	1
57981	1
58095	1
58109	1
58143	1
58206	1
58207	1
58359	1
58422	1
58434	1
58475	1
58510	1
58531	1
58560	1
58582	1
58612	1
58644	1
58662	1
58691	1
58714	1
58724	1
58737	1
58751	1
58762	1
58783	1
58798	1
58818	1
58824	1
58841	1
58848	1
58851	1
58858	1
58862	2
58865	2
58868	1
58871	3
58876	1
58877	1
58879	1
58880	1
59979	1
60315	1
61455	1
61782	1
62332	1
62994	1
63404	1
64380	1
65071	1
65188	1
66017	1
66260	1
66485	1
66651	1
67296	1
67442	1
68231	1
68874	1
69409	1
69711	1
70088	1
70155	1
70485	1
70527	1
70837	1
71338	1
71492	1
71892	1
72313	1
72455	1
72613	1
72746	1
72829	1
72836	1
72899	1
72932	1
72933	1
72934	9
72987	1
73648	1
74628	1
74934	1
74955	1
75326	1
75910	1
76198	1
76256	1
76743	1
76780	1
76813	1
76819	1
76824	1
76831	13
76832	2
77231	1
77635	1
78170	1
79126	1
79382	1
80323	1
80634	1
81991	1
82155	1
83390	1
84093	1
84186	1
85067	1
86421	1
87068	1
87106	1
88013	1
89156	1
89260	1
90287	1
90973	1
91102	1
92121	1
92446	1
92745	1
93083	1
93839	1
94491	1
94636	1
94809	1
95411	1
95665	1
95829	1
96310	1
96905	1
97475	1
97647	1
97782	1
97785	1
97972	1
97991	1
98074	1
98116	1
98204	1
98248	1
98338	1
98390	1
98419	1
98440	1
98467	1
98502	1
98507	1
98541	1
98558	1
98655	1
98796	1
98805	1
98906	1
