BISCUITqc Depth Distribution (high GC, Q40)
depth	count
0	185649304
1	29857561
2	20769146
3	9969768
4	6765525
5	3798678
6	2580303
7	1581079
8	1096039
9	703023
10	505097
11	335289
12	249481
13	170828
14	134243
15	89482
16	76318
17	51271
18	45395
19	30368
20	28903
21	19396
22	20159
23	13133
24	14487
25	9082
26	11323
27	6853
28	8897
29	5094
30	7093
31	4092
32	5752
33	3529
34	5274
35	3100
36	4248
37	2470
38	3309
39	2305
40	3136
41	2030
42	2888
43	1922
44	2712
45	1716
46	2615
47	1385
48	2135
49	1355
50	2432
51	1506
52	1916
53	1233
54	1856
55	1092
56	1608
57	1215
58	1548
59	955
60	1367
61	920
62	1443
63	937
64	1235
65	963
66	1154
67	744
68	1105
69	648
70	1103
71	663
72	1120
73	665
74	997
75	608
76	1041
77	537
78	785
79	454
80	742
81	491
82	742
83	443
84	801
85	535
86	561
87	529
88	610
89	530
90	740
91	393
92	500
93	421
94	608
95	405
96	513
97	329
98	617
99	478
100	557
101	281
102	574
103	400
104	442
105	244
106	500
107	289
108	372
109	417
110	445
111	297
112	410
113	234
114	461
115	265
116	369
117	276
118	457
119	253
120	403
121	242
122	258
123	206
124	238
125	209
126	282
127	247
128	299
129	200
130	324
131	207
132	323
133	143
134	386
135	178
136	173
137	150
138	256
139	246
140	311
141	177
142	292
143	195
144	200
145	179
146	242
147	214
148	261
149	185
150	283
151	185
152	277
153	125
154	187
155	123
156	158
157	145
158	203
159	140
160	162
161	125
162	167
163	128
164	178
165	145
166	134
167	173
168	178
169	111
170	304
171	134
172	165
173	142
174	188
175	131
176	290
177	176
178	141
179	157
180	187
181	85
182	109
183	99
184	147
185	86
186	197
187	137
188	176
189	130
190	121
191	92
192	134
193	94
194	133
195	115
196	175
197	128
198	201
199	80
200	88
201	89
202	148
203	98
204	123
205	137
206	140
207	93
208	137
209	128
210	112
211	74
212	151
213	126
214	133
215	123
216	63
217	86
218	133
219	74
220	113
221	83
222	127
223	79
224	115
225	122
226	118
227	82
228	96
229	67
230	69
231	69
232	126
233	59
234	92
235	86
236	157
237	132
238	172
239	61
240	59
241	81
242	101
243	84
244	134
245	74
246	88
247	66
248	137
249	99
250	105
251	76
252	120
253	64
254	65
255	68
256	73
257	72
258	121
259	64
260	128
261	48
262	85
263	52
264	105
265	65
266	58
267	64
268	133
269	77
270	116
271	64
272	110
273	45
274	51
275	51
276	78
277	74
278	64
279	59
280	119
281	82
282	132
283	63
284	50
285	74
286	109
287	58
288	57
289	91
290	51
291	55
292	51
293	44
294	55
295	48
296	57
297	38
298	78
299	95
300	56
301	50
302	78
303	72
304	77
305	98
306	78
307	57
308	89
309	52
310	84
311	70
312	83
313	65
314	46
315	63
316	68
317	31
318	47
319	41
320	61
321	38
322	59
323	64
324	38
325	56
326	57
327	42
328	26
329	45
330	40
331	40
332	40
333	56
334	58
335	44
336	77
337	67
338	43
339	52
340	42
341	39
342	51
343	22
344	29
345	26
346	19
347	30
348	27
349	22
350	29
351	40
352	24
353	41
354	41
355	28
356	42
357	20
358	30
359	23
360	44
361	72
362	68
363	35
364	28
365	46
366	23
367	17
368	26
369	47
370	25
371	45
372	45
373	24
374	23
375	58
376	23
377	37
378	66
379	55
380	21
381	74
382	40
383	41
384	27
385	25
386	42
387	33
388	36
389	40
390	62
391	54
392	78
393	48
394	30
395	38
396	41
397	42
398	49
399	54
400	41
401	22
402	56
403	33
404	27
405	23
406	32
407	54
408	19
409	33
410	38
411	14
412	23
413	41
414	30
415	20
416	29
417	37
418	34
419	29
420	30
421	23
422	50
423	29
424	70
425	18
426	20
427	17
428	14
429	23
430	34
431	61
432	24
433	19
434	32
435	42
436	29
437	21
438	19
439	36
440	38
441	41
442	40
443	41
444	26
445	19
446	14
447	15
448	33
449	12
450	17
451	13
452	21
453	18
454	13
455	14
456	30
457	19
458	11
459	18
460	16
461	33
462	39
463	13
464	36
465	18
466	16
467	21
468	33
469	21
470	9
471	23
472	21
473	20
474	13
475	9
476	15
477	27
478	17
479	14
480	23
481	21
482	14
483	7
484	19
485	14
486	12
487	5
488	13
489	29
490	25
491	10
492	28
493	11
494	17
495	35
496	20
497	27
498	12
499	24
500	17
501	24
502	20
503	26
504	28
505	14
506	7
507	4
508	30
509	11
510	4
511	12
512	9
513	12
514	23
515	15
516	16
517	8
518	5
519	7
520	5
521	34
522	4
523	15
524	37
525	11
526	28
527	3
528	7
529	17
530	23
531	16
532	29
533	5
534	43
535	5
536	15
537	5
538	8
539	6
540	5
541	7
542	3
543	11
544	17
545	13
546	8
547	11
548	8
549	5
550	11
551	8
552	4
553	26
554	25
555	6
556	11
557	10
558	3
559	10
560	23
561	3
562	8
563	6
564	23
565	18
566	20
567	17
568	4
569	6
570	5
571	3
572	1
573	8
574	9
575	6
576	17
577	15
578	18
579	18
580	6
581	2
582	20
583	2
584	4
585	21
586	6
587	4
588	3
589	8
590	11
591	4
592	3
593	20
594	35
595	5
596	20
597	8
598	8
599	4
600	12
601	4
602	4
603	6
604	1
605	2
606	6
607	9
608	17
609	28
610	4
611	8
612	5
613	6
614	37
615	14
616	7
617	6
618	8
619	19
620	8
621	6
622	7
623	12
624	15
625	7
626	19
627	3
628	12
629	9
630	8
631	18
632	25
633	14
634	4
635	4
636	18
637	22
638	16
639	1
640	4
641	2
642	11
643	4
644	1
645	2
646	3
647	2
648	3
649	5
650	11
651	5
652	2
653	5
654	4
655	3
656	4
657	2
658	7
659	6
660	7
661	9
662	6
663	10
664	5
665	7
666	20
667	5
668	6
669	9
670	22
671	8
672	11
673	4
674	5
675	3
676	1
677	3
678	5
679	5
680	4
681	18
682	11
683	3
684	9
685	12
686	1
687	2
688	4
689	10
690	13
691	6
692	11
693	7
694	19
695	7
696	5
697	10
698	8
699	7
700	9
701	5
702	14
703	8
704	4
705	8
706	12
707	2
708	16
709	1
710	5
711	6
712	15
713	21
714	4
715	20
716	17
717	6
718	3
719	3
720	10
721	3
722	3
723	1
724	4
725	33
726	4
727	14
728	10
729	2
730	20
731	3
732	4
733	1
734	4
735	9
736	1
737	2
738	4
739	3
740	3
741	9
742	2
743	4
744	1
745	7
746	1
747	4
748	3
749	7
750	33
752	12
753	3
754	3
755	2
756	3
757	3
758	4
759	14
760	2
761	10
762	3
763	1
764	4
765	3
766	1
767	2
768	19
770	5
771	1
772	3
773	3
774	2
775	3
776	3
777	6
778	4
779	3
780	17
781	3
782	29
783	3
784	9
785	4
786	1
788	5
789	2
790	2
791	3
792	4
793	2
795	2
796	15
797	5
798	11
799	2
800	4
801	1
802	2
803	20
804	1
805	3
806	2
807	1
808	2
809	3
810	3
811	5
812	4
813	4
814	9
815	4
816	5
817	4
818	19
819	9
820	5
821	4
822	15
823	4
824	11
825	3
826	6
827	4
828	12
829	3
830	2
831	11
832	11
833	5
834	4
835	6
836	1
837	4
838	19
839	4
840	17
841	9
842	12
843	3
844	2
845	6
846	10
847	5
848	2
849	2
850	2
851	1
852	2
853	4
854	2
855	4
856	5
858	1
859	1
860	1
861	2
862	1
863	6
864	3
865	1
866	3
867	6
868	3
869	13
870	3
871	2
872	7
873	2
874	3
875	1
876	1
877	4
878	5
879	15
880	34
881	3
882	2
883	2
884	2
885	9
886	7
887	22
888	4
889	3
890	4
891	1
892	2
893	2
894	6
895	3
896	9
897	8
898	14
899	1
900	6
901	8
902	6
903	4
905	1
906	3
907	1
908	1
909	2
910	1
912	4
913	12
914	4
915	2
916	2
917	4
918	3
919	13
920	2
921	3
922	14
923	2
924	6
925	3
926	10
927	2
928	4
929	3
930	1
931	4
932	6
933	2
934	3
935	3
936	2
937	6
938	3
939	9
940	3
941	17
942	26
943	17
944	5
945	11
946	2
947	2
948	16
949	12
951	5
952	21
954	1
955	2
956	2
957	2
958	1
959	3
960	11
961	2
963	3
964	3
965	1
966	1
967	4
968	4
969	2
970	7
971	9
972	3
973	3
974	2
975	1
977	1
978	3
979	3
980	2
982	3
983	1
984	14
986	1
987	4
988	1
989	4
990	2
991	5
992	4
993	13
994	3
995	4
996	10
997	9
998	3
999	13
1001	14
1002	13
1003	1
1004	17
1005	2
1007	3
1008	1
1009	1
1010	1
1011	2
1012	3
1014	1
1015	11
1016	2
1017	4
1018	7
1019	2
1020	3
1021	3
1022	1
1023	2
1024	2
1025	2
1026	1
1027	2
1028	1
1029	3
1030	19
1031	12
1032	2
1033	3
1034	2
1036	3
1037	1
1038	3
1039	1
1041	3
1043	1
1044	1
1047	1
1048	1
1050	2
1051	3
1052	3
1054	2
1055	2
1056	3
1057	2
1058	1
1059	4
1060	2
1061	17
1062	1
1063	1
1064	1
1065	3
1066	3
1067	4
1068	11
1069	1
1070	1
1072	1
1073	4
1075	3
1076	5
1077	12
1078	1
1080	2
1081	2
1083	1
1084	1
1086	4
1087	4
1088	2
1089	3
1090	7
1091	3
1092	16
1093	1
1094	1
1095	1
1096	1
1097	4
1103	2
1105	1
1107	2
1110	1
1111	1
1116	2
1117	2
1118	10
1119	5
1120	4
1121	3
1122	6
1123	4
1124	26
1125	1
1127	1
1129	2
1132	2
1133	2
1134	3
1136	3
1137	1
1138	10
1139	1
1140	1
1141	2
1142	1
1143	2
1144	2
1147	7
1148	1
1149	1
1150	2
1151	2
1152	1
1154	1
1155	3
1157	1
1161	1
1162	1
1163	1
1164	1
1167	1
1168	1
1170	1
1171	2
1173	2
1174	1
1177	1
1178	2
1179	2
1180	2
1181	2
1182	1
1183	3
1184	1
1185	3
1186	5
1187	5
1188	6
1189	3
1192	2
1194	3
1195	2
1199	3
1201	2
1203	1
1204	3
1205	3
1207	1
1208	2
1209	2
1211	1
1212	13
1214	1
1215	2
1216	1
1217	5
1218	1
1219	7
1220	5
1221	5
1222	1
1223	3
1224	2
1225	1
1226	3
1227	6
1228	1
1229	3
1230	12
1231	5
1232	29
1233	7
1234	2
1237	1
1238	3
1239	1
1240	5
1241	2
1243	1
1244	14
1245	3
1247	1
1248	2
1251	1
1252	1
1254	1
1255	1
1256	1
1257	2
1259	1
1260	2
1261	1
1262	14
1263	5
1265	1
1269	1
1270	3
1271	1
1272	2
1273	2
1274	2
1275	2
1277	2
1278	4
1280	4
1281	1
1282	1
1283	1
1284	2
1286	2
1287	7
1288	2
1289	1
1290	2
1291	12
1292	1
1294	3
1295	1
1297	1
1298	1
1300	4
1301	2
1302	2
1305	2
1306	2
1307	3
1308	8
1309	7
1310	1
1311	1
1312	10
1313	1
1314	2
1315	15
1316	18
1317	4
1318	13
1320	2
1321	12
1323	1
1325	1
1327	1
1328	2
1329	1
1331	5
1332	3
1333	1
1334	3
1337	2
1338	2
1339	1
1340	1
1341	1
1342	1
1344	1
1345	1
1346	1
1347	2
1348	2
1349	1
1350	2
1351	1
1352	1
1354	2
1355	1
1356	1
1358	2
1360	2
1361	4
1363	2
1364	14
1365	1
1366	1
1367	1
1370	1
1371	3
1372	1
1373	2
1374	6
1375	5
1376	3
1377	4
1380	2
1381	1
1383	1
1385	1
1388	1
1390	1
1392	2
1393	1
1394	1
1399	2
1400	2
1401	1
1406	1
1407	1
1408	2
1413	1
1414	1
1415	3
1416	5
1417	4
1418	11
1419	2
1423	4
1424	3
1425	7
1428	1
1430	2
1434	3
1435	2
1437	3
1438	2
1439	1
1440	7
1441	1
1442	19
1443	1
1444	1
1445	1
1446	1
1447	1
1448	2
1449	1
1453	2
1454	9
1455	4
1456	5
1459	1
1460	1
1461	2
1462	9
1465	7
1467	3
1469	1
1476	1
1481	1
1482	2
1493	1
1494	1
1497	1
1498	1
1504	3
1506	2
1508	1
1510	1
1511	1
1513	2
1514	2
1515	1
1516	15
1518	1
1523	1
1525	1
1526	1
1529	1
1532	2
1533	1
1534	1
1537	1
1538	1
1540	1
1543	1
1544	4
1548	1
1550	1
1551	1
1553	1
1554	2
1555	1
1556	1
1557	3
1558	11
1559	2
1560	2
1561	1
1563	11
1564	4
1566	2
1567	1
1568	4
1569	13
1570	3
1571	5
1572	1
1573	1
1574	4
1579	1
1582	1
1583	2
1584	2
1585	2
1586	1
1587	4
1588	1
1589	7
1592	1
1593	1
1595	1
1596	2
1599	1
1601	1
1603	1
1604	2
1606	1
1607	6
1608	3
1609	9
1610	1
1612	1
1614	1
1616	2
1617	9
1618	1
1623	2
1626	1
1630	1
1634	3
1636	1
1637	2
1638	1
1640	1
1641	1
1645	1
1646	3
1647	1
1648	1
1651	1
1653	2
1654	11
1655	1
1657	1
1658	3
1659	1
1661	1
1664	1
1668	1
1669	1
1671	1
1674	1
1676	1
1677	2
1678	3
1679	3
1680	5
1685	1
1688	1
1691	1
1693	12
1694	7
1696	1
1697	3
1699	8
1700	1
1701	1
1702	14
1703	1
1704	1
1708	2
1711	3
1714	1
1716	1
1717	1
1718	3
1719	6
1720	11
1722	8
1728	1
1729	2
1730	1
1731	2
1732	1
1733	1
1734	1
1735	1
1736	1
1743	1
1744	1
1746	1
1748	2
1749	1
1750	10
1751	2
1754	1
1755	2
1756	1
1758	2
1759	15
1761	1
1762	1
1763	1
1764	3
1767	1
1768	1
1770	1
1771	3
1774	1
1775	1
1776	7
1777	1
1778	1
1780	1
1783	1
1784	1
1787	1
1788	1
1789	1
1791	8
1792	2
1800	1
1806	3
1808	1
1809	1
1810	4
1811	2
1813	5
1814	1
1815	2
1817	1
1818	1
1820	1
1821	2
1823	1
1826	1
1827	2
1831	2
1832	2
1833	2
1834	8
1836	1
1837	1
1838	1
1840	1
1842	1
1845	3
1847	1
1849	2
1850	3
1851	3
1852	6
1853	2
1857	2
1858	1
1859	4
1860	6
1864	1
1867	2
1869	1
1877	2
1879	1
1880	1
1881	1
1882	1
1883	2
1885	1
1886	2
1887	2
1894	1
1899	1
1904	2
1908	2
1909	1
1910	1
1911	1
1913	2
1915	1
1916	1
1917	1
1918	1
1919	14
1920	1
1923	4
1926	10
1932	1
1938	1
1939	3
1942	2
1947	3
1950	7
1961	1
1962	1
1965	1
1967	1
1968	2
1969	10
1972	1
1979	1
1989	1
1994	1
1996	1
1998	1
2000	1
2001	1
2005	1
2011	1
2013	7
2015	10
2016	2
2018	1
2020	1
2024	1
2026	1
2028	3
2029	1
2035	1
2037	2
2039	2
2044	2
2045	10
2046	1
2048	1
2050	4
2051	2
2052	1
2053	1
2054	5
2057	1
2058	1
2061	2
2066	1
2072	1
2076	1
2077	1
2082	2
2083	1
2085	1
2087	1
2091	1
2095	1
2097	3
2098	1
2099	1
2100	9
2102	1
2103	3
2104	3
2105	9
2108	1
2109	1
2110	1
2111	1
2113	2
2114	1
2117	2
2124	1
2127	1
2128	1
2129	1
2130	2
2131	2
2132	2
2133	1
2142	1
2145	1
2149	1
2151	1
2152	2
2153	3
2157	2
2158	1
2162	1
2165	1
2172	1
2173	2
2174	3
2175	1
2176	11
2179	12
2182	1
2183	2
2184	3
2185	2
2186	1
2187	1
2191	1
2192	1
2193	1
2194	1
2195	15
2196	2
2198	3
2203	9
2204	1
2207	2
2209	1
2210	1
2213	1
2214	1
2216	11
2217	1
2218	5
2222	1
2224	1
2225	1
2229	1
2230	3
2231	2
2232	3
2233	6
2234	12
2235	1
2241	1
2252	1
2265	1
2268	1
2282	1
2285	2
2287	3
2288	2
2289	7
2293	1
2294	3
2296	10
2298	1
2305	2
2307	1
2308	1
2311	1
2313	1
2320	2
2322	1
2323	1
2325	1
2326	3
2327	8
2328	1
2330	1
2331	9
2332	1
2334	1
2337	1
2338	1
2340	1
2341	1
2343	1
2344	2
2345	7
2348	1
2350	1
2351	2
2359	1
2368	2
2369	2
2371	1
2381	1
2383	1
2384	1
2388	12
2392	1
2394	1
2405	1
2406	1
2416	2
2427	1
2436	1
2438	1
2439	1
2441	15
2442	2
2443	2
2448	1
2451	1
2457	1
2469	1
2470	1
2483	1
2484	1
2487	2
2489	1
2490	2
2492	1
2495	1
2496	2
2498	1
2504	1
2505	1
2507	1
2510	1
2512	1
2513	2
2514	1
2515	5
2516	2
2520	1
2522	1
2540	1
2545	1
2546	1
2552	1
2554	1
2555	1
2556	1
2563	1
2564	1
2565	1
2566	2
2567	2
2571	2
2572	1
2574	1
2575	1
2576	1
2581	11
2582	1
2583	15
2586	9
2587	1
2600	1
2615	1
2616	1
2620	1
2632	1
2633	1
2634	1
2637	1
2638	2
2643	1
2646	1
2649	1
2653	1
2655	1
2656	1
2657	1
2661	1
2667	1
2668	1
2669	1
2678	8
2681	1
2685	1
2686	1
2691	1
2693	1
2694	8
2703	1
2707	1
2709	1
2720	1
2721	1
2727	1
2740	1
2741	1
2750	1
2751	2
2752	1
2753	10
2778	1
2784	1
2795	1
2823	1
2825	2
2829	1
2834	1
2840	1
2842	2
2845	10
2853	1
2858	1
2864	2
2875	1
2878	1
2884	1
2886	2
2887	8
2895	1
2903	1
2912	1
2914	1
2926	2
2933	1
2934	1
2936	1
2939	1
2945	1
2946	1
2947	2
2949	1
2950	1
2954	1
2955	1
2956	1
2957	1
2958	2
2959	13
2964	1
2965	3
2969	1
2971	1
2972	1
2975	1
2976	1
2979	1
2980	1
2981	3
2982	7
2989	2
2993	1
2994	1
2998	2
3002	1
3005	1
3009	1
3010	8
3011	1
3028	1
3038	1
3041	1
3048	1
3054	1
3055	1
3056	1
3063	1
3064	2
3065	1
3066	1
3067	8
3078	1
3084	1
3086	1
3092	1
3093	1
3103	1
3104	1
3108	1
3110	9
3121	1
3126	1
3139	1
3143	1
3149	1
3152	2
3153	2
3155	2
3156	1
3158	2
3159	4
3161	2
3162	3
3163	1
3165	1
3179	1
3191	1
3198	1
3202	1
3205	1
3234	1
3237	1
3263	2
3286	1
3302	1
3303	1
3328	1
3344	3
3387	1
3406	1
3427	1
3431	1
3452	1
3455	1
3456	1
3477	1
3478	1
3481	1
3484	1
3486	1
3489	1
3494	1
3497	1
3502	1
3505	2
3511	1
3513	2
3514	1
3515	2
3516	1
3517	1
3518	3
3519	12
3520	4
3533	1
3545	2
3548	1
3581	1
3589	1
3623	1
3625	1
3632	1
3638	1
3656	1
3663	1
3670	1
3686	2
3687	1
3697	1
3700	1
3711	2
3719	1
3725	1
3734	1
3735	1
3738	7
3739	2
3740	3
3758	1
3760	11
3764	1
3767	1
3771	1
3783	1
3813	1
3826	1
3831	1
3832	1
3834	2
3835	1
3842	2
3845	2
3847	2
3848	1
3849	1
3851	5
3857	1
3859	1
3860	1
3865	1
3875	1
3876	12
3877	1
3885	1
3901	1
3911	1
3912	1
3913	1
3952	1
3958	1
3981	1
3986	1
3995	1
4001	1
4002	2
4008	1
4009	1
4022	1
4037	1
4043	1
4048	1
4051	1
4054	9
4060	1
4112	1
4143	1
4146	2
4150	1
4160	1
4196	1
4218	1
4232	1
4233	1
4245	1
4256	1
4291	2
4293	1
4302	1
4308	2
4310	2
4314	1
4316	9
4323	1
4330	1
4339	1
4342	1
4361	1
4372	1
4376	1
4377	1
4378	1
4387	1
4388	1
4390	1
4391	7
4396	1
4400	1
4412	1
4413	1
4424	1
4441	1
4451	1
4455	1
4460	12
4479	1
4505	1
4507	1
4508	1
4509	1
4520	1
4526	1
4542	1
4547	1
4552	1
4555	1
4565	1
4569	1
4574	1
4581	1
4604	1
4615	1
4629	1
4634	1
4637	2
4638	3
4639	3
4641	1
4642	3
4643	1
4644	1
4645	1
4647	1
4655	4
4656	1
4657	1
4659	1
4660	1
4661	2
4667	1
4706	1
4711	1
4715	1
4724	2
4743	1
4749	1
4750	1
4762	1
4766	1
4768	1
4777	1
4778	1
4782	1
4783	1
4784	1
4785	4
4786	3
4787	6
4788	2
4789	1
4791	1
4792	1
4793	1
4795	1
4796	3
4798	3
4799	3
4801	1
4810	1
4835	1
4849	1
4852	1
4856	1
4887	1
4890	1
4892	1
4904	1
4933	2
4958	1
4967	1
4968	1
4970	9
4976	1
5004	1
5012	1
5058	1
5068	1
5087	1
5098	1
5109	1
5123	1
5128	1
5146	1
5167	1
5168	1
5186	1
5204	2
5205	1
5210	1
5221	1
5230	1
5231	1
5234	1
5238	1
5251	1
5253	1
5254	1
5256	3
5258	1
5259	1
5277	1
5279	1
5297	1
5315	1
5335	1
5342	1
5345	1
5349	1
5350	1
5359	1
5360	1
5361	2
5364	8
5394	1
5403	1
5430	1
5431	1
5461	1
5462	1
5469	1
5475	1
5477	1
5481	1
5482	1
5486	1
5490	1
5492	1
5494	1
5495	7
5496	1
5497	1
5499	7
5510	1
5571	1
5669	1
5673	1
5682	1
5698	1
5701	1
5778	1
5810	1
5820	1
5831	1
5867	1
5881	1
5908	1
5910	1
5934	1
5945	1
5961	1
5973	1
5990	2
6009	2
6013	1
6015	2
6020	2
6022	1
6023	1
6026	2
6028	2
6104	1
6177	1
6179	1
6213	1
6217	1
6227	1
6228	1
6229	1
6230	3
6231	4
6233	1
6287	1
6374	1
6423	1
6439	1
6559	1
6588	1
6684	1
6765	1
6940	1
7025	1
7034	1
7053	1
7070	1
7083	1
7088	1
7197	1
7219	1
7232	1
7237	1
7244	1
7247	1
7252	1
7254	1
7256	1
7257	10
7507	1
7600	1
7620	1
7679	1
7744	1
8076	1
8156	1
8287	1
8367	1
8472	1
8589	1
8705	1
8742	1
8751	1
8814	1
8844	1
8848	1
8851	1
8865	1
8896	1
8964	1
9058	1
9059	1
9064	1
9065	2
9066	6
9511	1
9721	1
9806	1
9888	1
10094	1
10137	1
10161	1
10214	1
10218	1
10414	1
10514	1
10744	1
10745	1
10750	1
10760	1
10766	1
10767	1
10776	1
10779	1
10787	1
10794	1
10797	1
10800	1
10803	1
10805	1
10806	1
10808	1
10809	8
10817	1
10840	9
11298	1
11609	1
11983	1
12215	1
12370	1
12400	1
12408	1
12414	1
12418	2
12905	1
13644	1
13827	1
13945	1
14033	1
14035	6
15005	1
15023	1
15164	1
15205	1
15209	1
15213	1
15219	1
15223	1
15238	1
15243	1
15248	1
15252	1
15266	1
15268	7
15402	1
16302	1
17378	1
17507	1
17567	1
17688	1
18175	1
18239	1
18694	1
18843	1
18957	1
19014	1
19015	1
19061	1
19143	1
19202	1
19302	1
19326	1
19351	1
19364	1
19394	1
19434	1
19437	1
19438	1
19444	1
19452	1
19457	2
19460	3
19461	3
19859	1
21588	1
21720	1
21825	1
22003	1
22035	1
22056	1
22099	1
22134	1
22167	1
22185	1
22342	1
22368	1
22381	1
22402	1
22405	1
22417	1
22418	2
22420	10
22422	2
22439	1
22447	1
22486	1
22503	1
22506	1
22523	1
22525	3
22527	7
22563	1
22569	1
22572	1
22573	7
29597	1
29805	1
30211	1
30625	1
30690	1
30797	1
30809	1
30816	1
30828	1
30836	1
30838	1
30842	4
30843	2
30844	2
34209	1
34439	1
34590	1
34604	1
34732	1
34853	1
34873	1
34882	1
34886	1
34888	10
40438	1
43610	1
77739	1
85872	1
86858	1
87122	1
87550	1
87708	1
87799	1
87806	1
87883	1
87901	5
87902	3
87903	3
