BISCUITqc Depth Distribution (All)
depth	count
0	2172669323
1	270411978
2	148123030
3	56446810
4	33826898
5	16128712
6	10290519
7	5650509
8	3839494
9	2353333
10	1734467
11	1149085
12	926938
13	644385
14	557757
15	400702
16	377741
17	288289
18	276955
19	207530
20	209560
21	164662
22	169494
23	135361
24	138277
25	110263
26	118116
27	95338
28	100316
29	83228
30	88188
31	74881
32	80124
33	64547
34	70343
35	60502
36	63304
37	52696
38	55207
39	46821
40	50355
41	43352
42	47226
43	39377
44	43902
45	36668
46	38920
47	33956
48	35568
49	32232
50	34391
51	29067
52	31667
53	26963
54	29148
55	25907
56	27607
57	24635
58	26502
59	22958
60	25608
61	21766
62	22137
63	20030
64	20520
65	20067
66	20211
67	17517
68	18817
69	16262
70	18632
71	16479
72	17211
73	15477
74	16622
75	14957
76	15801
77	13672
78	14867
79	14036
80	15098
81	12583
82	13556
83	12398
84	13258
85	10684
86	11915
87	11514
88	11391
89	10986
90	11603
91	9945
92	11253
93	10535
94	11239
95	9935
96	10494
97	9454
98	9368
99	8664
100	9769
101	9039
102	9080
103	8396
104	9062
105	8849
106	8175
107	8043
108	8813
109	7209
110	7685
111	7166
112	8594
113	7767
114	8466
115	7114
116	8117
117	7220
118	7226
119	6905
120	6932
121	7337
122	6739
123	6547
124	7037
125	5339
126	6276
127	5631
128	5935
129	5415
130	6048
131	5773
132	6118
133	5413
134	5930
135	5402
136	5461
137	5189
138	5471
139	5034
140	4965
141	4818
142	4951
143	5002
144	5362
145	4620
146	5165
147	4735
148	4599
149	5174
150	4956
151	4628
152	4770
153	4416
154	4768
155	4377
156	4387
157	4037
158	5054
159	4593
160	4157
161	4777
162	4395
163	3603
164	4385
165	3940
166	3918
167	3864
168	4349
169	3643
170	4344
171	3827
172	3929
173	3392
174	3762
175	3062
176	3601
177	2997
178	3399
179	3375
180	3559
181	3190
182	3446
183	3124
184	3543
185	3212
186	3719
187	3433
188	2901
189	3003
190	3589
191	2792
192	2837
193	2683
194	3156
195	3218
196	2962
197	2844
198	2920
199	2768
200	2824
201	3194
202	2788
203	2346
204	2662
205	2870
206	3466
207	2799
208	3036
209	2736
210	2682
211	2485
212	2724
213	2891
214	2802
215	2983
216	2688
217	2441
218	3045
219	3001
220	2656
221	2902
222	2580
223	2755
224	2305
225	2444
226	2407
227	2170
228	2629
229	2267
230	1862
231	2175
232	2458
233	2399
234	2241
235	1966
236	2379
237	2043
238	1833
239	2031
240	1792
241	1806
242	2047
243	2086
244	2183
245	2449
246	2368
247	2039
248	1885
249	1926
250	1790
251	1967
252	1948
253	2188
254	2301
255	2041
256	2039
257	1776
258	2120
259	1855
260	1812
261	1622
262	1599
263	1784
264	2063
265	1876
266	1789
267	1784
268	1608
269	1792
270	1723
271	1783
272	1850
273	2097
274	1814
275	1662
276	1658
277	1672
278	1718
279	2070
280	1770
281	1590
282	1380
283	1580
284	1788
285	1606
286	1708
287	1773
288	1593
289	1384
290	1435
291	1725
292	1727
293	1419
294	1911
295	1212
296	1286
297	1278
298	1181
299	1611
300	1376
301	1522
302	1661
303	1412
304	1422
305	1394
306	1708
307	1560
308	1317
309	1498
310	1408
311	1288
312	1476
313	1188
314	1448
315	1246
316	1463
317	1435
318	1187
319	1540
320	1344
321	1386
322	1193
323	1176
324	1290
325	1096
326	1295
327	1096
328	1153
329	1158
330	1423
331	1329
332	1369
333	1474
334	1497
335	1318
336	1216
337	1199
338	1560
339	1466
340	1389
341	1053
342	1139
343	1334
344	1165
345	1336
346	1239
347	1416
348	1291
349	1350
350	1277
351	1419
352	1146
353	985
354	1364
355	1048
356	1244
357	1149
358	1053
359	1089
360	1090
361	906
362	1151
363	914
364	1112
365	932
366	778
367	821
368	835
369	1183
370	1095
371	1027
372	1176
373	925
374	1200
375	779
376	1143
377	840
378	891
379	988
380	1001
381	1126
382	975
383	902
384	1000
385	810
386	814
387	888
388	649
389	879
390	985
391	931
392	832
393	742
394	781
395	865
396	877
397	785
398	937
399	832
400	914
401	1131
402	1045
403	783
404	953
405	928
406	860
407	847
408	917
409	773
410	763
411	924
412	789
413	778
414	694
415	1094
416	1016
417	802
418	835
419	692
420	868
421	936
422	791
423	948
424	834
425	776
426	764
427	991
428	725
429	689
430	848
431	724
432	620
433	695
434	877
435	677
436	740
437	590
438	643
439	700
440	883
441	840
442	703
443	761
444	710
445	882
446	838
447	607
448	596
449	612
450	768
451	734
452	719
453	807
454	761
455	756
456	707
457	713
458	616
459	766
460	700
461	801
462	734
463	729
464	718
465	467
466	475
467	744
468	735
469	743
470	614
471	802
472	681
473	569
474	690
475	741
476	671
477	700
478	691
479	569
480	488
481	678
482	656
483	762
484	703
485	530
486	539
487	657
488	603
489	609
490	506
491	650
492	583
493	581
494	539
495	563
496	575
497	499
498	439
499	537
500	509
501	502
502	581
503	599
504	674
505	537
506	536
507	562
508	588
509	708
510	452
511	431
512	588
513	630
514	720
515	602
516	546
517	536
518	557
519	554
520	574
521	584
522	425
523	540
524	642
525	592
526	616
527	583
528	585
529	405
530	640
531	492
532	384
533	502
534	643
535	603
536	512
537	483
538	517
539	482
540	520
541	715
542	540
543	432
544	407
545	514
546	524
547	445
548	573
549	502
550	481
551	384
552	528
553	451
554	487
555	449
556	530
557	514
558	485
559	507
560	393
561	372
562	798
563	712
564	575
565	492
566	407
567	666
568	456
569	694
570	445
571	405
572	415
573	374
574	374
575	332
576	542
577	527
578	469
579	372
580	580
581	537
582	579
583	520
584	444
585	430
586	446
587	438
588	459
589	429
590	279
591	278
592	337
593	450
594	387
595	309
596	380
597	383
598	341
599	359
600	469
601	420
602	580
603	420
604	411
605	443
606	399
607	387
608	372
609	437
610	404
611	328
612	478
613	291
614	335
615	426
616	525
617	315
618	355
619	398
620	349
621	450
622	649
623	525
624	468
625	400
626	466
627	453
628	559
629	436
630	368
631	268
632	417
633	259
634	270
635	249
636	379
637	352
638	328
639	295
640	227
641	343
642	285
643	351
644	301
645	367
646	463
647	389
648	524
649	437
650	390
651	367
652	436
653	445
654	430
655	350
656	326
657	275
658	341
659	428
660	467
661	322
662	345
663	428
664	531
665	453
666	322
667	280
668	348
669	369
670	431
671	361
672	482
673	383
674	246
675	389
676	350
677	368
678	242
679	494
680	478
681	307
682	437
683	387
684	326
685	379
686	398
687	427
688	367
689	297
690	437
691	369
692	320
693	387
694	373
695	301
696	412
697	332
698	298
699	492
700	288
701	275
702	385
703	464
704	318
705	252
706	376
707	316
708	293
709	297
710	426
711	328
712	377
713	246
714	356
715	269
716	336
717	268
718	279
719	274
720	218
721	460
722	553
723	460
724	491
725	370
726	482
727	418
728	328
729	366
730	492
731	280
732	290
733	387
734	362
735	340
736	337
737	209
738	274
739	385
740	400
741	308
742	498
743	279
744	284
745	362
746	313
747	285
748	278
749	293
750	242
751	289
752	368
753	320
754	294
755	306
756	373
757	376
758	437
759	304
760	385
761	352
762	365
763	283
764	288
765	270
766	392
767	282
768	332
769	358
770	357
771	298
772	250
773	284
774	238
775	271
776	308
777	429
778	427
779	365
780	299
781	222
782	287
783	279
784	394
785	242
786	303
787	322
788	551
789	357
790	360
791	240
792	494
793	427
794	355
795	340
796	275
797	171
798	296
799	283
800	325
801	329
802	429
803	429
804	279
805	349
806	250
807	235
808	266
809	231
810	187
811	167
812	218
813	212
814	312
815	266
816	319
817	189
818	252
819	220
820	208
821	246
822	346
823	292
824	258
825	391
826	501
827	291
828	267
829	275
830	227
831	145
832	229
833	336
834	215
835	168
836	254
837	340
838	157
839	180
840	203
841	351
842	219
843	342
844	325
845	277
846	273
847	181
848	184
849	426
850	298
851	293
852	208
853	121
854	204
855	206
856	209
857	188
858	237
859	152
860	184
861	278
862	241
863	113
864	269
865	144
866	266
867	316
868	234
869	286
870	284
871	335
872	221
873	269
874	216
875	309
876	152
877	201
878	252
879	268
880	349
881	247
882	242
883	216
884	246
885	182
886	251
887	158
888	316
889	145
890	192
891	237
892	227
893	179
894	274
895	353
896	267
897	443
898	320
899	310
900	235
901	299
902	331
903	278
904	292
905	284
906	252
907	213
908	283
909	343
910	265
911	311
912	228
913	375
914	258
915	268
916	265
917	261
918	209
919	185
920	197
921	296
922	268
923	294
924	213
925	235
926	203
927	189
928	204
929	162
930	240
931	288
932	155
933	179
934	207
935	189
936	160
937	177
938	285
939	176
940	222
941	218
942	275
943	337
944	358
945	308
946	187
947	175
948	191
949	260
950	121
951	176
952	203
953	88
954	300
955	243
956	260
957	177
958	274
959	187
960	167
961	209
962	138
963	180
964	245
965	286
966	297
967	370
968	197
969	277
970	193
971	186
972	178
973	206
974	210
975	235
976	156
977	169
978	198
979	209
980	155
981	161
982	193
983	135
984	181
985	238
986	180
987	165
988	258
989	125
990	90
991	236
992	214
993	167
994	283
995	176
996	119
997	160
998	151
999	213
1000	235
1001	264
1002	292
1003	262
1004	203
1005	178
1006	197
1007	251
1008	239
1009	213
1010	273
1011	183
1012	255
1013	259
1014	371
1015	256
1016	237
1017	218
1018	300
1019	170
1020	275
1021	195
1022	176
1023	190
1024	205
1025	218
1026	231
1027	216
1028	225
1029	238
1030	309
1031	126
1032	154
1033	238
1034	195
1035	295
1036	279
1037	252
1038	269
1039	266
1040	182
1041	152
1042	192
1043	168
1044	165
1045	152
1046	200
1047	128
1048	190
1049	224
1050	226
1051	131
1052	147
1053	327
1054	210
1055	338
1056	257
1057	114
1058	112
1059	106
1060	109
1061	159
1062	156
1063	176
1064	127
1065	205
1066	323
1067	122
1068	136
1069	261
1070	195
1071	294
1072	248
1073	334
1074	409
1075	281
1076	408
1077	310
1078	227
1079	223
1080	198
1081	388
1082	308
1083	276
1084	218
1085	96
1086	163
1087	200
1088	139
1089	193
1090	170
1091	152
1092	113
1093	150
1094	143
1095	288
1096	206
1097	209
1098	193
1099	274
1100	148
1101	131
1102	231
1103	162
1104	180
1105	233
1106	133
1107	172
1108	259
1109	178
1110	273
1111	127
1112	310
1113	250
1114	236
1115	180
1116	220
1117	128
1118	158
1119	135
1120	250
1121	261
1122	313
1123	246
1124	246
1125	150
1126	176
1127	84
1128	141
1129	244
1130	286
1131	117
1132	233
1133	175
1134	129
1135	154
1136	184
1137	205
1138	300
1139	212
1140	158
1141	209
1142	172
1143	148
1144	91
1145	107
1146	111
1147	148
1148	126
1149	172
1150	196
1151	106
1152	122
1153	148
1154	121
1155	100
1156	160
1157	235
1158	198
1159	186
1160	145
1161	142
1162	144
1163	197
1164	210
1165	220
1166	148
1167	132
1168	158
1169	142
1170	256
1171	177
1172	129
1173	108
1174	208
1175	186
1176	220
1177	126
1178	125
1179	147
1180	90
1181	123
1182	212
1183	216
1184	277
1185	104
1186	125
1187	109
1188	111
1189	171
1190	136
1191	109
1192	123
1193	281
1194	236
1195	137
1196	122
1197	239
1198	246
1199	162
1200	145
1201	169
1202	233
1203	310
1204	170
1205	165
1206	242
1207	163
1208	189
1209	120
1210	124
1211	142
1212	192
1213	111
1214	100
1215	101
1216	161
1217	132
1218	150
1219	186
1220	142
1221	177
1222	187
1223	173
1224	158
1225	223
1226	201
1227	205
1228	154
1229	103
1230	135
1231	130
1232	273
1233	70
1234	111
1235	140
1236	161
1237	129
1238	100
1239	121
1240	147
1241	227
1242	194
1243	218
1244	240
1245	178
1246	261
1247	237
1248	218
1249	193
1250	298
1251	194
1252	363
1253	141
1254	161
1255	85
1256	209
1257	174
1258	154
1259	166
1260	125
1261	202
1262	82
1263	105
1264	89
1265	93
1266	115
1267	219
1268	142
1269	89
1270	161
1271	154
1272	140
1273	219
1274	154
1275	165
1276	107
1277	135
1278	222
1279	167
1280	119
1281	145
1282	113
1283	101
1284	134
1285	138
1286	91
1287	128
1288	162
1289	160
1290	125
1291	118
1292	147
1293	139
1294	112
1295	93
1296	153
1297	109
1298	115
1299	89
1300	162
1301	114
1302	100
1303	97
1304	124
1305	201
1306	115
1307	124
1308	177
1309	243
1310	183
1311	111
1312	71
1313	91
1314	55
1315	123
1316	182
1317	123
1318	229
1319	218
1320	169
1321	144
1322	129
1323	118
1324	106
1325	198
1326	142
1327	222
1328	178
1329	146
1330	130
1331	130
1332	177
1333	77
1334	89
1335	74
1336	188
1337	109
1338	143
1339	140
1340	59
1341	91
1342	113
1343	122
1344	137
1345	128
1346	188
1347	164
1348	232
1349	120
1350	116
1351	105
1352	68
1353	120
1354	103
1355	148
1356	77
1357	110
1358	114
1359	105
1360	161
1361	165
1362	193
1363	200
1364	139
1365	99
1366	189
1367	90
1368	115
1369	152
1370	227
1371	108
1372	155
1373	245
1374	128
1375	202
1376	136
1377	134
1378	230
1379	142
1380	203
1381	85
1382	101
1383	130
1384	161
1385	196
1386	121
1387	85
1388	111
1389	135
1390	118
1391	95
1392	138
1393	166
1394	156
1395	238
1396	116
1397	95
1398	76
1399	139
1400	119
1401	92
1402	82
1403	110
1404	184
1405	107
1406	143
1407	121
1408	152
1409	120
1410	141
1411	104
1412	69
1413	111
1414	127
1415	92
1416	151
1417	116
1418	96
1419	100
1420	117
1421	122
1422	65
1423	141
1424	114
1425	103
1426	101
1427	130
1428	131
1429	132
1430	71
1431	172
1432	193
1433	192
1434	181
1435	283
1436	125
1437	106
1438	67
1439	92
1440	51
1441	109
1442	175
1443	170
1444	160
1445	64
1446	118
1447	182
1448	177
1449	97
1450	142
1451	85
1452	126
1453	65
1454	129
1455	156
1456	114
1457	118
1458	155
1459	153
1460	95
1461	145
1462	98
1463	138
1464	127
1465	119
1466	157
1467	104
1468	156
1469	126
1470	119
1471	125
1472	102
1473	121
1474	80
1475	82
1476	109
1477	150
1478	260
1479	78
1480	110
1481	126
1482	46
1483	73
1484	95
1485	101
1486	86
1487	83
1488	162
1489	143
1490	102
1491	69
1492	78
1493	178
1494	86
1495	131
1496	175
1497	81
1498	85
1499	125
1500	118
1501	171
1502	125
1503	58
1504	66
1505	58
1506	42
1507	77
1508	156
1509	89
1510	115
1511	90
1512	71
1513	81
1514	103
1515	103
1516	61
1517	131
1518	131
1519	132
1520	117
1521	209
1522	175
1523	220
1524	200
1525	182
1526	229
1527	173
1528	260
1529	180
1530	154
1531	118
1532	62
1533	159
1534	67
1535	126
1536	110
1537	139
1538	143
1539	146
1540	186
1541	135
1542	115
1543	164
1544	221
1545	113
1546	169
1547	87
1548	62
1549	108
1550	93
1551	133
1552	141
1553	122
1554	49
1555	53
1556	67
1557	63
1558	51
1559	53
1560	62
1561	85
1562	178
1563	194
1564	214
1565	96
1566	147
1567	114
1568	113
1569	113
1570	156
1571	130
1572	89
1573	52
1574	77
1575	56
1576	114
1577	62
1578	62
1579	102
1580	70
1581	75
1582	112
1583	176
1584	144
1585	90
1586	121
1587	118
1588	119
1589	94
1590	109
1591	62
1592	61
1593	72
1594	81
1595	71
1596	45
1597	89
1598	74
1599	89
1600	82
1601	120
1602	152
1603	86
1604	107
1605	127
1606	131
1607	85
1608	89
1609	110
1610	68
1611	90
1612	94
1613	53
1614	93
1615	87
1616	88
1617	102
1618	144
1619	41
1620	70
1621	50
1622	68
1623	114
1624	119
1625	49
1626	78
1627	64
1628	49
1629	58
1630	95
1631	139
1632	77
1633	99
1634	88
1635	154
1636	120
1637	157
1638	57
1639	53
1640	98
1641	60
1642	66
1643	99
1644	112
1645	97
1646	125
1647	77
1648	52
1649	69
1650	79
1651	63
1652	99
1653	109
1654	175
1655	123
1656	100
1657	66
1658	90
1659	119
1660	166
1661	108
1662	53
1663	99
1664	49
1665	105
1666	65
1667	132
1668	125
1669	93
1670	80
1671	118
1672	94
1673	49
1674	68
1675	107
1676	88
1677	149
1678	168
1679	120
1680	114
1681	83
1682	133
1683	141
1684	82
1685	123
1686	50
1687	131
1688	147
1689	110
1690	93
1691	71
1692	142
1693	104
1694	132
1695	106
1696	74
1697	70
1698	61
1699	58
1700	44
1701	124
1702	122
1703	98
1704	71
1705	51
1706	109
1707	61
1708	76
1709	166
1710	118
1711	120
1712	209
1713	103
1714	101
1715	122
1716	94
1717	99
1718	140
1719	94
1720	73
1721	115
1722	78
1723	58
1724	32
1725	52
1726	86
1727	33
1728	122
1729	90
1730	61
1731	75
1732	126
1733	93
1734	142
1735	129
1736	71
1737	75
1738	148
1739	96
1740	131
1741	61
1742	60
1743	56
1744	64
1745	52
1746	70
1747	46
1748	67
1749	39
1750	48
1751	73
1752	46
1753	84
1754	86
1755	61
1756	81
1757	22
1758	36
1759	105
1760	69
1761	75
1762	87
1763	86
1764	48
1765	46
1766	123
1767	144
1768	86
1769	121
1770	83
1771	63
1772	40
1773	54
1774	37
1775	34
1776	32
1777	66
1778	44
1779	71
1780	95
1781	39
1782	61
1783	70
1784	32
1785	20
1786	39
1787	38
1788	72
1789	71
1790	48
1791	59
1792	70
1793	82
1794	61
1795	149
1796	189
1797	74
1798	107
1799	85
1800	71
1801	58
1802	77
1803	41
1804	117
1805	101
1806	84
1807	120
1808	80
1809	33
1810	63
1811	61
1812	92
1813	59
1814	268
1815	94
1816	97
1817	78
1818	37
1819	119
1820	105
1821	45
1822	48
1823	98
1824	46
1825	123
1826	34
1827	29
1828	93
1829	51
1830	32
1831	33
1832	49
1833	51
1834	126
1835	75
1836	47
1837	76
1838	52
1839	52
1840	51
1841	26
1842	30
1843	64
1844	38
1845	21
1846	37
1847	72
1848	46
1849	78
1850	75
1851	36
1852	90
1853	87
1854	89
1855	56
1856	47
1857	51
1858	39
1859	70
1860	66
1861	67
1862	91
1863	133
1864	142
1865	175
1866	46
1867	69
1868	109
1869	69
1870	49
1871	63
1872	104
1873	24
1874	60
1875	41
1876	47
1877	60
1878	31
1879	40
1880	91
1881	35
1882	95
1883	84
1884	129
1885	106
1886	96
1887	90
1888	40
1889	29
1890	44
1891	84
1892	64
1893	79
1894	49
1895	88
1896	117
1897	47
1898	62
1899	75
1900	62
1901	104
1902	96
1903	70
1904	58
1905	89
1906	102
1907	106
1908	59
1909	56
1910	107
1911	77
1912	82
1913	53
1914	131
1915	68
1916	77
1917	77
1918	61
1919	43
1920	25
1921	48
1922	69
1923	61
1924	97
1925	113
1926	122
1927	42
1928	62
1929	68
1930	60
1931	27
1932	55
1933	35
1934	78
1935	89
1936	20
1937	29
1938	59
1939	73
1940	66
1941	32
1942	52
1943	31
1944	56
1945	50
1946	85
1947	68
1948	94
1949	75
1950	93
1951	76
1952	64
1953	82
1954	71
1955	126
1956	71
1957	75
1958	45
1959	50
1960	86
1961	72
1962	75
1963	77
1964	64
1965	63
1966	97
1967	87
1968	53
1969	79
1970	104
1971	38
1972	42
1973	38
1974	28
1975	35
1976	75
1977	32
1978	31
1979	32
1980	82
1981	216
1982	82
1983	35
1984	48
1985	51
1986	38
1987	40
1988	45
1989	56
1990	72
1991	86
1992	72
1993	46
1994	60
1995	102
1996	110
1997	51
1998	74
1999	33
2000	105
2001	89
2002	104
2003	68
2004	39
2005	39
2006	90
2007	58
2008	43
2009	60
2010	66
2011	87
2012	75
2013	78
2014	76
2015	99
2016	52
2017	71
2018	98
2019	76
2020	54
2021	53
2022	80
2023	36
2024	43
2025	47
2026	26
2027	39
2028	23
2029	42
2030	25
2031	64
2032	71
2033	44
2034	46
2035	52
2036	36
2037	39
2038	148
2039	69
2040	60
2041	91
2042	102
2043	33
2044	23
2045	85
2046	77
2047	60
2048	32
2049	24
2050	56
2051	65
2052	28
2053	17
2054	16
2055	22
2056	54
2057	70
2058	68
2059	51
2060	120
2061	67
2062	54
2063	58
2064	102
2065	56
2066	41
2067	99
2068	58
2069	69
2070	54
2071	35
2072	30
2073	31
2074	41
2075	53
2076	79
2077	94
2078	52
2079	26
2080	40
2081	67
2082	36
2083	31
2084	52
2085	34
2086	22
2087	27
2088	29
2089	25
2090	21
2091	33
2092	35
2093	37
2094	66
2095	111
2096	51
2097	33
2098	102
2099	38
2100	60
2101	85
2102	77
2103	81
2104	50
2105	28
2106	40
2107	25
2108	60
2109	15
2110	19
2111	26
2112	38
2113	46
2114	50
2115	44
2116	49
2117	38
2118	55
2119	47
2120	93
2121	70
2122	53
2123	50
2124	72
2125	73
2126	91
2127	63
2128	76
2129	46
2130	52
2131	69
2132	59
2133	92
2134	57
2135	56
2136	86
2137	50
2138	43
2139	55
2140	62
2141	47
2142	36
2143	20
2144	42
2145	77
2146	50
2147	62
2148	111
2149	57
2150	66
2151	81
2152	73
2153	46
2154	42
2155	85
2156	69
2157	80
2158	61
2159	45
2160	31
2161	39
2162	70
2163	46
2164	32
2165	37
2166	91
2167	66
2168	55
2169	49
2170	77
2171	52
2172	52
2173	54
2174	78
2175	68
2176	61
2177	51
2178	79
2179	116
2180	121
2181	38
2182	36
2183	32
2184	34
2185	33
2186	34
2187	34
2188	18
2189	23
2190	45
2191	37
2192	47
2193	165
2194	90
2195	54
2196	59
2197	17
2198	44
2199	15
2200	34
2201	36
2202	60
2203	78
2204	54
2205	69
2206	44
2207	38
2208	36
2209	65
2210	43
2211	106
2212	62
2213	21
2214	23
2215	46
2216	66
2217	69
2218	41
2219	51
2220	54
2221	95
2222	74
2223	35
2224	30
2225	40
2226	26
2227	43
2228	70
2229	67
2230	39
2231	73
2232	25
2233	33
2234	20
2235	27
2236	34
2237	30
2238	58
2239	21
2240	43
2241	17
2242	68
2243	67
2244	37
2245	53
2246	47
2247	33
2248	80
2249	69
2250	95
2251	37
2252	46
2253	41
2254	25
2255	66
2256	26
2257	82
2258	91
2259	50
2260	53
2261	48
2262	53
2263	73
2264	53
2265	105
2266	71
2267	39
2268	42
2269	61
2270	64
2271	92
2272	75
2273	58
2274	74
2275	71
2276	30
2277	62
2278	45
2279	39
2280	71
2281	52
2282	62
2283	42
2284	22
2285	103
2286	31
2287	59
2288	73
2289	47
2290	46
2291	57
2292	35
2293	36
2294	34
2295	21
2296	22
2297	21
2298	49
2299	27
2300	31
2301	26
2302	37
2303	45
2304	54
2305	38
2306	145
2307	53
2308	61
2309	26
2310	27
2311	38
2312	56
2313	50
2314	33
2315	44
2316	74
2317	52
2318	79
2319	60
2320	73
2321	79
2322	65
2323	72
2324	63
2325	38
2326	57
2327	152
2328	41
2329	59
2330	72
2331	64
2332	43
2333	41
2334	50
2335	34
2336	131
2337	75
2338	53
2339	81
2340	86
2341	82
2342	96
2343	80
2344	92
2345	79
2346	33
2347	93
2348	41
2349	36
2350	66
2351	44
2352	80
2353	65
2354	37
2355	30
2356	28
2357	44
2358	59
2359	58
2360	58
2361	85
2362	41
2363	37
2364	38
2365	41
2366	34
2367	62
2368	122
2369	109
2370	47
2371	69
2372	46
2373	34
2374	30
2375	52
2376	39
2377	55
2378	33
2379	41
2380	22
2381	45
2382	111
2383	104
2384	68
2385	56
2386	30
2387	36
2388	67
2389	145
2390	51
2391	46
2392	39
2393	23
2394	44
2395	59
2396	27
2397	40
2398	53
2399	62
2400	20
2401	24
2402	16
2403	25
2404	18
2405	68
2406	50
2407	53
2408	79
2409	51
2410	191
2411	34
2412	71
2413	85
2414	54
2415	33
2416	24
2417	56
2418	47
2419	49
2420	66
2421	46
2422	22
2423	41
2424	34
2425	36
2426	14
2427	19
2428	22
2429	20
2430	12
2431	39
2432	16
2433	18
2434	27
2435	18
2436	25
2437	45
2438	42
2439	40
2440	29
2441	14
2442	25
2443	27
2444	38
2445	22
2446	22
2447	25
2448	45
2449	43
2450	48
2451	94
2452	64
2453	30
2454	42
2455	109
2456	84
2457	126
2458	26
2459	29
2460	28
2461	20
2462	28
2463	42
2464	30
2465	20
2466	13
2467	21
2468	29
2469	107
2470	68
2471	47
2472	84
2473	61
2474	53
2475	75
2476	77
2477	94
2478	39
2479	56
2480	115
2481	59
2482	22
2483	40
2484	42
2485	41
2486	30
2487	27
2488	45
2489	44
2490	90
2491	43
2492	52
2493	51
2494	45
2495	39
2496	46
2497	70
2498	34
2499	108
2500	48
2501	51
2502	37
2503	35
2504	45
2505	47
2506	56
2507	88
2508	37
2509	52
2510	92
2511	60
2512	31
2513	52
2514	30
2515	37
2516	41
2517	34
2518	31
2519	43
2520	37
2521	65
2522	46
2523	30
2524	31
2525	20
2526	35
2527	59
2528	69
2529	37
2530	22
2531	35
2532	31
2533	59
2534	87
2535	25
2536	17
2537	23
2538	74
2539	37
2540	24
2541	27
2542	21
2543	25
2544	41
2545	33
2546	81
2547	39
2548	63
2549	47
2550	48
2551	45
2552	41
2553	19
2554	40
2555	35
2556	29
2557	30
2558	49
2559	60
2560	32
2561	73
2562	18
2563	37
2564	59
2565	16
2566	20
2567	38
2568	46
2569	70
2570	42
2571	52
2572	47
2573	32
2574	44
2575	37
2576	40
2577	27
2578	40
2579	42
2580	84
2581	49
2582	74
2583	37
2584	37
2585	30
2586	36
2587	26
2588	54
2589	128
2590	38
2591	29
2592	20
2593	36
2594	54
2595	85
2596	25
2597	29
2598	34
2599	39
2600	51
2601	67
2602	62
2603	63
2604	33
2605	30
2606	10
2607	29
2608	24
2609	32
2610	48
2611	37
2612	44
2613	38
2614	40
2615	31
2616	22
2617	26
2618	48
2619	54
2620	58
2621	28
2622	49
2623	42
2624	65
2625	83
2626	65
2627	29
2628	57
2629	39
2630	41
2631	29
2632	56
2633	111
2634	34
2635	25
2636	58
2637	74
2638	109
2639	30
2640	35
2641	46
2642	40
2643	21
2644	24
2645	47
2646	55
2647	61
2648	52
2649	25
2650	34
2651	21
2652	40
2653	21
2654	22
2655	40
2656	41
2657	45
2658	58
2659	121
2660	39
2661	64
2662	36
2663	51
2664	30
2665	33
2666	69
2667	57
2668	81
2669	79
2670	102
2671	54
2672	86
2673	69
2674	123
2675	67
2676	84
2677	60
2678	35
2679	42
2680	95
2681	34
2682	37
2683	18
2684	12
2685	19
2686	11
2687	22
2688	48
2689	89
2690	30
2691	30
2692	16
2693	18
2694	33
2695	17
2696	18
2697	17
2698	22
2699	47
2700	18
2701	15
2702	14
2703	80
2704	33
2705	134
2706	24
2707	70
2708	18
2709	29
2710	32
2711	40
2712	36
2713	33
2714	18
2715	37
2716	34
2717	38
2718	24
2719	17
2720	41
2721	64
2722	54
2723	54
2724	45
2725	52
2726	28
2727	97
2728	29
2729	20
2730	37
2731	23
2732	34
2733	27
2734	22
2735	131
2736	22
2737	33
2738	29
2739	34
2740	25
2741	26
2742	62
2743	29
2744	52
2745	37
2746	14
2747	12
2748	10
2749	9
2750	5
2751	14
2752	20
2753	10
2754	22
2755	29
2756	19
2757	45
2758	9
2759	26
2760	12
2761	23
2762	29
2763	20
2764	23
2765	25
2766	37
2767	20
2768	34
2769	49
2770	103
2771	26
2772	22
2773	30
2774	28
2775	14
2776	21
2777	16
2778	43
2779	24
2780	18
2781	30
2782	32
2783	26
2784	46
2785	66
2786	43
2787	38
2788	15
2789	13
2790	15
2791	9
2792	10
2793	11
2794	8
2795	16
2796	24
2797	11
2798	9
2799	12
2800	77
2801	19
2802	20
2803	19
2804	10
2805	13
2806	13
2807	26
2808	16
2809	20
2810	21
2811	15
2812	16
2813	20
2814	15
2815	24
2816	24
2817	22
2818	25
2819	17
2820	20
2821	16
2822	29
2823	32
2824	25
2825	44
2826	99
2827	63
2828	45
2829	26
2830	73
2831	44
2832	20
2833	12
2834	18
2835	14
2836	17
2837	26
2838	40
2839	62
2840	25
2841	21
2842	31
2843	62
2844	12
2845	33
2846	38
2847	20
2848	29
2849	58
2850	16
2851	9
2852	22
2853	42
2854	29
2855	18
2856	28
2857	44
2858	35
2859	22
2860	21
2861	21
2862	15
2863	21
2864	20
2865	29
2866	29
2867	39
2868	29
2869	42
2870	25
2871	23
2872	99
2873	32
2874	32
2875	43
2876	51
2877	41
2878	67
2879	63
2880	68
2881	24
2882	42
2883	69
2884	17
2885	43
2886	37
2887	53
2888	55
2889	126
2890	77
2891	41
2892	37
2893	31
2894	50
2895	47
2896	78
2897	31
2898	43
2899	52
2900	75
2901	12
2902	18
2903	48
2904	34
2905	62
2906	37
2907	53
2908	34
2909	13
2910	12
2911	30
2912	122
2913	43
2914	29
2915	37
2916	48
2917	7
2918	17
2919	16
2920	10
2921	26
2922	35
2923	68
2924	26
2925	55
2926	24
2927	27
2928	55
2929	62
2930	45
2931	25
2932	25
2933	70
2934	41
2935	34
2936	21
2937	35
2938	75
2939	23
2940	54
2941	62
2942	35
2943	30
2944	36
2945	14
2946	25
2947	18
2948	38
2949	20
2950	22
2951	41
2952	24
2953	13
2954	28
2955	42
2956	32
2957	53
2958	60
2959	92
2960	53
2961	18
2962	23
2963	21
2964	18
2965	24
2966	31
2967	50
2968	33
2969	39
2970	27
2971	21
2972	35
2973	17
2974	21
2975	10
2976	12
2977	9
2978	19
2979	20
2980	23
2981	45
2982	24
2983	40
2984	76
2985	19
2986	13
2987	15
2988	18
2989	36
2990	27
2991	63
2992	26
2993	45
2994	43
2995	14
2996	23
2997	26
2998	20
2999	46
3000	47
3001	31
3002	6
3003	9
3004	8
3005	13
3006	9
3007	4
3008	5
3009	10
3010	9
3011	11
3012	20
3013	13
3014	9
3015	10
3016	16
3017	12
3018	19
3019	13
3020	21
3021	38
3022	20
3023	20
3024	15
3025	24
3026	61
3027	22
3028	20
3029	16
3030	16
3031	30
3032	26
3033	140
3034	18
3035	63
3036	105
3037	51
3038	73
3039	30
3040	40
3041	34
3042	22
3043	16
3044	10
3045	19
3046	12
3047	10
3048	18
3049	5
3050	29
3051	30
3052	19
3053	44
3054	26
3055	60
3056	33
3057	32
3058	19
3059	42
3060	48
3061	72
3062	18
3063	21
3064	22
3065	35
3066	41
3067	34
3068	28
3069	34
3070	31
3071	30
3072	25
3073	40
3074	29
3075	23
3076	51
3077	22
3078	33
3079	29
3080	21
3081	19
3082	24
3083	47
3084	18
3085	40
3086	64
3087	24
3088	17
3089	40
3090	12
3091	44
3092	21
3093	26
3094	13
3095	13
3096	8
3097	15
3098	12
3099	16
3100	16
3101	30
3102	39
3103	26
3104	14
3105	106
3106	26
3107	42
3108	73
3109	23
3110	73
3111	26
3112	104
3113	56
3114	32
3115	26
3116	21
3117	39
3118	26
3119	53
3120	47
3121	21
3122	34
3123	52
3124	31
3125	26
3126	28
3127	19
3128	39
3129	20
3130	12
3131	27
3132	26
3133	22
3134	22
3135	25
3136	33
3137	25
3138	13
3139	40
3140	25
3141	33
3142	43
3143	38
3144	8
3145	27
3146	16
3147	8
3148	8
3149	70
3150	46
3151	36
3152	10
3153	10
3154	6
3155	9
3156	13
3157	20
3158	22
3159	18
3160	31
3161	15
3162	63
3163	36
3164	16
3165	14
3166	14
3167	13
3168	23
3169	13
3170	45
3171	10
3172	9
3173	13
3174	16
3175	10
3176	21
3177	12
3178	26
3179	15
3180	19
3181	17
3182	40
3183	24
3184	30
3185	7
3186	18
3187	17
3188	68
3189	14
3190	13
3191	13
3192	19
3193	19
3194	17
3195	71
3196	31
3197	59
3198	76
3199	31
3200	27
3201	34
3202	30
3203	21
3204	30
3205	26
3206	100
3207	21
3208	17
3209	18
3210	8
3211	27
3212	25
3213	18
3214	23
3215	20
3216	60
3217	12
3218	13
3219	14
3220	11
3221	18
3222	17
3223	19
3224	40
3225	27
3226	21
3227	23
3228	36
3229	12
3230	18
3231	13
3232	14
3233	15
3234	23
3235	19
3236	37
3237	12
3238	20
3239	27
3240	54
3241	29
3242	28
3243	10
3244	13
3245	14
3246	15
3247	10
3248	17
3249	8
3250	9
3251	9
3252	11
3253	10
3254	15
3255	14
3256	51
3257	17
3258	70
3259	52
3260	13
3261	19
3262	15
3263	16
3264	13
3265	25
3266	57
3267	43
3268	42
3269	39
3270	55
3271	19
3272	37
3273	15
3274	28
3275	32
3276	16
3277	22
3278	19
3279	24
3280	16
3281	45
3282	23
3283	25
3284	63
3285	44
3286	36
3287	59
3288	45
3289	23
3290	48
3291	17
3292	17
3293	20
3294	38
3295	14
3296	25
3297	30
3298	28
3299	20
3300	33
3301	14
3302	11
3303	17
3304	24
3305	12
3306	21
3307	21
3308	20
3309	16
3310	17
3311	15
3312	9
3313	10
3314	15
3315	31
3316	26
3317	21
3318	86
3319	17
3320	40
3321	14
3322	9
3323	36
3324	31
3325	39
3326	23
3327	34
3328	43
3329	80
3330	13
3331	23
3332	14
3333	31
3334	13
3335	12
3336	15
3337	24
3338	37
3339	20
3340	31
3341	41
3342	39
3343	23
3344	17
3345	21
3346	42
3347	24
3348	11
3349	54
3350	123
3351	52
3352	58
3353	31
3354	20
3355	9
3356	19
3357	31
3358	47
3359	25
3360	19
3361	28
3362	10
3363	7
3364	10
3365	18
3366	63
3367	11
3368	19
3369	15
3370	17
3371	27
3372	31
3373	53
3374	40
3375	16
3376	21
3377	11
3378	7
3379	9
3380	5
3381	8
3382	10
3383	4
3384	5
3385	13
3386	4
3387	16
3388	20
3389	33
3390	42
3391	24
3392	44
3393	16
3394	27
3395	13
3396	11
3397	31
3398	10
3399	16
3400	32
3401	38
3402	19
3403	8
3404	7
3405	19
3406	23
3407	20
3408	11
3409	43
3410	26
3411	17
3412	54
3413	30
3414	27
3415	19
3416	14
3417	41
3418	20
3419	20
3420	29
3421	53
3422	36
3423	23
3424	22
3425	23
3426	20
3427	49
3428	84
3429	50
3430	26
3431	112
3432	15
3433	23
3434	37
3435	32
3436	21
3437	27
3438	24
3439	11
3440	18
3441	100
3442	11
3443	12
3444	22
3445	54
3446	16
3447	49
3448	20
3449	23
3450	32
3451	38
3452	28
3453	22
3454	13
3455	10
3456	26
3457	26
3458	20
3459	34
3460	24
3461	13
3462	18
3463	21
3464	20
3465	11
3466	42
3467	43
3468	33
3469	75
3470	26
3471	92
3472	55
3473	31
3474	23
3475	20
3476	46
3477	46
3478	51
3479	16
3480	35
3481	6
3482	41
3483	9
3484	7
3485	6
3486	12
3487	21
3488	7
3489	16
3490	17
3491	3
3492	2
3493	2
3494	8
3495	3
3496	11
3497	22
3498	15
3499	5
3500	21
3501	19
3502	21
3503	8
3504	31
3505	27
3506	36
3507	61
3508	29
3509	26
3510	22
3511	24
3512	25
3513	60
3514	16
3515	29
3516	6
3517	19
3518	6
3519	28
3520	58
3521	8
3522	3
3523	33
3524	21
3525	7
3526	9
3527	5
3528	7
3529	8
3530	38
3531	7
3532	6
3533	4
3534	5
3535	18
3536	12
3537	15
3538	12
3539	26
3540	80
3541	17
3542	45
3543	13
3544	4
3545	5
3546	15
3547	14
3548	52
3549	30
3550	12
3551	7
3552	9
3553	19
3554	13
3555	22
3556	11
3557	12
3558	6
3559	18
3560	29
3561	11
3562	7
3563	21
3564	4
3565	13
3566	19
3567	34
3568	13
3569	12
3570	12
3571	18
3572	15
3573	13
3574	15
3575	11
3576	11
3577	12
3578	9
3579	9
3580	4
3581	4
3582	3
3583	11
3584	26
3585	19
3586	24
3587	9
3588	7
3589	15
3590	11
3591	11
3592	18
3593	28
3594	22
3595	23
3596	56
3597	14
3598	20
3599	18
3600	17
3601	11
3602	19
3603	11
3604	16
3605	4
3606	7
3607	8
3608	7
3609	29
3610	17
3611	3
3612	32
3613	22
3614	10
3615	6
3616	5
3617	3
3618	10
3619	13
3620	7
3621	10
3622	11
3623	8
3624	18
3625	11
3626	19
3627	15
3628	19
3629	33
3630	25
3631	43
3632	16
3633	22
3634	27
3635	37
3636	16
3637	21
3638	9
3639	10
3640	95
3641	20
3642	22
3643	17
3644	21
3645	12
3646	7
3647	7
3648	10
3649	11
3650	4
3651	11
3652	19
3653	7
3654	8
3655	13
3656	11
3657	12
3658	42
3659	29
3660	31
3661	37
3662	11
3663	27
3664	20
3665	59
3666	41
3667	31
3668	44
3669	12
3670	63
3671	19
3672	46
3673	14
3674	14
3675	5
3676	24
3677	7
3678	18
3679	24
3680	20
3681	33
3682	31
3683	42
3684	26
3685	43
3686	29
3687	32
3688	10
3689	16
3690	30
3691	11
3692	9
3693	16
3694	14
3695	7
3696	4
3697	8
3698	4
3699	5
3700	8
3701	7
3702	66
3703	20
3704	6
3705	8
3706	10
3707	9
3708	11
3709	14
3710	16
3711	35
3712	14
3713	12
3714	25
3715	17
3716	8
3717	20
3718	25
3719	14
3720	10
3721	18
3722	13
3723	20
3724	12
3725	6
3726	3
3727	8
3728	28
3729	7
3730	6
3731	17
3732	13
3733	11
3734	12
3735	8
3736	19
3737	24
3738	22
3739	38
3740	16
3741	26
3742	22
3743	42
3744	16
3745	11
3746	12
3747	12
3748	16
3749	23
3750	20
3751	16
3752	19
3753	30
3754	28
3755	27
3756	42
3757	9
3758	17
3759	19
3760	37
3761	42
3762	16
3763	9
3764	38
3765	38
3766	16
3767	11
3768	21
3769	8
3770	18
3771	29
3772	12
3773	6
3774	5
3775	4
3776	8
3777	12
3778	8
3779	24
3780	5
3781	17
3782	23
3783	9
3784	32
3785	23
3786	27
3787	21
3788	13
3789	20
3790	50
3791	20
3792	24
3793	21
3794	11
3795	11
3796	10
3797	25
3798	9
3799	8
3800	7
3801	10
3802	26
3803	16
3804	11
3805	9
3806	6
3807	14
3808	21
3809	18
3810	22
3811	23
3812	29
3813	6
3814	10
3815	27
3816	27
3817	13
3818	9
3819	10
3820	10
3821	86
3822	10
3823	13
3824	8
3825	15
3826	15
3827	23
3828	16
3829	21
3830	12
3831	18
3832	13
3833	11
3834	13
3835	12
3836	12
3837	17
3838	13
3839	12
3840	14
3841	26
3842	18
3843	30
3844	63
3845	12
3846	24
3847	9
3848	29
3849	39
3850	18
3851	21
3852	42
3853	27
3854	36
3855	42
3856	91
3857	38
3858	15
3859	14
3860	16
3861	20
3862	24
3863	38
3864	22
3865	26
3866	18
3867	23
3868	49
3869	42
3870	21
3871	20
3872	9
3873	12
3874	36
3875	11
3876	12
3877	15
3878	30
3879	11
3880	9
3881	10
3882	10
3883	11
3884	16
3885	9
3886	15
3887	13
3888	16
3889	11
3890	20
3891	34
3892	20
3893	23
3894	7
3895	16
3896	5
3897	23
3898	19
3899	11
3900	12
3901	7
3902	17
3903	12
3904	11
3905	22
3906	7
3907	17
3908	19
3909	18
3910	15
3911	17
3912	31
3913	28
3914	11
3915	24
3916	34
3917	17
3918	30
3919	32
3920	22
3921	12
3922	9
3923	7
3924	15
3925	9
3926	10
3927	37
3928	9
3929	5
3930	9
3931	2
3932	7
3933	4
3934	25
3935	14
3936	27
3937	30
3938	118
3939	29
3940	13
3941	14
3942	15
3943	17
3944	37
3945	3
3947	2
3948	12
3949	31
3950	10
3951	12
3952	14
3953	12
3954	13
3955	15
3956	11
3957	33
3958	25
3959	56
3960	20
3961	5
3962	5
3963	9
3964	6
3965	6
3966	15
3967	11
3968	12
3969	19
3970	18
3971	3
3972	9
3973	7
3974	14
3975	10
3976	10
3977	7
3978	9
3979	16
3980	16
3981	8
3982	34
3983	27
3984	8
3985	2
3986	4
3987	6
3988	4
3989	3
3990	6
3991	6
3992	13
3993	16
3994	25
3995	34
3996	23
3997	14
3998	17
3999	14
4000	11
4001	37
4002	18
4003	45
4004	16
4005	6
4006	9
4007	12
4008	3
4009	10
4010	7
4011	4
4012	5
4013	52
4014	9
4015	12
4016	11
4017	12
4018	5
4019	4
4020	2
4021	5
4023	4
4024	6
4025	8
4026	2
4027	7
4028	6
4029	6
4030	3
4031	3
4032	6
4033	37
4034	7
4035	3
4036	2
4037	9
4038	3
4039	6
4040	6
4041	2
4042	9
4043	5
4044	6
4045	8
4046	9
4047	9
4048	1
4049	7
4050	8
4051	13
4052	22
4053	8
4054	5
4055	8
4056	5
4057	30
4058	21
4059	3
4060	5
4061	5
4062	8
4063	9
4064	11
4065	19
4066	10
4067	3
4068	8
4069	14
4070	13
4071	15
4072	17
4073	38
4074	24
4075	64
4076	15
4077	39
4078	41
4079	42
4080	45
4081	10
4082	23
4083	14
4084	36
4085	21
4086	14
4087	18
4088	4
4089	19
4090	13
4091	17
4092	39
4093	47
4094	33
4095	65
4096	35
4097	6
4098	16
4099	8
4100	6
4101	13
4102	17
4103	20
4104	17
4105	7
4106	9
4107	12
4108	5
4109	1
4110	8
4111	5
4112	5
4113	18
4114	17
4115	6
4116	8
4117	14
4118	12
4119	1
4120	9
4121	11
4122	8
4123	3
4124	7
4125	36
4126	21
4127	18
4128	6
4129	6
4130	12
4131	8
4132	22
4133	26
4134	19
4135	19
4136	14
4137	14
4138	11
4139	19
4140	2
4141	12
4142	7
4143	28
4144	14
4145	14
4146	15
4147	16
4148	51
4149	20
4150	14
4151	2
4152	4
4153	8
4154	3
4155	5
4156	6
4157	6
4158	3
4159	3
4160	7
4161	6
4162	10
4163	9
4164	4
4165	13
4166	15
4167	11
4168	34
4169	17
4170	21
4171	30
4172	30
4173	25
4174	22
4175	20
4176	41
4177	52
4178	4
4179	10
4180	37
4181	11
4182	9
4183	9
4184	9
4185	9
4186	11
4187	5
4188	8
4189	15
4190	42
4191	18
4192	27
4193	18
4194	66
4195	36
4196	36
4197	6
4198	23
4199	29
4200	33
4201	33
4202	31
4203	41
4204	30
4205	11
4206	54
4207	13
4208	13
4209	8
4210	12
4211	4
4212	6
4213	14
4214	33
4215	17
4216	20
4217	56
4218	42
4219	16
4220	18
4221	14
4222	5
4223	15
4224	62
4225	10
4226	8
4227	8
4228	7
4229	7
4230	19
4231	21
4232	11
4233	17
4234	23
4235	7
4236	5
4237	6
4238	9
4239	12
4240	18
4241	17
4242	20
4243	8
4244	26
4245	10
4246	17
4247	27
4248	24
4249	20
4250	26
4251	19
4252	11
4253	14
4254	25
4255	16
4256	16
4257	17
4258	23
4259	11
4260	15
4261	31
4262	23
4263	20
4264	11
4265	13
4266	11
4267	15
4268	8
4269	14
4270	12
4271	8
4272	14
4273	19
4274	23
4275	13
4276	34
4277	31
4278	11
4279	23
4280	8
4281	10
4282	5
4283	8
4284	10
4285	7
4286	23
4287	7
4288	4
4289	8
4290	11
4291	9
4292	16
4293	36
4294	77
4295	31
4296	16
4297	15
4298	7
4299	12
4300	20
4301	9
4302	12
4303	6
4304	16
4305	19
4306	55
4307	58
4308	22
4309	18
4310	12
4311	11
4312	11
4313	36
4314	28
4315	8
4316	13
4317	5
4318	15
4319	14
4320	46
4321	13
4322	10
4323	3
4324	8
4325	15
4326	29
4327	32
4328	22
4329	5
4330	10
4331	11
4332	11
4333	4
4334	7
4335	10
4336	11
4337	8
4338	4
4339	13
4340	15
4341	6
4342	9
4343	27
4344	20
4345	20
4346	14
4347	7
4348	3
4349	45
4350	7
4351	14
4352	14
4353	16
4354	27
4355	26
4356	13
4357	13
4358	16
4359	53
4360	15
4361	12
4362	11
4363	8
4364	20
4365	35
4366	46
4367	24
4368	10
4369	10
4370	14
4371	24
4372	6
4373	9
4374	11
4375	4
4376	17
4377	15
4378	8
4379	7
4380	10
4381	5
4382	16
4383	7
4384	9
4385	11
4386	20
4387	15
4388	11
4389	14
4390	16
4391	46
4392	13
4393	19
4394	13
4395	20
4396	23
4397	19
4398	15
4399	14
4400	12
4401	8
4402	12
4403	12
4404	73
4405	18
4406	10
4407	4
4408	5
4409	7
4411	2
4412	7
4413	10
4414	4
4415	6
4416	6
4417	12
4418	8
4419	7
4420	8
4421	9
4422	3
4423	11
4424	10
4425	3
4426	7
4427	9
4428	10
4429	8
4430	10
4431	15
4432	16
4433	13
4434	39
4435	40
4436	32
4437	17
4438	35
4439	76
4440	16
4441	11
4442	22
4443	3
4444	6
4445	4
4446	9
4447	11
4448	7
4449	12
4450	13
4451	8
4452	5
4453	8
4454	17
4455	13
4456	11
4457	15
4458	14
4459	19
4460	11
4461	18
4462	6
4463	8
4464	9
4465	6
4466	4
4467	5
4468	7
4469	6
4470	10
4471	4
4472	10
4473	11
4474	5
4475	5
4476	9
4477	5
4478	4
4479	4
4480	9
4481	6
4482	8
4483	12
4484	17
4485	12
4486	7
4487	10
4488	7
4489	3
4490	13
4491	15
4492	10
4493	26
4494	9
4495	3
4496	10
4497	8
4498	12
4499	5
4500	4
4501	4
4502	15
4503	10
4504	23
4505	15
4506	4
4507	21
4508	11
4509	6
4510	47
4511	20
4512	6
4513	27
4514	18
4515	11
4516	14
4517	11
4518	2
4519	3
4520	2
4521	3
4522	2
4523	5
4524	1
4525	1
4526	5
4527	3
4528	4
4529	3
4530	9
4531	3
4532	5
4533	4
4534	6
4535	1
4536	3
4537	6
4538	12
4539	10
4540	15
4541	5
4542	17
4543	13
4544	7
4545	22
4546	13
4547	18
4548	34
4549	32
4550	10
4551	7
4552	15
4553	22
4554	3
4555	4
4556	6
4557	16
4558	4
4559	5
4560	8
4561	25
4562	9
4563	17
4564	1
4565	5
4566	6
4567	6
4568	6
4569	4
4570	13
4571	12
4572	33
4573	33
4574	13
4575	32
4576	22
4577	20
4578	14
4579	29
4580	25
4581	11
4582	4
4583	5
4584	5
4585	7
4586	6
4587	17
4588	25
4589	5
4590	5
4591	19
4592	24
4593	11
4594	1
4595	10
4596	8
4597	2
4598	3
4599	2
4601	2
4602	2
4603	3
4604	2
4607	3
4608	2
4609	8
4610	4
4612	3
4613	2
4614	5
4615	1
4616	2
4617	4
4618	4
4619	6
4620	4
4621	1
4622	4
4623	5
4624	4
4625	7
4626	5
4627	6
4628	9
4629	4
4630	9
4631	5
4632	4
4633	1
4634	39
4635	6
4636	6
4637	4
4638	9
4639	7
4640	4
4641	4
4642	5
4643	3
4644	7
4645	8
4646	7
4647	10
4648	6
4649	16
4650	14
4651	9
4652	15
4653	16
4654	25
4655	16
4656	17
4657	14
4658	33
4659	27
4660	33
4661	73
4662	30
4663	8
4664	11
4665	13
4666	7
4667	8
4668	8
4669	12
4670	17
4671	14
4672	24
4673	17
4674	8
4675	9
4676	17
4677	17
4678	21
4679	4
4680	11
4681	34
4682	17
4683	8
4684	10
4685	92
4686	25
4687	26
4688	9
4689	7
4690	9
4691	14
4692	6
4693	5
4694	3
4695	1
4696	9
4697	28
4698	5
4699	2
4700	11
4701	10
4703	2
4704	1
4705	8
4706	10
4707	35
4708	12
4709	4
4710	2
4711	13
4712	12
4713	14
4714	4
4715	24
4716	15
4717	1
4718	4
4719	30
4720	8
4721	21
4722	27
4723	12
4724	26
4725	31
4726	4
4727	15
4728	6
4729	3
4730	3
4733	8
4734	1
4735	16
4736	2
4737	3
4738	1
4739	5
4740	3
4741	4
4742	3
4743	3
4744	5
4745	2
4746	2
4747	3
4748	3
4749	5
4750	4
4751	4
4752	3
4753	5
4754	4
4755	3
4756	5
4757	8
4758	4
4759	4
4760	9
4761	5
4762	15
4763	12
4764	3
4765	16
4766	9
4767	11
4768	12
4769	10
4770	7
4771	5
4772	10
4773	20
4774	11
4775	10
4776	20
4777	16
4778	5
4779	11
4780	2
4781	3
4782	8
4783	5
4784	5
4785	6
4786	5
4787	4
4788	6
4789	5
4790	4
4791	6
4792	2
4793	16
4794	6
4795	4
4796	4
4797	8
4798	5
4799	10
4800	35
4801	2
4802	2
4803	2
4804	4
4805	2
4806	4
4807	1
4808	3
4809	4
4810	1
4811	5
4812	2
4813	8
4814	7
4815	5
4816	4
4817	6
4818	7
4819	2
4820	6
4821	3
4822	6
4823	11
4824	12
4825	14
4827	23
4828	13
4829	15
4830	7
4831	4
4832	10
4833	11
4834	12
4835	11
4836	20
4837	2
4838	17
4839	5
4840	2
4841	5
4842	7
4843	15
4844	2
4845	2
4846	6
4847	4
4848	5
4849	7
4850	5
4851	2
4852	2
4853	7
4854	4
4855	3
4856	5
4857	6
4858	2
4859	18
4860	15
4861	5
4862	10
4863	10
4864	12
4865	18
4866	13
4867	35
4868	8
4869	5
4870	6
4871	7
4872	4
4873	8
4874	17
4875	3
4876	5
4877	11
4878	44
4879	16
4880	13
4881	10
4882	11
4883	11
4884	7
4885	7
4886	10
4887	18
4888	25
4889	16
4890	7
4891	7
4892	40
4893	1
4894	1
4895	9
4896	8
4897	4
4898	4
4899	4
4900	3
4901	4
4902	3
4903	5
4904	3
4905	6
4906	1
4907	2
4908	7
4909	12
4910	4
4911	9
4912	9
4913	2
4914	5
4915	16
4916	1
4917	6
4918	11
4919	16
4920	18
4921	15
4922	16
4923	6
4924	6
4925	4
4926	5
4927	5
4928	6
4929	4
4930	1
4931	1
4932	2
4933	4
4934	2
4935	2
4936	8
4937	10
4938	18
4939	19
4940	12
4941	26
4942	13
4943	20
4944	18
4945	5
4946	1
4947	3
4948	5
4949	1
4950	3
4951	5
4952	4
4953	4
4954	4
4955	1
4956	4
4957	3
4958	3
4959	2
4961	6
4962	5
4963	7
4964	5
4965	3
4966	4
4967	4
4968	4
4969	7
4970	15
4972	4
4973	1
4974	3
4975	7
4976	4
4977	61
4978	5
4979	3
4980	3
4981	5
4982	5
4983	58
4984	7
4985	4
4986	7
4987	24
4988	4
4989	2
4990	10
4991	5
4992	3
4993	5
4994	8
4995	7
4996	10
4997	11
4998	8
4999	7
5000	10
5001	25
5002	18
5003	38
5004	9
5005	11
5006	8
5007	6
5008	2
5009	3
5010	5
5011	1
5012	7
5013	3
5014	6
5015	7
5016	16
5017	26
5018	5
5019	4
5020	22
5021	9
5022	17
5023	13
5024	16
5025	15
5026	14
5027	22
5028	26
5029	34
5030	12
5031	7
5032	10
5033	16
5034	19
5035	13
5036	7
5037	9
5038	8
5039	4
5040	5
5041	4
5042	8
5043	10
5044	6
5045	7
5046	5
5047	11
5048	3
5049	13
5050	4
5051	29
5052	35
5053	4
5054	1
5055	4
5056	2
5057	3
5058	1
5059	20
5060	27
5061	12
5062	6
5063	3
5064	4
5065	3
5066	6
5067	8
5068	6
5069	10
5070	7
5071	7
5072	83
5073	10
5074	9
5075	13
5076	3
5077	8
5078	5
5079	8
5080	19
5081	17
5082	13
5083	1
5084	7
5085	11
5086	1
5087	10
5088	8
5089	22
5090	7
5091	8
5092	16
5093	28
5094	5
5095	13
5096	10
5097	4
5098	4
5099	11
5100	12
5101	5
5102	6
5103	6
5104	5
5105	9
5106	3
5107	5
5108	10
5109	14
5110	16
5111	11
5112	4
5113	11
5114	11
5115	13
5116	11
5117	12
5118	4
5119	6
5120	3
5121	4
5122	7
5123	11
5124	8
5125	15
5126	19
5127	26
5128	11
5129	34
5130	6
5131	9
5132	18
5133	7
5134	6
5135	2
5136	1
5137	7
5138	4
5139	2
5140	3
5141	11
5142	10
5143	16
5144	7
5145	5
5146	3
5147	3
5148	4
5149	7
5150	5
5151	1
5152	2
5153	28
5154	25
5155	6
5156	5
5157	3
5158	7
5159	9
5160	8
5161	4
5162	5
5163	5
5164	8
5165	17
5166	4
5167	24
5168	9
5169	17
5170	70
5171	14
5172	12
5173	8
5174	6
5175	6
5176	16
5177	13
5178	6
5179	8
5180	6
5181	7
5182	1
5183	5
5184	4
5185	6
5186	4
5187	20
5188	24
5189	5
5190	1
5191	7
5192	5
5193	2
5194	15
5195	7
5196	6
5197	5
5198	8
5199	11
5200	5
5201	4
5202	10
5203	10
5204	7
5205	12
5206	21
5207	6
5208	13
5209	5
5210	6
5211	43
5212	5
5213	9
5214	10
5215	12
5216	8
5217	21
5218	8
5219	5
5220	26
5221	14
5222	37
5223	6
5224	12
5225	13
5226	17
5227	3
5228	38
5229	13
5230	4
5231	3
5232	2
5233	2
5234	3
5235	4
5236	5
5237	5
5238	4
5239	2
5240	4
5241	3
5242	1
5243	2
5244	2
5245	5
5246	4
5247	3
5248	4
5249	4
5250	12
5251	11
5252	10
5253	11
5254	10
5255	30
5256	39
5257	24
5258	11
5259	19
5260	22
5261	4
5262	6
5263	3
5264	9
5265	9
5266	46
5267	51
5268	15
5269	14
5270	9
5271	4
5272	9
5273	5
5274	5
5275	4
5276	4
5277	8
5278	6
5279	16
5280	1
5281	5
5282	4
5283	6
5284	5
5285	4
5286	8
5287	6
5288	6
5289	3
5290	5
5291	9
5292	6
5293	6
5294	6
5295	6
5296	9
5297	2
5298	3
5299	4
5300	3
5301	5
5302	4
5303	2
5304	4
5305	24
5306	5
5307	1
5308	6
5309	5
5310	1
5311	2
5312	6
5313	6
5314	3
5315	2
5316	2
5317	5
5318	3
5319	2
5320	4
5321	2
5322	17
5323	4
5324	22
5325	2
5326	6
5327	4
5328	11
5329	22
5330	1
5331	5
5332	8
5333	12
5334	2
5335	3
5336	2
5337	2
5338	6
5339	8
5340	10
5341	9
5342	26
5343	10
5344	5
5345	7
5346	7
5347	10
5348	10
5349	7
5350	7
5351	6
5352	36
5353	4
5354	10
5355	15
5356	15
5357	14
5358	8
5359	14
5360	25
5361	18
5362	10
5363	6
5364	4
5365	3
5366	4
5367	6
5368	7
5369	11
5371	4
5372	2
5373	3
5374	1
5375	4
5376	5
5377	2
5378	8
5379	12
5380	13
5381	17
5382	12
5383	20
5384	26
5385	35
5386	48
5387	9
5388	12
5389	5
5390	4
5391	3
5392	4
5393	5
5394	6
5395	3
5396	1
5397	2
5398	1
5399	2
5400	6
5401	3
5402	6
5403	4
5404	7
5405	10
5406	12
5407	18
5408	38
5409	19
5410	16
5411	11
5412	12
5413	14
5414	23
5415	20
5416	7
5417	10
5418	50
5419	14
5420	5
5421	24
5422	6
5423	9
5424	4
5425	5
5426	5
5427	5
5428	21
5429	10
5430	13
5431	11
5432	6
5433	8
5434	5
5435	4
5436	4
5437	4
5438	5
5439	18
5440	18
5441	9
5442	7
5443	3
5444	9
5445	5
5446	9
5447	8
5448	2
5449	13
5450	2
5451	4
5452	4
5453	8
5454	5
5455	9
5456	6
5457	16
5458	14
5459	6
5460	7
5461	12
5462	6
5463	6
5464	6
5465	9
5466	4
5467	4
5468	15
5469	6
5470	4
5471	8
5472	12
5473	12
5474	17
5475	5
5476	8
5477	11
5478	9
5479	7
5480	7
5481	10
5482	17
5483	6
5484	11
5485	7
5486	3
5487	5
5488	8
5489	10
5490	11
5491	15
5492	10
5493	15
5494	29
5495	17
5496	18
5497	23
5498	12
5499	4
5500	10
5501	27
5502	17
5503	8
5504	14
5505	25
5506	7
5507	2
5508	5
5509	4
5510	4
5511	1
5512	1
5513	4
5514	3
5515	2
5516	5
5517	13
5518	29
5519	36
5520	4
5521	1
5522	1
5523	4
5524	2
5525	7
5526	8
5527	12
5528	11
5529	1
5530	3
5531	3
5532	3
5533	3
5534	2
5535	4
5536	5
5537	1
5538	1
5539	7
5540	3
5541	6
5542	5
5543	3
5544	2
5545	4
5546	5
5547	1
5548	5
5549	7
5550	15
5551	10
5552	31
5553	40
5554	14
5555	13
5556	10
5557	4
5558	19
5559	9
5560	5
5561	7
5562	11
5563	7
5564	8
5565	12
5566	12
5567	6
5568	19
5569	10
5570	10
5571	4
5572	23
5573	24
5574	12
5575	24
5576	18
5577	19
5578	12
5579	9
5580	13
5581	16
5582	7
5583	4
5584	10
5585	2
5586	6
5587	7
5588	5
5589	3
5590	3
5591	1
5592	12
5593	3
5594	3
5595	4
5596	9
5597	2
5598	16
5599	1
5600	6
5601	7
5602	4
5603	15
5604	4
5605	5
5606	3
5607	5
5608	3
5609	3
5610	5
5611	3
5612	5
5613	4
5614	7
5615	2
5616	5
5617	6
5618	5
5619	10
5620	9
5621	3
5622	9
5623	3
5624	4
5625	8
5626	5
5627	3
5628	2
5629	9
5630	8
5631	20
5632	21
5633	21
5634	5
5635	3
5636	4
5637	1
5639	2
5640	5
5641	5
5642	3
5643	5
5644	2
5645	10
5646	4
5647	3
5648	10
5649	16
5650	8
5651	9
5652	5
5653	8
5654	5
5655	5
5656	14
5657	6
5658	3
5659	13
5660	18
5661	25
5662	32
5663	25
5664	10
5665	22
5666	5
5667	4
5668	8
5669	31
5670	11
5671	11
5672	5
5673	2
5674	5
5675	7
5676	4
5677	1
5678	2
5679	2
5680	5
5681	4
5682	3
5684	3
5685	5
5686	3
5687	3
5688	4
5689	4
5690	8
5691	4
5692	6
5693	3
5694	9
5695	20
5696	10
5697	18
5698	16
5699	25
5700	45
5701	3
5702	6
5703	4
5704	1
5705	4
5707	4
5708	35
5709	4
5710	6
5711	9
5712	5
5713	5
5714	14
5715	21
5716	26
5717	12
5718	3
5719	2
5720	3
5721	4
5722	4
5723	6
5724	10
5725	13
5726	4
5727	6
5728	7
5729	4
5730	5
5731	1
5732	2
5733	9
5734	22
5735	5
5736	11
5737	2
5738	2
5739	2
5740	5
5741	4
5742	5
5743	3
5744	6
5746	5
5747	3
5750	2
5751	2
5753	1
5755	3
5756	1
5757	1
5758	2
5759	2
5760	2
5761	1
5762	2
5763	1
5765	1
5766	3
5767	1
5768	1
5769	1
5770	1
5772	1
5773	4
5774	3
5776	2
5777	2
5778	1
5779	4
5780	4
5781	5
5782	3
5783	2
5784	4
5785	2
5786	1
5787	4
5788	1
5789	6
5790	13
5791	27
5792	13
5793	36
5794	28
5795	22
5796	15
5797	3
5798	1
5799	9
5800	12
5801	34
5802	29
5803	3
5804	3
5805	2
5806	1
5807	3
5808	3
5809	2
5810	1
5811	4
5812	4
5813	2
5814	4
5816	2
5817	1
5818	2
5819	1
5820	2
5821	1
5822	2
5823	6
5824	7
5825	13
5826	11
5827	6
5830	1
5831	1
5833	1
5834	2
5835	1
5838	1
5839	1
5842	2
5846	2
5848	3
5849	2
5851	3
5852	2
5853	4
5854	1
5855	2
5856	5
5857	3
5860	1
5861	2
5862	1
5863	1
5865	2
5867	1
5870	1
5872	1
5873	1
5875	2
5876	1
5877	2
5878	4
5879	2
5880	2
5881	1
5882	3
5883	3
5884	5
5885	5
5886	4
5887	6
5888	7
5889	3
5890	4
5891	4
5892	6
5893	10
5894	27
5895	5
5896	26
5897	5
5898	10
5899	13
5900	16
5901	13
5902	11
5903	3
5904	5
5905	6
5906	6
5907	9
5908	4
5909	6
5910	8
5911	11
5912	23
5913	8
5914	2
5915	9
5916	15
5917	10
5918	13
5919	33
5920	18
5921	11
5922	8
5923	4
5924	5
5925	6
5926	20
5927	1
5928	15
5929	3
5931	1
5932	1
5933	6
5934	10
5935	1
5936	4
5938	4
5939	3
5940	4
5942	1
5943	1
5944	2
5948	2
5949	2
5950	3
5951	1
5952	5
5953	101
5954	6
5955	5
5956	2
5958	2
5959	1
5960	4
5961	3
5962	2
5963	3
5964	3
5965	5
5966	3
5967	2
5968	2
5969	2
5970	2
5971	2
5972	1
5973	8
5974	4
5976	5
5977	5
5978	3
5979	1
5981	8
5982	7
5983	5
5984	20
5985	4
5986	3
5987	5
5988	5
5989	5
5990	4
5991	12
5992	20
5993	6
5994	2
5995	29
5996	19
5997	12
5998	3
5999	2
6000	1
6001	3
6003	3
6004	5
6005	2
6006	1
6007	3
6008	3
6009	1
6010	3
6011	5
6013	3
6014	4
6016	2
6017	4
6018	6
6019	4
6020	4
6021	8
6022	4
6023	2
6024	1
6025	1
6028	1
6029	1
6030	2
6031	1
6032	2
6033	2
6034	2
6035	3
6036	5
6037	2
6038	2
6039	13
6040	2
6041	6
6042	2
6043	2
6044	6
6045	2
6046	3
6047	3
6048	2
6049	4
6050	4
6051	9
6052	6
6053	4
6054	2
6055	1
6056	4
6057	4
6058	2
6059	4
6061	3
6062	1
6063	1
6064	1
6065	3
6066	3
6067	3
6068	3
6069	3
6070	3
6071	2
6072	3
6073	5
6074	4
6075	5
6076	2
6077	19
6078	14
6079	10
6080	5
6081	9
6082	3
6083	4
6084	8
6085	5
6086	2
6087	5
6088	8
6089	6
6090	6
6091	8
6092	4
6093	10
6094	12
6095	58
6096	15
6097	8
6098	1
6099	4
6100	1
6101	2
6102	4
6103	2
6104	2
6105	6
6106	1
6107	2
6108	6
6109	10
6110	16
6111	2
6112	6
6113	1
6114	1
6116	4
6117	7
6118	1
6119	6
6120	9
6121	14
6122	5
6123	2
6124	4
6125	2
6126	3
6127	1
6128	2
6130	1
6135	2
6136	1
6137	3
6138	3
6139	9
6140	8
6141	1
6142	13
6143	2
6144	1
6145	3
6146	3
6147	7
6148	2
6149	8
6150	2
6151	2
6152	4
6153	7
6154	4
6155	6
6156	5
6157	3
6159	5
6160	4
6161	4
6162	5
6163	11
6164	2
6165	6
6166	6
6167	12
6168	6
6169	8
6170	7
6171	1
6172	4
6173	8
6174	6
6175	3
6176	9
6177	4
6178	1
6179	4
6180	5
6181	3
6182	88
6183	1
6184	3
6185	1
6186	5
6187	2
6188	2
6189	4
6190	4
6191	3
6192	4
6193	1
6194	1
6195	2
6196	4
6197	4
6198	2
6199	1
6200	3
6201	2
6202	1
6203	2
6204	3
6205	3
6206	8
6207	10
6208	6
6209	3
6210	3
6211	8
6212	3
6213	7
6214	4
6215	2
6216	3
6217	3
6218	4
6220	9
6221	3
6222	3
6223	1
6224	4
6225	7
6226	6
6227	11
6228	6
6229	10
6230	6
6231	11
6232	1
6233	2
6234	5
6235	4
6236	3
6237	1
6238	4
6239	9
6240	3
6241	8
6242	4
6243	4
6245	4
6246	2
6247	11
6248	19
6249	9
6250	6
6251	12
6252	22
6253	11
6254	9
6255	12
6256	7
6257	4
6258	3
6259	7
6260	5
6261	7
6262	5
6263	6
6264	7
6265	6
6266	3
6267	2
6268	7
6269	6
6270	15
6271	10
6272	3
6273	7
6274	1
6275	2
6276	3
6277	2
6278	2
6279	2
6280	6
6281	2
6282	12
6283	3
6284	5
6285	3
6286	10
6287	13
6288	3
6289	7
6290	4
6291	13
6292	14
6293	16
6294	12
6295	7
6296	9
6297	3
6298	6
6299	5
6300	8
6301	4
6302	19
6303	21
6304	8
6305	7
6306	15
6307	8
6308	4
6309	5
6310	4
6311	3
6312	8
6313	8
6314	15
6315	9
6316	6
6317	8
6318	5
6319	3
6320	5
6321	2
6322	10
6323	8
6324	9
6325	3
6326	8
6327	7
6328	10
6329	10
6330	6
6331	3
6333	5
6334	5
6335	4
6337	2
6338	1
6339	3
6340	2
6341	5
6342	12
6343	5
6344	4
6345	12
6346	5
6347	7
6348	9
6349	3
6350	16
6351	7
6352	3
6353	6
6354	3
6355	3
6356	10
6357	3
6358	7
6359	1
6360	3
6361	30
6362	23
6363	24
6364	24
6365	4
6366	3
6367	3
6368	1
6369	7
6370	2
6371	3
6372	3
6373	4
6374	5
6375	6
6376	7
6377	12
6378	8
6379	6
6380	7
6381	1
6382	3
6383	4
6384	3
6385	4
6386	4
6387	13
6388	5
6389	10
6390	4
6391	3
6393	2
6395	2
6397	1
6398	3
6399	1
6400	2
6401	2
6403	3
6404	3
6405	2
6407	1
6408	1
6409	2
6411	2
6412	3
6413	1
6414	2
6415	4
6416	2
6417	5
6418	2
6419	2
6420	4
6421	4
6422	3
6424	1
6425	2
6427	4
6428	5
6429	6
6430	4
6431	4
6432	4
6433	8
6434	9
6436	5
6437	3
6438	7
6439	12
6440	1
6441	2
6442	1
6443	4
6444	1
6445	3
6446	2
6448	1
6449	5
6452	3
6453	4
6455	2
6456	4
6457	1
6458	4
6459	2
6460	1
6461	1
6462	4
6463	45
6464	3
6465	1
6467	1
6468	2
6469	2
6470	1
6471	5
6472	6
6473	3
6474	7
6476	3
6477	7
6478	11
6479	7
6480	18
6481	24
6482	15
6484	2
6485	2
6486	3
6487	3
6488	3
6489	21
6490	4
6491	4
6492	2
6493	4
6494	2
6495	2
6496	2
6497	1
6498	3
6499	6
6500	5
6501	4
6502	9
6503	6
6504	18
6505	20
6506	19
6507	14
6508	8
6509	13
6510	12
6511	6
6512	5
6513	5
6514	10
6515	9
6516	18
6517	8
6518	9
6519	16
6520	6
6521	5
6522	7
6523	6
6524	4
6525	6
6526	1
6527	2
6528	3
6529	4
6530	4
6531	4
6532	6
6533	4
6534	4
6535	8
6536	6
6537	12
6538	12
6539	7
6540	26
6541	4
6542	6
6543	2
6544	4
6545	6
6546	3
6547	3
6548	4
6549	2
6550	20
6551	10
6552	16
6553	2
6554	2
6555	2
6556	2
6557	2
6558	1
6559	3
6560	1
6562	1
6563	2
6564	2
6565	1
6566	1
6568	3
6569	2
6571	1
6572	2
6573	4
6575	5
6576	2
6577	3
6578	5
6579	2
6580	3
6581	1
6582	2
6583	2
6584	16
6585	24
6586	3
6587	2
6588	5
6589	3
6590	4
6591	2
6592	3
6593	3
6594	1
6595	3
6596	4
6598	3
6599	6
6600	3
6601	5
6602	3
6603	5
6604	4
6605	5
6606	3
6607	4
6608	1
6609	2
6610	2
6611	2
6612	1
6613	3
6614	2
6615	4
6616	2
6618	7
6619	3
6620	2
6621	5
6622	3
6623	5
6624	2
6625	7
6627	3
6628	2
6629	3
6630	5
6631	8
6632	10
6633	9
6634	6
6635	4
6636	3
6637	4
6638	4
6639	29
6640	19
6641	3
6642	1
6643	3
6644	2
6645	2
6646	6
6647	1
6648	5
6650	3
6651	2
6654	1
6655	5
6656	2
6657	6
6658	3
6659	11
6660	2
6661	1
6662	2
6664	3
6665	5
6666	9
6667	4
6668	15
6669	7
6670	6
6671	2
6672	4
6673	5
6674	4
6675	4
6676	4
6677	6
6678	10
6679	7
6680	8
6681	5
6682	14
6683	8
6684	6
6685	3
6686	10
6687	8
6688	11
6689	11
6690	2
6692	6
6693	6
6694	2
6695	1
6696	1
6697	5
6698	12
6699	2
6700	8
6701	4
6702	3
6703	6
6704	2
6705	9
6706	12
6707	10
6708	7
6709	5
6710	6
6711	4
6714	1
6716	2
6717	4
6718	9
6719	2
6720	3
6721	5
6722	7
6725	1
6726	1
6727	2
6728	1
6729	2
6730	1
6731	5
6732	1
6733	3
6734	2
6735	6
6736	1
6737	2
6738	2
6739	2
6740	2
6742	3
6743	2
6744	3
6745	1
6746	5
6747	1
6748	3
6749	4
6750	1
6752	2
6753	3
6754	2
6755	5
6756	2
6757	8
6758	1
6759	4
6760	3
6761	2
6762	5
6763	7
6764	14
6765	14
6766	7
6767	11
6768	10
6769	7
6770	2
6771	1
6772	2
6773	2
6774	2
6775	3
6776	3
6777	2
6778	2
6779	6
6780	20
6781	6
6782	2
6783	2
6784	4
6785	3
6787	2
6788	1
6789	3
6790	4
6791	19
6792	4
6793	30
6794	6
6795	35
6796	20
6797	4
6798	7
6799	6
6800	6
6801	4
6802	4
6803	3
6804	3
6806	4
6807	2
6809	3
6810	1
6811	2
6812	6
6813	2
6815	2
6816	2
6817	2
6818	7
6819	6
6820	1
6821	5
6822	6
6823	6
6824	6
6825	2
6826	10
6827	5
6828	37
6829	3
6830	7
6831	3
6832	3
6833	4
6834	6
6835	4
6836	8
6837	10
6838	7
6839	7
6840	12
6841	7
6842	4
6843	7
6844	9
6845	6
6846	1
6847	4
6848	3
6849	15
6850	8
6851	2
6852	3
6853	2
6854	5
6855	6
6856	6
6857	2
6858	6
6859	5
6860	8
6861	4
6862	5
6863	7
6864	11
6865	7
6866	6
6867	5
6868	2
6869	9
6870	11
6871	5
6872	9
6873	10
6874	10
6875	5
6876	17
6877	3
6878	3
6879	5
6880	5
6881	9
6882	7
6883	3
6884	6
6885	5
6886	12
6887	12
6888	8
6889	18
6890	4
6891	8
6892	8
6893	17
6894	8
6895	4
6896	11
6897	4
6898	3
6899	5
6900	14
6901	10
6902	6
6903	5
6904	2
6905	4
6906	3
6907	4
6908	3
6909	2
6910	7
6911	5
6912	3
6913	20
6914	1
6915	6
6916	5
6918	2
6919	3
6920	1
6921	1
6922	4
6923	8
6924	69
6925	15
6926	1
6927	1
6928	2
6931	3
6933	2
6934	1
6936	1
6938	4
6939	21
6940	9
6941	2
6942	5
6943	2
6944	4
6945	2
6946	3
6947	3
6948	6
6949	1
6950	4
6951	4
6952	3
6953	4
6955	7
6956	2
6957	8
6958	3
6959	4
6960	3
6961	4
6962	5
6963	5
6964	6
6965	5
6966	3
6968	7
6969	12
6970	6
6971	3
6972	2
6973	6
6976	2
6979	2
6981	2
6983	1
6984	2
6985	1
6986	1
6987	2
6988	11
6989	1
6992	1
6993	2
6994	2
6995	1
6996	1
6997	1
6998	2
6999	1
7000	2
7001	2
7003	4
7004	4
7005	2
7006	4
7007	1
7008	1
7009	2
7010	5
7011	7
7012	3
7013	2
7014	7
7015	14
7016	23
7017	11
7018	7
7019	1
7020	2
7021	4
7022	3
7025	2
7026	3
7027	2
7028	2
7029	1
7030	2
7031	2
7032	2
7033	2
7034	3
7035	1
7036	1
7037	1
7038	2
7039	3
7040	1
7041	3
7042	1
7043	1
7044	1
7046	1
7047	4
7048	5
7049	5
7050	2
7051	2
7052	3
7053	5
7054	5
7055	1
7056	2
7057	7
7058	1
7059	3
7060	7
7061	7
7062	4
7063	7
7064	11
7065	5
7066	5
7067	13
7068	10
7069	2
7070	5
7071	2
7072	4
7073	7
7074	3
7075	9
7076	13
7077	9
7078	7
7079	1
7080	1
7081	1
7084	1
7085	1
7087	3
7088	1
7089	3
7090	3
7091	2
7093	1
7094	2
7095	2
7096	2
7098	5
7099	4
7100	1
7101	1
7102	2
7103	3
7104	5
7105	6
7106	4
7107	5
7108	3
7109	5
7110	17
7111	13
7112	12
7113	5
7114	2
7115	2
7116	1
7117	3
7118	3
7119	2
7120	1
7121	1
7122	2
7123	2
7124	1
7125	2
7126	1
7127	2
7128	6
7129	7
7130	3
7131	3
7132	2
7133	5
7134	6
7135	1
7136	1
7137	4
7138	2
7140	2
7141	5
7142	1
7143	1
7144	2
7145	1
7146	1
7147	5
7148	10
7149	7
7150	5
7151	2
7153	5
7154	2
7155	2
7156	4
7157	3
7158	7
7159	12
7160	11
7161	8
7162	9
7163	1
7164	2
7165	1
7166	1
7167	4
7168	2
7169	8
7170	4
7171	11
7172	11
7173	7
7174	8
7175	14
7176	5
7177	21
7178	5
7179	3
7180	5
7181	15
7182	15
7183	16
7184	19
7185	17
7186	12
7187	8
7188	1
7190	4
7192	3
7193	3
7194	2
7195	3
7196	3
7197	5
7198	2
7200	17
7201	6
7202	2
7203	8
7204	5
7205	14
7207	1
7209	2
7210	1
7212	1
7214	3
7217	2
7218	1
7219	1
7220	2
7221	4
7222	1
7223	2
7224	2
7225	2
7226	2
7227	2
7228	1
7229	4
7230	2
7231	1
7232	6
7233	2
7234	10
7235	1
7236	1
7237	3
7238	3
7239	1
7242	1
7246	1
7251	1
7255	2
7257	1
7260	1
7263	1
7265	1
7266	1
7270	1
7275	1
7278	1
7281	1
7283	1
7284	1
7286	1
7288	1
7290	1
7295	9
7297	1
7298	3
7299	1
7300	2
7302	1
7303	2
7304	2
7305	4
7307	3
7309	1
7310	1
7311	1
7312	1
7313	1
7314	4
7315	2
7316	1
7317	6
7318	1
7319	4
7320	1
7321	1
7322	3
7323	3
7324	2
7325	13
7326	4
7327	3
7328	3
7329	4
7330	3
7331	3
7332	6
7333	6
7334	9
7335	20
7336	5
7337	30
7338	10
7339	6
7340	5
7341	16
7342	8
7343	15
7344	2
7345	2
7346	2
7347	1
7348	1
7349	2
7350	1
7351	1
7352	2
7354	3
7355	2
7357	1
7359	1
7360	3
7361	4
7363	1
7364	2
7365	1
7366	2
7367	2
7369	2
7370	4
7371	3
7372	4
7373	1
7374	2
7375	3
7376	3
7377	3
7378	1
7379	3
7380	4
7382	2
7383	1
7384	1
7385	6
7386	7
7387	20
7388	2
7389	5
7390	1
7392	6
7396	1
7397	2
7398	3
7399	1
7400	3
7401	1
7402	2
7404	2
7406	1
7407	3
7409	1
7410	1
7411	7
7412	8
7413	1
7415	2
7417	2
7418	1
7419	1
7420	2
7422	4
7423	2
7424	2
7426	1
7427	1
7428	2
7429	1
7430	2
7433	3
7436	2
7437	3
7441	1
7443	2
7444	2
7445	5
7446	1
7447	5
7448	3
7449	4
7450	2
7451	4
7452	6
7453	3
7454	2
7455	3
7456	1
7459	1
7460	1
7462	2
7466	1
7468	1
7472	1
7475	1
7476	1
7478	1
7479	1
7481	2
7482	1
7483	3
7484	1
7485	7
7486	4
7488	2
7492	1
7493	1
7496	3
7499	1
7501	1
7502	2
7505	1
7509	1
7510	1
7511	1
7512	1
7514	1
7515	2
7517	1
7518	2
7522	1
7523	1
7524	1
7525	1
7528	2
7529	1
7530	1
7531	1
7532	2
7534	1
7535	3
7536	1
7537	2
7538	1
7539	1
7540	2
7542	1
7543	1
7544	1
7546	1
7548	2
7550	2
7553	2
7555	1
7556	3
7557	3
7558	2
7559	2
7560	40
7561	39
7562	5
7565	2
7566	2
7568	1
7569	1
7571	1
7573	1
7578	4
7579	17
7580	27
7581	9
7582	1
7584	2
7586	1
7587	1
7589	1
7590	10
7592	8
7594	1
7595	1
7596	2
7597	3
7599	7
7600	1
7601	4
7602	3
7603	9
7604	1
7605	22
7606	2
7607	6
7608	12
7609	4
7610	2
7611	9
7612	8
7613	10
7614	28
7615	2
7616	4
7617	2
7618	1
7619	2
7620	2
7621	4
7623	1
7624	2
7625	1
7626	2
7627	2
7628	4
7629	2
7630	2
7632	1
7635	2
7636	1
7638	1
7641	2
7644	2
7645	1
7646	2
7648	1
7649	1
7650	3
7653	1
7657	1
7659	2
7661	1
7662	2
7665	1
7667	3
7668	1
7669	4
7670	2
7671	1
7672	1
7673	1
7674	2
7675	4
7676	2
7677	8
7678	1
7679	1
7680	1
7681	7
7682	4
7683	14
7684	1
7685	14
7686	10
7688	1
7690	1
7691	1
7692	1
7693	2
7694	1
7695	2
7697	2
7698	1
7699	1
7700	1
7701	2
7702	1
7703	1
7704	2
7706	2
7707	1
7708	4
7709	1
7710	3
7711	1
7713	2
7714	1
7715	5
7716	4
7717	1
7718	1
7719	1
7720	2
7721	3
7722	3
7723	9
7724	3
7725	10
7726	22
7727	34
7728	2
7729	1
7730	1
7731	1
7732	1
7733	2
7734	4
7735	2
7736	4
7737	6
7738	6
7739	3
7740	2
7741	4
7742	2
7744	1
7745	2
7746	1
7747	5
7748	6
7749	4
7750	2
7751	1
7752	1
7754	2
7755	1
7757	1
7758	1
7759	2
7760	13
7761	1
7762	3
7763	1
7767	1
7774	1
7777	2
7778	1
7779	1
7780	3
7781	1
7782	1
7784	2
7788	1
7790	3
7791	1
7793	1
7794	3
7795	1
7796	2
7797	2
7798	2
7799	2
7800	1
7801	2
7802	1
7803	1
7804	3
7805	3
7806	1
7809	1
7810	1
7811	1
7815	2
7816	1
7817	2
7818	10
7819	1
7820	1
7821	2
7822	1
7823	4
7824	2
7826	2
7827	1
7828	3
7829	4
7830	3
7831	10
7832	6
7833	2
7834	2
7837	2
7839	1
7840	1
7841	1
7843	1
7844	2
7846	2
7848	1
7849	1
7851	2
7852	2
7853	2
7854	1
7855	2
7856	3
7860	1
7862	1
7863	1
7864	3
7865	2
7866	3
7867	1
7868	1
7870	4
7871	1
7872	2
7873	2
7876	2
7877	2
7878	1
7879	1
7881	1
7882	2
7883	2
7884	1
7886	1
7887	1
7889	2
7892	1
7896	2
7897	1
7898	3
7899	1
7900	1
7902	1
7903	1
7907	1
7908	3
7909	1
7912	1
7913	2
7914	1
7916	1
7919	2
7921	1
7922	1
7925	3
7926	1
7927	1
7928	1
7929	2
7931	1
7932	1
7933	1
7934	1
7936	2
7939	1
7940	2
7943	1
7948	2
7951	2
7952	1
7953	1
7956	1
7957	1
7958	2
7960	1
7961	1
7962	1
7966	2
7967	1
7968	1
7972	1
7974	1
7975	3
7977	1
7979	1
7981	1
7982	1
7984	1
7987	1
7989	1
7990	2
7992	1
7993	2
7996	3
7998	1
8001	1
8003	1
8004	3
8005	2
8006	2
8007	5
8008	1
8009	6
8010	1
8011	1
8012	1
8013	2
8015	1
8016	1
8019	2
8021	1
8022	1
8023	1
8024	1
8025	19
8028	3
8030	1
8031	1
8032	2
8033	2
8034	1
8036	3
8037	2
8038	2
8039	1
8040	2
8041	1
8042	1
8043	1
8046	4
8048	4
8049	1
8050	3
8051	3
8052	1
8053	3
8054	3
8055	2
8056	6
8057	3
8058	1
8059	4
8060	2
8061	5
8062	2
8063	1
8064	4
8065	3
8066	1
8068	5
8069	1
8070	3
8071	9
8072	9
8073	4
8075	2
8076	5
8077	6
8078	9
8079	1
8081	1
8082	1
8083	1
8084	1
8085	2
8086	1
8087	1
8088	1
8089	1
8090	3
8091	3
8096	4
8097	1
8098	1
8100	1
8101	2
8102	1
8103	1
8105	2
8107	2
8108	3
8109	5
8110	4
8111	5
8112	6
8113	5
8114	5
8115	5
8116	4
8117	4
8119	2
8120	3
8121	7
8122	3
8123	4
8124	9
8125	4
8126	4
8127	3
8128	5
8129	12
8130	12
8131	8
8132	3
8133	1
8134	4
8135	3
8137	3
8139	2
8140	2
8141	1
8142	3
8144	3
8145	4
8146	3
8147	2
8148	5
8151	8
8152	2
8153	17
8154	6
8155	2
8156	3
8158	1
8159	2
8160	1
8161	2
8162	1
8164	3
8165	1
8166	1
8167	1
8169	2
8170	1
8171	1
8172	1
8176	1
8177	1
8178	1
8179	1
8183	1
8184	1
8185	4
8187	1
8188	1
8189	1
8190	1
8191	1
8192	2
8195	1
8197	2
8198	2
8199	1
8202	1
8205	2
8206	2
8207	1
8208	2
8209	1
8210	1
8211	1
8212	1
8214	3
8215	5
8216	1
8217	1
8219	2
8220	1
8221	6
8222	3
8223	2
8224	2
8226	1
8227	6
8229	3
8230	2
8231	3
8232	2
8233	4
8234	2
8235	2
8236	3
8237	1
8238	5
8239	3
8240	9
8241	21
8242	7
8243	4
8244	6
8245	5
8246	7
8247	3
8248	2
8249	2
8250	4
8251	4
8253	2
8255	2
8257	1
8259	1
8260	1
8261	2
8262	1
8264	1
8265	2
8266	3
8267	3
8268	1
8270	1
8271	1
8274	3
8275	1
8276	1
8277	2
8278	16
8279	7
8280	18
8281	7
8282	7
8283	3
8284	11
8285	12
8286	7
8287	3
8288	3
8289	6
8290	3
8292	1
8293	5
8294	1
8295	3
8297	1
8301	2
8302	4
8303	2
8304	4
8305	2
8306	3
8307	3
8309	6
8310	5
8311	2
8313	1
8314	12
8315	2
8316	6
8317	18
8318	4
8319	15
8320	3
8322	2
8323	3
8324	2
8325	1
8326	1
8328	2
8329	1
8330	1
8331	1
8332	2
8335	1
8338	1
8340	2
8341	1
8342	2
8343	1
8345	2
8346	3
8348	1
8349	2
8350	1
8351	2
8352	1
8353	2
8354	1
8355	1
8356	1
8357	3
8358	3
8360	2
8361	1
8362	1
8365	2
8366	1
8367	1
8368	7
8369	1
8371	2
8372	2
8373	5
8374	1
8379	1
8388	1
8391	1
8392	67
8393	1
8394	1
8396	2
8399	1
8407	1
8408	1
8409	1
8411	1
8416	3
8418	1
8420	1
8422	2
8423	1
8424	1
8425	2
8426	3
8427	4
8428	2
8429	5
8430	5
8431	3
8432	6
8433	6
8434	8
8435	7
8436	14
8437	7
8438	1
8440	1
8441	1
8448	1
8451	1
8454	1
8458	1
8461	1
8462	4
8463	2
8464	7
8465	8
8466	9
8467	17
8468	40
8469	1
8470	1
8473	2
8483	1
8489	3
8490	3
8491	10
8492	1
8494	2
8495	6
8496	7
8497	8
8499	6
8500	9
8501	2
8502	3
8503	2
8504	6
8505	2
8506	4
8507	2
8508	8
8509	6
8510	2
8511	3
8513	1
8515	1
8516	1
8517	2
8518	3
8519	2
8520	6
8521	1
8522	1
8523	2
8524	5
8525	1
8526	1
8527	1
8528	1
8529	1
8532	1
8534	2
8535	1
8537	3
8538	4
8539	4
8540	1
8541	4
8542	1
8543	1
8544	4
8545	1
8546	2
8547	3
8548	3
8549	5
8550	3
8551	1
8552	1
8553	2
8554	2
8555	4
8556	4
8557	1
8558	2
8559	3
8563	2
8564	1
8565	3
8566	1
8567	1
8568	9
8569	3
8570	1
8571	2
8572	1
8573	4
8574	6
8575	1
8576	1
8577	1
8578	2
8579	4
8580	1
8581	1
8582	1
8584	2
8585	1
8586	1
8587	4
8588	1
8589	3
8590	5
8591	4
8592	7
8593	2
8594	5
8595	1
8596	3
8597	5
8598	4
8599	6
8600	8
8601	3
8602	2
8603	3
8604	2
8605	1
8606	1
8607	1
8608	2
8612	2
8617	1
8619	1
8620	2
8621	2
8622	3
8623	4
8624	1
8625	3
8626	3
8627	6
8628	2
8629	1
8630	3
8631	6
8632	6
8633	4
8634	5
8635	9
8636	1
8637	1
8639	1
8640	1
8643	1
8644	5
8645	8
8646	7
8649	1
8656	2
8658	1
8660	1
8661	1
8662	1
8665	1
8666	1
8667	1
8669	3
8670	1
8671	2
8672	1
8673	2
8674	3
8675	1
8676	2
8677	2
8678	3
8679	4
8681	1
8682	2
8683	1
8685	2
8686	1
8687	3
8688	1
8689	7
8690	1
8691	2
8692	2
8693	1
8695	3
8696	1
8698	1
8700	1
8701	2
8702	4
8703	1
8704	4
8705	3
8706	2
8707	2
8708	6
8709	5
8710	1
8711	1
8712	1
8713	1
8714	1
8715	2
8716	2
8717	1
8718	2
8719	1
8720	2
8721	1
8722	2
8723	2
8726	3
8727	2
8728	1
8729	1
8730	1
8731	2
8732	1
8733	3
8734	7
8735	2
8736	2
8737	7
8738	2
8739	4
8740	3
8741	1
8742	3
8743	1
8744	3
8745	3
8746	2
8747	3
8748	3
8749	3
8750	3
8751	2
8752	2
8753	2
8754	8
8756	7
8758	5
8760	2
8761	3
8763	1
8764	3
8765	2
8766	1
8767	2
8768	4
8770	4
8771	1
8772	4
8773	3
8774	5
8775	3
8776	10
8777	5
8778	10
8779	3
8780	1
8781	1
8782	1
8783	2
8784	1
8785	1
8786	1
8787	2
8788	2
8789	1
8790	1
8791	2
8792	1
8795	2
8797	1
8798	4
8799	2
8800	3
8801	1
8802	1
8803	1
8804	4
8806	2
8807	10
8808	1
8809	7
8810	1
8811	2
8812	3
8813	1
8814	4
8815	7
8816	2
8817	1
8818	4
8819	2
8820	1
8823	1
8824	1
8825	1
8827	1
8828	3
8829	1
8830	3
8831	2
8832	9
8833	7
8834	1
8835	3
8837	1
8839	5
8840	1
8841	2
8842	4
8843	3
8844	1
8845	1
8854	1
8855	1
8856	1
8858	1
8859	1
8861	1
8862	1
8863	3
8864	2
8865	10
8866	5
8867	7
8868	4
8869	3
8870	3
8871	2
8872	3
8874	1
8875	1
8876	1
8877	1
8878	2
8879	6
8880	5
8881	1
8882	1
8883	2
8884	1
8885	2
8887	4
8888	3
8889	1
8890	3
8891	4
8893	1
8895	4
8896	1
8897	1
8898	10
8899	11
8900	3
8902	1
8903	1
8904	3
8905	2
8906	12
8907	9
8909	1
8910	2
8911	1
8912	1
8914	1
8915	1
8917	1
8918	1
8921	2
8922	2
8924	6
8925	2
8926	3
8928	2
8929	1
8930	4
8935	1
8936	1
8939	1
8943	1
8944	1
8952	1
8965	1
8967	1
8969	1
8974	1
8983	1
8984	1
8989	1
8990	1
8995	3
8996	1
8997	1
8999	1
9002	1
9003	1
9005	1
9007	1
9009	1
9011	1
9014	1
9015	2
9016	11
9018	2
9020	2
9021	3
9022	1
9023	4
9024	1
9025	2
9027	6
9028	5
9029	16
9030	1
9031	4
9032	9
9033	5
9034	3
9035	2
9036	1
9037	2
9038	1
9039	7
9041	2
9043	1
9044	1
9046	1
9047	2
9048	1
9054	1
9055	44
9058	2
9059	1
9060	1
9062	2
9063	2
9064	1
9067	9
9068	11
9070	1
9072	1
9073	1
9074	11
9075	2
9080	1
9082	2
9084	1
9085	1
9087	1
9088	1
9089	2
9091	1
9095	1
9097	1
9098	2
9101	1
9102	1
9106	1
9108	3
9109	10
9110	2
9112	1
9113	2
9114	2
9115	12
9116	1
9118	1
9119	1
9122	1
9123	1
9124	1
9125	1
9128	1
9130	1
9132	1
9133	1
9135	1
9137	1
9145	1
9147	1
9149	1
9150	2
9151	1
9154	3
9155	12
9157	1
9160	5
9161	5
9162	3
9163	1
9168	1
9171	1
9180	6
9181	7
9182	8
9183	8
9185	1
9187	1
9190	1
9192	1
9193	1
9195	8
9199	1
9200	1
9201	1
9202	1
9204	8
9205	16
9207	1
9209	3
9210	1
9213	1
9216	4
9221	1
9223	1
9224	1
9225	1
9227	1
9228	1
9230	1
9231	1
9235	1
9236	1
9239	1
9242	1
9243	6
9245	2
9248	1
9250	1
9251	2
9252	4
9253	1
9254	2
9255	2
9256	1
9257	1
9258	3
9259	12
9260	6
9261	11
9262	1
9267	1
9269	1
9272	1
9274	1
9276	1
9277	1
9279	1
9283	2
9285	2
9286	1
9287	1
9288	1
9290	2
9291	1
9292	2
9293	4
9294	4
9295	5
9296	6
9297	2
9298	1
9299	4
9300	4
9301	1
9302	1
9303	3
9304	3
9305	3
9306	2
9309	2
9310	1
9311	2
9312	2
9313	2
9314	4
9315	6
9316	2
9317	3
9318	2
9321	2
9323	1
9324	1
9325	1
9328	1
9330	3
9332	2
9335	1
9336	1
9338	2
9339	2
9340	3
9341	2
9342	5
9343	1
9344	1
9345	1
9346	2
9347	3
9348	1
9349	1
9350	2
9351	1
9352	5
9354	9
9359	2
9360	1
9361	1
9363	1
9364	2
9365	3
9366	1
9367	1
9368	2
9369	1
9370	2
9371	4
9372	7
9373	4
9374	5
9375	9
9376	29
9377	6
9378	1
9380	3
9381	1
9383	1
9384	1
9385	1
9386	3
9387	1
9388	1
9389	1
9391	3
9393	2
9394	4
9395	3
9396	1
9397	3
9398	3
9399	7
9406	1
9410	1
9411	2
9412	1
9414	1
9415	1
9416	2
9418	1
9421	1
9422	2
9423	1
9424	1
9427	1
9428	1
9429	1
9432	2
9435	1
9437	1
9438	1
9440	1
9443	1
9444	2
9445	1
9446	1
9450	1
9452	2
9453	1
9455	1
9457	1
9459	1
9465	2
9467	1
9468	1
9469	1
9471	2
9475	1
9476	1
9477	2
9478	7
9479	1
9480	3
9481	7
9483	1
9484	1
9487	1
9492	1
9495	1
9502	1
9504	1
9510	1
9514	1
9523	1
9529	1
9532	1
9538	1
9542	1
9543	1
9545	4
9546	7
9547	4
9548	2
9549	1
9550	1
9551	1
9552	2
9553	1
9554	4
9555	5
9556	1
9557	2
9559	4
9560	5
9561	1
9562	13
9563	14
9566	1
9568	1
9571	1
9578	1
9579	1
9589	1
9593	1
9594	1
9595	1
9598	1
9599	2
9600	1
9601	4
9602	9
9603	1
9604	1
9605	1
9606	2
9609	1
9612	1
9614	3
9616	2
9617	2
9618	1
9619	2
9620	4
9621	2
9622	2
9623	1
9626	1
9627	2
9629	3
9631	4
9632	8
9633	6
9638	1
9644	2
9647	1
9651	1
9652	1
9661	1
9667	1
9674	1
9675	1
9680	1
9685	1
9686	1
9690	1
9691	1
9692	2
9694	1
9698	1
9700	1
9701	1
9702	2
9703	8
9704	1
9705	4
9706	3
9707	1
9708	1
9709	4
9710	4
9711	5
9712	1
9713	4
9714	2
9715	2
9718	2
9720	2
9722	1
9723	2
9729	2
9730	1
9731	2
9735	1
9740	2
9742	1
9743	3
9744	3
9745	4
9746	2
9747	2
9752	6
9753	1
9754	1
9755	2
9760	1
9762	2
9764	1
9765	4
9766	4
9767	16
9768	12
9769	12
9770	6
9771	9
9772	18
9773	13
9774	3
9776	2
9778	1
9785	1
9786	2
9789	1
9790	2
9791	2
9793	2
9794	1
9795	1
9796	1
9797	1
9798	12
9799	8
9800	2
9801	2
9802	2
9803	6
9804	2
9805	1
9806	2
9807	2
9810	1
9811	1
9813	1
9816	1
9817	1
9820	1
9821	2
9822	1
9824	1
9826	1
9827	1
9828	1
9831	1
9834	1
9835	2
9837	1
9838	2
9840	1
9841	1
9842	1
9843	2
9846	1
9853	2
9856	2
9857	3
9859	3
9861	3
9862	3
9863	3
9864	2
9866	2
9867	1
9868	1
9869	2
9870	2
9872	1
9873	4
9874	1
9875	2
9876	2
9877	2
9878	2
9879	2
9880	2
9881	1
9882	4
9883	5
9884	5
9885	3
9886	3
9887	6
9888	6
9889	1
9890	8
9891	4
9892	2
9893	3
9894	2
9895	5
9896	7
9897	5
9898	3
9899	4
9901	1
9902	2
9903	1
9904	1
9905	1
9906	1
9907	1
9908	1
9911	3
9914	1
9915	2
9916	2
9917	1
9918	1
9919	2
9921	1
9922	1
9923	2
9926	3
9927	1
9928	1
9929	1
9930	2
9931	2
9932	1
9933	1
9934	1
9936	2
9937	1
9938	2
9940	1
9942	2
9944	1
9945	2
9946	1
9950	2
9951	1
9952	1
9953	1
9955	2
9956	1
9957	2
9959	1
9960	3
9961	3
9962	1
9963	3
9964	3
9965	4
9966	4
9967	1
9968	8
9969	6
9973	1
9974	1
9975	2
9976	3
9977	1
9978	1
9979	1
9980	1
9982	1
9983	3
9984	2
9985	3
9986	3
9987	2
9988	7
9989	8
9990	3
9991	4
9992	4
9993	2
9994	1
9995	3
9997	1
9998	1
10000	1
10001	2
10002	4
10003	2
10004	3
10005	2
10006	1
10008	1
10009	3
10010	1
10016	2
10017	1
10018	2
10019	1
10022	2
10023	5
10024	1
10025	1
10026	8
10027	1
10028	1
10030	1
10032	1
10033	1
10034	1
10037	2
10039	1
10042	1
10043	1
10044	4
10045	1
10049	1
10050	1
10052	2
10053	1
10056	1
10057	1
10058	1
10059	2
10060	1
10073	1
10075	1
10077	1
10079	1
10080	1
10084	1
10085	1
10089	2
10090	1
10098	1
10100	3
10102	2
10104	1
10105	1
10110	1
10111	2
10114	1
10115	1
10116	1
10117	2
10118	2
10119	2
10120	3
10121	16
10122	3
10123	9
10124	1
10125	2
10126	7
10127	75
10128	2
10129	5
10130	3
10131	3
10132	4
10133	1
10134	2
10135	4
10136	2
10137	1
10140	3
10141	1
10143	2
10144	1
10145	1
10147	3
10148	2
10150	2
10151	3
10152	4
10153	4
10154	3
10155	1
10156	2
10157	6
10158	4
10160	2
10161	2
10162	2
10164	2
10165	3
10166	1
10167	2
10169	2
10170	2
10171	4
10172	2
10173	1
10174	4
10175	1
10176	4
10177	8
10178	2
10179	5
10180	3
10181	1
10182	6
10183	6
10185	9
10186	17
10187	10
10188	2
10189	9
10190	8
10191	5
10192	3
10193	1
10194	1
10195	3
10197	3
10198	6
10199	1
10202	1
10203	2
10204	3
10207	1
10208	1
10209	2
10210	1
10211	3
10213	5
10214	8
10215	5
10216	6
10217	2
10218	9
10219	7
10220	13
10221	9
10222	3
10223	2
10224	2
10225	1
10234	1
10236	3
10237	1
10238	1
10239	3
10242	1
10244	1
10246	2
10247	3
10248	2
10249	1
10251	1
10253	1
10255	3
10260	1
10261	1
10262	2
10263	1
10264	1
10265	1
10268	2
10270	1
10271	1
10274	2
10275	3
10279	2
10281	1
10282	2
10283	1
10284	2
10285	2
10286	2
10289	4
10291	6
10292	3
10293	9
10295	1
10296	1
10298	1
10299	1
10302	3
10308	2
10309	1
10315	1
10316	1
10318	1
10320	1
10321	1
10323	3
10326	2
10330	2
10333	2
10340	2
10342	1
10350	2
10351	1
10352	1
10353	16
10354	4
10355	41
10356	7
10357	2
10358	1
10360	11
10361	6
10362	6
10363	1
10365	1
10366	1
10374	1
10375	1
10383	1
10388	1
10390	1
10392	1
10396	1
10402	1
10404	1
10408	1
10410	1
10412	1
10413	1
10414	1
10415	1
10416	1
10418	1
10423	1
10427	1
10429	1
10431	1
10433	2
10434	2
10436	1
10438	1
10440	3
10442	2
10443	7
10444	2
10445	1
10446	1
10448	1
10449	1
10450	1
10452	2
10457	4
10458	3
10459	4
10460	2
10461	4
10462	1
10463	1
10467	2
10468	1
10469	2
10471	1
10477	2
10478	1
10481	1
10482	2
10484	1
10487	1
10488	2
10489	9
10490	1
10491	1
10492	1
10493	1
10500	1
10501	1
10504	1
10510	1
10511	2
10513	2
10516	1
10520	1
10521	1
10522	1
10524	1
10528	1
10533	1
10534	5
10536	5
10537	8
10538	1
10539	6
10540	3
10541	32
10542	30
10543	1
10548	1
10555	1
10559	1
10562	1
10563	1
10565	1
10566	1
10568	1
10570	1
10572	1
10573	1
10576	1
10578	5
10580	1
10581	2
10584	2
10585	1
10586	2
10589	1
10592	1
10600	1
10603	1
10604	2
10607	1
10608	3
10609	3
10610	1
10612	1
10613	1
10615	1
10617	3
10619	1
10621	1
10626	1
10628	1
10629	1
10634	1
10637	2
10638	2
10642	1
10643	1
10645	1
10649	4
10652	1
10653	1
10655	1
10656	1
10657	2
10658	1
10659	1
10662	1
10664	1
10667	2
10669	1
10670	1
10672	1
10673	1
10674	1
10675	1
10677	1
10678	3
10679	2
10680	3
10681	2
10682	2
10683	1
10685	5
10686	10
10688	1
10690	1
10691	2
10693	2
10695	1
10697	1
10699	2
10700	4
10701	1
10702	2
10703	1
10704	2
10705	1
10706	1
10709	1
10712	1
10716	1
10721	1
10727	1
10728	1
10740	1
10741	1
10743	1
10751	1
10756	1
10766	1
10774	3
10775	2
10776	2
10777	2
10778	2
10780	1
10782	2
10783	2
10785	1
10788	2
10789	1
10790	1
10791	2
10792	6
10794	1
10795	1
10798	1
10802	1
10803	1
10805	2
10807	2
10808	2
10811	1
10815	1
10823	1
10828	1
10829	1
10846	1
10849	1
10850	1
10853	1
10861	1
10865	1
10895	1
10899	2
10901	3
10902	2
10903	1
10904	1
10905	2
10907	2
10908	1
10909	1
10910	3
10911	2
10922	1
10928	1
10941	1
10943	1
10945	1
10954	2
10955	1
10956	1
10969	1
10974	1
10978	1
10984	1
10985	1
10986	1
11000	1
11005	1
11007	1
11008	1
11011	1
11012	3
11013	2
11014	11
11015	9
11016	20
11017	54
11018	7
11019	1
11020	5
11022	1
11027	1
11029	2
11046	1
11056	1
11066	1
11069	2
11070	5
11071	3
11072	2
11073	2
11074	1
11076	1
11079	1
11082	1
11083	1
11084	1
11091	1
11096	1
11103	1
11106	1
11110	1
11116	1
11125	1
11128	1
11129	1
11135	1
11143	1
11146	1
11166	1
11168	1
11176	1
11184	1
11185	1
11190	1
11191	1
11193	1
11196	1
11198	1
11200	1
11203	1
11207	1
11208	2
11209	1
11210	1
11212	5
11213	4
11214	4
11215	4
11216	2
11219	2
11220	1
11221	1
11223	1
11224	1
11225	1
11229	1
11230	1
11231	1
11234	1
11238	1
11244	1
11245	1
11246	1
11247	1
11248	1
11251	1
11253	1
11257	1
11259	1
11261	2
11263	1
11264	1
11265	1
11266	1
11268	1
11270	1
11272	1
11276	1
11278	1
11279	2
11281	1
11282	2
11283	4
11284	5
11286	1
11287	1
11288	1
11291	1
11292	1
11293	1
11294	2
11295	2
11296	1
11297	1
11298	1
11299	2
11300	3
11301	4
11302	5
11303	8
11304	4
11305	2
11306	1
11309	1
11311	1
11315	1
11319	2
11321	1
11322	1
11323	1
11324	1
11325	1
11327	2
11328	2
11330	1
11331	1
11332	1
11333	1
11338	1
11344	1
11347	1
11348	1
11351	1
11353	1
11354	1
11365	1
11370	1
11372	1
11374	3
11375	1
11379	2
11380	2
11381	2
11382	1
11383	1
11385	2
11388	1
11391	1
11394	2
11398	1
11404	3
11405	2
11406	3
11408	1
11410	1
11411	2
11413	1
11415	3
11416	1
11417	1
11419	1
11420	1
11421	1
11423	2
11425	1
11426	1
11427	2
11428	3
11432	1
11433	1
11435	1
11436	2
11437	1
11439	1
11440	2
11442	1
11443	2
11444	4
11445	3
11446	1
11447	2
11448	2
11449	1
11450	1
11451	4
11452	5
11453	1
11454	4
11455	4
11456	2
11457	3
11458	3
11459	2
11460	4
11461	3
11462	15
11463	13
11464	2
11465	3
11466	1
11467	5
11468	2
11469	4
11471	1
11473	1
11474	36
11475	7
11476	13
11477	2
11478	15
11479	5
11480	1
11482	1
11484	2
11485	1
11486	2
11488	1
11489	1
11490	2
11491	2
11494	1
11498	1
11502	1
11503	1
11505	1
11506	1
11507	1
11510	2
11514	1
11518	1
11520	1
11521	2
11522	1
11526	1
11528	1
11531	2
11532	1
11534	1
11537	2
11538	1
11539	1
11540	3
11541	1
11542	1
11543	4
11544	1
11546	1
11547	1
11548	1
11551	1
11552	7
11553	1
11554	2
11555	3
11556	5
11557	1
11558	4
11559	5
11560	5
11561	3
11562	4
11563	11
11564	25
11565	1
11566	3
11567	27
11568	8
11569	1
11570	2
11571	1
11572	2
11573	1
11574	1
11575	1
11576	1
11579	2
11582	1
11583	2
11586	1
11588	1
11590	1
11591	1
11592	1
11594	4
11595	1
11596	1
11597	2
11599	1
11600	1
11601	1
11602	1
11603	1
11605	2
11607	1
11608	2
11610	4
11611	2
11612	3
11613	6
11614	7
11615	5
11617	2
11621	3
11622	1
11623	2
11624	1
11625	1
11627	3
11628	1
11630	1
11631	1
11632	1
11633	1
11634	1
11636	2
11637	2
11638	2
11639	1
11640	2
11641	1
11643	4
11644	1
11647	2
11648	5
11649	13
11650	14
11651	8
11652	33
11653	2
11655	1
11656	2
11658	1
11659	1
11661	1
11669	1
11671	1
11672	1
11673	1
11680	2
11686	2
11690	1
11691	1
11694	1
11697	1
11698	1
11701	1
11702	1
11703	1
11705	1
11708	1
11712	1
11716	1
11717	1
11718	1
11725	1
11729	1
11733	1
11736	3
11738	2
11742	1
11744	1
11746	1
11748	1
11752	1
11756	1
11758	1
11760	1
11762	1
11764	1
11765	2
11767	4
11769	1
11770	1
11771	2
11775	2
11776	1
11780	2
11781	1
11782	1
11783	2
11784	2
11785	1
11786	1
11787	1
11788	1
11789	2
11790	6
11791	6
11792	3
11793	4
11794	1
11795	1
11797	1
11798	1
11799	2
11800	3
11801	2
11802	1
11803	1
11804	1
11805	1
11806	1
11807	1
11808	1
11809	3
11810	3
11811	2
11813	2
11814	10
11815	3
11816	1
11817	2
11818	4
11819	2
11820	1
11821	3
11822	3
11823	1
11824	2
11825	1
11826	2
11828	2
11829	1
11830	4
11831	4
11832	3
11833	1
11835	2
11836	2
11837	1
11839	2
11841	3
11842	1
11843	1
11846	2
11847	1
11848	1
11849	4
11850	6
11851	2
11852	1
11854	2
11855	2
11857	2
11859	1
11860	2
11862	2
11863	1
11864	2
11865	2
11866	2
11870	2
11871	1
11872	2
11873	6
11874	6
11875	1
11876	1
11879	1
11884	1
11886	1
11889	1
11890	2
11893	1
11894	1
11896	1
11897	1
11898	1
11899	1
11904	1
11905	2
11906	1
11907	1
11909	3
11910	1
11911	10
11913	1
11915	1
11918	2
11919	1
11920	2
11922	1
11924	2
11926	2
11927	2
11928	17
11929	7
11934	1
11937	1
11945	1
11950	1
11956	1
11958	1
11966	1
11969	1
11970	1
11978	2
11979	1
11983	1
11992	1
12002	14
12003	7
12005	1
12008	1
12019	2
12020	1
12023	1
12024	1
12025	2
12034	1
12035	1
12036	1
12041	1
12043	1
12045	1
12046	3
12047	4
12048	5
12051	2
12053	1
12055	1
12057	1
12063	1
12064	2
12068	2
12069	2
12070	1
12072	1
12074	1
12080	2
12082	2
12085	1
12091	1
12094	2
12095	1
12097	1
12099	2
12101	2
12102	1
12103	1
12104	1
12105	2
12107	2
12108	1
12110	1
12113	1
12115	2
12121	1
12125	1
12126	1
12140	1
12141	1
12150	2
12152	2
12154	1
12157	1
12159	1
12160	1
12161	1
12163	1
12165	3
12166	1
12167	3
12172	1
12174	1
12176	1
12179	1
12189	1
12193	1
12199	1
12201	1
12215	1
12223	1
12238	1
12243	1
12258	1
12262	2
12264	1
12272	1
12279	1
12288	2
12302	1
12305	1
12330	1
12333	1
12340	1
12351	1
12354	1
12359	2
12374	1
12376	1
12379	1
12381	2
12389	1
12392	2
12395	3
12399	4
12409	1
12419	1
12420	2
12424	1
12427	1
12431	2
12447	1
12453	1
12472	10
12478	1
12485	1
12492	1
12494	1
12495	1
12498	1
12500	1
12504	1
12505	1
12506	1
12510	1
12512	1
12516	1
12517	1
12527	3
12528	1
12529	1
12530	2
12531	3
12532	1
12533	1
12536	1
12538	1
12539	1
12540	2
12541	3
12543	6
12544	3
12545	3
12546	4
12547	3
12548	4
12549	9
12550	26
12551	5
12552	13
12555	1
12580	1
12584	1
12588	1
12590	1
12601	1
12608	9
12613	1
12619	9
12620	24
12621	41
12629	2
12640	1
12643	1
12648	1
12661	1
12670	1
12679	1
12682	1
12690	1
12701	1
12709	1
12710	1
12715	2
12719	1
12731	1
12735	1
12739	2
12757	1
12765	1
12775	1
12777	1
12780	1
12784	1
12789	1
12795	1
12801	1
12802	1
12807	1
12816	1
12823	1
12826	1
12827	1
12829	1
12830	4
12831	2
12833	3
12834	3
12836	1
12839	1
12840	1
12841	1
12843	1
12844	1
12845	1
12846	2
12849	1
12850	1
12852	1
12855	1
12857	1
12859	1
12860	2
12861	1
12863	1
12865	2
12867	2
12868	1
12869	1
12870	1
12871	1
12873	1
12874	1
12875	1
12876	2
12877	2
12878	4
12879	2
12880	1
12881	3
12882	8
12883	8
12884	2
12885	7
12886	2
12887	2
12888	2
12889	4
12890	5
12891	1
12892	1
12893	4
12894	6
12895	2
12896	1
12897	1
12900	1
12905	1
12907	1
12910	2
12914	1
12924	1
12925	1
12944	1
12945	1
12954	1
12955	1
12963	1
12964	1
12966	1
12972	1
12983	1
12987	1
12993	1
12996	1
12999	7
13000	7
13001	5
13002	1
13006	1
13010	1
13011	1
13012	1
13014	1
13015	9
13017	1
13021	1
13026	1
13029	2
13031	1
13032	1
13035	1
13036	2
13038	1
13041	1
13044	1
13046	1
13047	1
13048	1
13051	1
13053	2
13056	1
13057	1
13059	1
13060	1
13062	1
13066	2
13067	1
13069	1
13071	1
13072	1
13073	1
13074	2
13076	1
13077	1
13079	1
13084	1
13085	1
13097	1
13104	1
13112	1
13115	1
13116	1
13118	1
13126	1
13136	1
13137	1
13143	1
13144	5
13150	1
13155	1
13178	1
13185	1
13189	1
13228	1
13249	1
13251	1
13252	2
13279	2
13293	4
13294	57
13295	28
13296	11
13298	1
13309	1
13312	1
13319	1
13328	1
13333	1
13344	1
13347	1
13349	1
13366	1
13376	1
13379	1
13381	1
13382	1
13385	1
13387	1
13394	1
13409	1
13420	1
13424	2
13425	1
13428	1
13430	2
13441	2
13451	1
13461	1
13466	1
13469	1
13470	1
13473	1
13474	1
13477	1
13479	1
13481	1
13483	1
13488	2
13490	1
13491	1
13495	2
13496	1
13498	1
13499	1
13500	4
13501	1
13502	2
13503	1
13513	1
13517	1
13525	3
13526	3
13527	1
13528	2
13529	3
13530	1
13531	7
13532	6
13533	5
13534	3
13544	1
13545	2
13546	2
13547	1
13549	1
13550	10
13556	1
13558	1
13564	1
13571	1
13574	2
13575	2
13576	1
13577	1
13578	1
13579	5
13581	2
13582	1
13583	1
13584	1
13586	1
13588	1
13590	1
13591	2
13592	1
13593	1
13599	1
13604	2
13607	2
13609	1
13610	1
13611	1
13612	1
13615	1
13617	1
13619	1
13622	1
13623	1
13624	1
13625	1
13627	1
13628	1
13631	1
13632	2
13633	3
13636	3
13638	7
13639	1
13641	2
13642	2
13643	8
13644	1
13645	7
13646	16
13649	1
13652	1
13660	1
13662	1
13672	1
13683	1
13688	1
13691	1
13702	1
13705	2
13707	6
13708	6
13709	6
13710	10
13712	1
13713	5
13715	4
13716	6
13717	2
13718	2
13719	4
13720	5
13721	7
13722	2
13723	17
13724	1
13725	1
13727	4
13730	1
13733	1
13737	1
13738	2
13741	1
13746	1
13749	1
13750	2
13762	2
13763	1
13765	2
13766	2
13767	3
13769	2
13770	1
13771	1
13772	1
13775	1
13776	1
13780	1
13783	1
13784	1
13788	2
13794	1
13798	1
13799	1
13800	1
13807	1
13813	1
13818	1
13822	1
13823	1
13824	2
13830	1
13839	1
13841	1
13842	1
13847	1
13852	1
13855	2
13865	1
13867	1
13889	1
13891	1
13911	1
13918	2
13919	4
13920	1
13921	3
13922	1
13923	1
13929	1
13967	2
13969	1
13986	1
13997	1
14006	1
14009	1
14011	1
14018	1
14041	2
14057	1
14065	1
14074	1
14083	1
14100	1
14107	1
14113	6
14118	1
14124	2
14126	1
14131	1
14134	2
14137	1
14138	2
14139	1
14141	2
14142	2
14143	19
14144	5
14145	2
14146	6
14147	7
14150	1
14152	1
14155	2
14156	1
14157	1
14158	1
14160	1
14161	2
14163	2
14164	1
14165	3
14166	1
14169	2
14177	1
14188	1
14193	1
14201	1
14202	1
14211	1
14222	4
14225	1
14227	1
14229	1
14235	1
14239	2
14240	1
14244	1
14253	1
14255	1
14259	1
14261	1
14262	1
14264	1
14277	1
14278	1
14298	2
14299	1
14302	1
14303	5
14304	5
14305	1
14307	1
14308	1
14318	1
14320	1
14321	1
14328	1
14329	1
14338	1
14340	11
14343	1
14344	1
14348	1
14354	1
14355	1
14357	1
14359	1
14364	1
14367	1
14370	4
14371	2
14372	1
14374	2
14375	1
14376	1
14377	2
14378	1
14379	3
14380	5
14381	1
14382	2
14383	2
14384	4
14385	2
14386	10
14387	8
14388	5
14389	3
14390	2
14391	2
14392	4
14393	3
14394	5
14399	1
14404	10
14405	2
14406	2
14407	1
14408	5
14409	7
14410	7
14412	1
14413	1
14415	1
14416	1
14417	1
14422	1
14423	1
14425	1
14427	1
14431	1
14432	41
14433	3
14434	11
14435	13
14436	14
14443	1
14446	15
14447	2
14448	1
14450	2
14451	1
14452	2
14454	1
14455	3
14456	1
14461	1
14463	1
14464	1
14469	1
14470	1
14471	1
14472	2
14473	17
14474	6
14475	4
14476	1
14500	1
14509	1
14516	3
14518	3
14519	2
14521	1
14522	1
14524	3
14525	1
14529	1
14531	2
14533	3
14534	1
14536	2
14539	3
14540	2
14541	3
14542	1
14544	3
14545	2
14546	4
14547	1
14549	1
14550	2
14552	1
14554	6
14555	5
14568	1
14578	1
14581	1
14582	1
14583	1
14588	1
14597	1
14623	1
14626	1
14635	2
14700	1
14707	2
14716	1
14721	2
14729	1
14732	1
14741	1
14742	1
14748	1
14756	1
14759	1
14761	1
14764	1
14770	1
14772	1
14776	1
14779	1
14783	1
14784	1
14785	1
14787	1
14792	1
14796	1
14799	1
14806	1
14819	1
14822	1
14830	1
14833	1
14847	1
14852	1
14857	1
14860	1
14875	1
14882	1
14886	1
14898	1
14901	1
14909	1
14910	1
14933	1
14934	1
14946	1
14947	2
14949	1
14953	2
14960	1
14962	1
14963	2
14970	1
14980	1
14986	1
14987	1
14988	1
14990	1
14998	2
15001	2
15009	1
15012	1
15013	1
15014	1
15015	1
15016	1
15018	1
15019	1
15021	1
15024	1
15025	1
15027	2
15029	1
15030	2
15032	3
15033	2
15034	1
15035	2
15037	1
15040	3
15041	1
15043	1
15044	2
15046	2
15047	1
15048	2
15049	1
15051	2
15052	1
15053	1
15054	2
15055	1
15056	1
15058	4
15059	2
15060	4
15061	3
15062	5
15063	5
15064	9
15065	9
15066	6
15067	7
15068	13
15069	7
15070	1
15071	1
15072	1
15073	1
15075	2
15076	1
15078	1
15079	1
15080	1
15081	1
15086	2
15091	1
15092	1
15094	1
15096	1
15100	2
15101	1
15103	1
15104	3
15105	2
15106	1
15108	1
15110	1
15111	1
15113	1
15115	1
15116	1
15117	1
15118	2
15120	1
15122	1
15125	1
15128	1
15129	1
15130	1
15132	1
15133	1
15135	1
15137	2
15138	1
15139	1
15141	1
15142	1
15147	1
15153	1
15155	1
15159	1
15160	1
15161	1
15168	3
15178	1
15180	2
15185	1
15187	1
15189	1
15191	1
15194	2
15195	1
15197	1
15198	3
15199	2
15200	2
15201	3
15202	3
15203	1
15204	2
15206	2
15207	1
15208	1
15209	5
15210	1
15211	1
15212	1
15214	3
15215	2
15216	1
15220	1
15221	1
15225	2
15227	1
15230	2
15231	3
15243	1
15255	1
15264	1
15269	1
15281	1
15286	1
15294	1
15318	1
15335	1
15336	1
15348	1
15350	1
15352	2
15357	2
15362	1
15364	1
15365	1
15368	1
15371	1
15372	1
15377	1
15381	1
15382	1
15383	2
15384	1
15386	2
15388	2
15389	2
15391	2
15392	2
15393	1
15397	1
15399	1
15401	1
15404	2
15405	1
15406	1
15407	1
15409	1
15410	1
15411	1
15413	2
15414	1
15416	4
15417	2
15418	3
15420	1
15421	2
15422	1
15423	1
15424	2
15425	13
15426	4
15427	3
15428	5
15429	7
15430	1
15434	1
15436	1
15439	1
15443	1
15445	1
15450	1
15460	1
15461	2
15465	1
15472	1
15474	1
15479	2
15482	1
15486	1
15491	1
15493	1
15494	1
15507	1
15538	1
15543	2
15552	1
15574	1
15603	1
15604	1
15606	1
15608	1
15613	1
15622	1
15629	1
15630	1
15633	1
15636	1
15642	1
15645	3
15647	1
15650	1
15651	1
15655	2
15656	1
15659	1
15661	2
15662	1
15664	2
15665	2
15666	1
15669	1
15672	2
15674	2
15676	1
15678	1
15682	2
15684	1
15685	1
15686	1
15687	1
15688	1
15691	1
15692	1
15695	3
15696	1
15700	1
15702	1
15703	1
15707	2
15708	2
15709	1
15710	3
15712	1
15713	2
15714	1
15715	2
15716	3
15717	4
15718	1
15723	1
15724	1
15728	1
15729	1
15731	1
15733	1
15734	1
15735	1
15737	1
15739	1
15746	1
15747	1
15751	1
15756	1
15761	2
15763	1
15765	1
15768	1
15772	1
15773	3
15774	2
15775	4
15776	5
15777	3
15778	2
15779	4
15780	2
15781	2
15783	1
15796	1
15797	1
15799	1
15802	1
15803	1
15809	1
15810	1
15813	1
15814	1
15815	1
15816	1
15817	1
15818	9
15826	1
15833	1
15837	2
15844	1
15846	1
15850	1
15851	1
15857	1
15861	1
15865	2
15866	1
15868	1
15869	1
15871	1
15872	1
15879	1
15881	1
15886	1
15893	2
15895	1
15896	1
15897	1
15904	1
15906	2
15911	1
15913	1
15916	1
15918	1
15925	1
15926	1
15930	1
15933	1
15934	1
15940	2
15942	1
15950	1
15953	1
15954	1
15957	1
15960	1
15965	1
15971	1
15978	1
15979	1
15986	1
15989	2
16000	1
16003	1
16011	1
16013	1
16014	2
16016	1
16017	1
16018	1
16019	2
16020	1
16021	4
16022	6
16023	3
16025	1
16035	2
16048	1
16049	1
16053	1
16058	1
16066	1
16096	1
16102	1
16104	1
16116	1
16120	1
16121	1
16123	1
16126	1
16151	1
16173	1
16177	1
16185	1
16192	1
16195	1
16225	5
16232	1
16237	3
16238	1
16239	1
16244	1
16262	1
16278	1
16289	1
16294	1
16306	1
16307	1
16337	1
16340	1
16341	1
16359	1
16366	1
16372	1
16375	1
16385	1
16403	1
16409	2
16416	1
16423	1
16428	1
16432	1
16433	1
16434	1
16437	1
16438	1
16444	3
16445	1
16446	1
16447	1
16452	1
16454	1
16457	1
16464	1
16471	1
16476	1
16478	1
16481	2
16482	1
16484	1
16487	3
16488	1
16489	2
16491	2
16492	2
16493	1
16495	17
16496	6
16497	31
16498	14
16499	2
16501	1
16502	1
16513	1
16514	1
16515	1
16516	1
16519	1
16520	1
16523	1
16525	3
16527	1
16528	1
16529	1
16532	2
16536	1
16537	2
16538	1
16540	1
16543	1
16544	3
16546	2
16547	2
16548	2
16549	3
16550	4
16584	1
16608	1
16626	1
16631	1
16639	1
16642	2
16677	1
16679	1
16680	3
16685	1
16696	1
16697	1
16721	1
16728	1
16732	1
16734	2
16737	1
16746	1
16749	1
16752	1
16754	1
16757	1
16759	1
16761	1
16763	10
16765	1
16768	1
16774	1
16776	1
16781	1
16793	1
16794	1
16795	1
16812	1
16816	2
16818	1
16837	1
16841	1
16842	1
16844	1
16845	2
16846	8
16860	1
16876	1
16881	1
16883	1
16889	1
16894	1
16897	1
16910	1
16913	1
16916	1
16921	2
16923	1
16925	1
16930	1
16931	1
16932	1
16937	1
16938	1
16939	1
16941	2
16944	1
16945	1
16947	1
16952	2
16956	1
16957	1
16959	2
16963	1
16969	1
16974	1
16975	1
16988	1
16990	1
16997	1
16998	1
17004	1
17011	1
17016	1
17034	1
17046	1
17064	1
17071	1
17080	3
17081	1
17083	2
17087	1
17088	2
17089	2
17090	2
17092	1
17093	1
17094	1
17095	1
17096	5
17097	1
17098	3
17099	3
17101	2
17102	4
17103	1
17106	1
17107	2
17110	4
17111	1
17113	1
17125	1
17136	1
17145	1
17155	2
17157	2
17159	1
17160	1
17161	1
17166	1
17169	2
17171	1
17175	1
17177	2
17179	1
17186	1
17193	1
17194	2
17196	1
17198	1
17200	1
17205	1
17206	1
17212	1
17214	1
17217	2
17219	1
17220	2
17223	1
17228	4
17234	1
17235	1
17237	1
17240	1
17242	1
17245	2
17246	4
17247	3
17248	3
17249	2
17250	20
17251	2
17252	2
17253	3
17254	2
17255	1
17257	1
17258	1
17259	2
17260	1
17262	1
17264	1
17265	1
17266	1
17268	1
17272	1
17278	1
17327	1
17334	1
17336	1
17343	1
17350	2
17351	3
17353	1
17354	1
17355	2
17360	1
17363	1
17365	3
17366	1
17368	2
17369	1
17375	1
17378	1
17386	1
17394	1
17397	1
17401	2
17406	1
17408	2
17409	4
17410	3
17411	3
17412	3
17413	3
17414	4
17415	4
17416	1
17417	4
17418	1
17419	2
17420	2
17421	3
17422	1
17423	1
17424	1
17427	1
17432	1
17435	3
17436	1
17439	1
17441	1
17443	1
17444	1
17445	1
17447	7
17448	1
17449	5
17450	1
17451	3
17452	3
17453	1
17454	3
17463	2
17464	1
17471	1
17473	1
17475	1
17477	1
17479	17
17480	28
17481	1
17482	7
17483	2
17485	2
17486	2
17487	1
17488	1
17489	1
17490	1
17491	1
17492	1
17504	1
17507	1
17520	1
17521	1
17522	8
17523	3
17553	1
17559	1
17560	1
17563	1
17566	1
17570	1
17571	1
17572	2
17573	1
17574	1
17575	3
17577	1
17581	1
17582	3
17583	1
17584	1
17585	5
17587	1
17588	2
17589	1
17590	1
17591	1
17593	1
17594	1
17595	1
17598	1
17599	3
17601	1
17603	2
17604	3
17607	1
17608	1
17609	1
17610	3
17615	2
17616	1
17618	1
17619	1
17621	1
17622	1
17644	1
17649	1
17651	1
17656	1
17657	1
17658	8
17687	1
17737	1
17741	1
17748	1
17797	1
17814	1
17816	1
17824	1
17836	1
17848	1
17851	1
17858	1
17867	1
17870	1
17873	1
17876	1
17881	1
17883	1
17887	1
17891	1
17892	1
17893	1
17895	1
17899	1
17901	1
17908	2
17909	1
17916	1
17926	1
17927	1
17928	1
17929	1
17932	2
17933	2
17935	2
17936	4
17937	2
17938	2
17939	5
17940	3
17941	2
17942	1
17943	3
17944	2
17945	2
17946	2
18004	1
18006	1
18084	1
18096	1
18117	1
18176	1
18202	1
18217	1
18235	1
18243	1
18245	1
18249	3
18252	1
18253	1
18256	1
18259	2
18261	1
18262	2
18263	2
18268	2
18270	1
18272	1
18273	1
18274	1
18275	2
18279	2
18280	1
18283	1
18284	2
18288	1
18289	1
18290	2
18291	5
18292	1
18293	2
18294	1
18296	2
18300	5
18301	2
18302	1
18303	1
18304	2
18305	1
18306	2
18307	2
18308	3
18309	2
18310	1
18311	6
18312	2
18338	1
18341	1
18408	1
18449	1
18450	1
18468	1
18506	3
18508	2
18523	1
18538	1
18553	2
18606	2
18609	1
18619	1
18639	1
18658	1
18661	1
18664	2
18666	1
18667	1
18668	1
18669	1
18671	1
18672	1
18673	2
18675	1
18677	3
18678	1
18679	2
18680	1
18681	2
18682	1
18683	2
18684	1
18685	6
18687	4
18688	1
18689	2
18690	1
18691	9
18692	6
18694	7
18695	4
18696	1
18697	7
18698	5
18699	3
18701	6
18702	3
18704	1
18706	1
18707	2
18709	4
18723	1
18750	1
18751	1
18763	1
18770	1
18838	1
18842	1
18859	1
18894	1
18900	1
18905	1
18908	1
18915	1
18916	1
18927	1
18932	1
18935	1
18938	1
18944	1
18946	1
18956	1
18959	1
18963	1
19001	1
19002	1
19009	1
19013	1
19023	2
19045	1
19050	1
19051	1
19056	1
19059	2
19060	1
19061	1
19065	1
19066	1
19067	2
19070	2
19075	1
19076	1
19081	1
19084	1
19088	3
19095	1
19108	1
19112	1
19120	1
19142	1
19148	1
19155	1
19171	1
19173	1
19188	3
19190	1
19191	7
19200	1
19206	1
19208	3
19209	1
19210	2
19213	2
19214	3
19215	6
19218	1
19219	5
19220	11
19221	7
19222	12
19223	11
19230	1
19231	1
19235	1
19236	1
19237	1
19238	1
19239	2
19241	1
19244	2
19245	1
19246	2
19247	1
19248	2
19249	3
19250	2
19252	2
19253	1
19254	1
19255	2
19257	2
19259	3
19262	1
19263	3
19264	1
19265	1
19267	1
19268	1
19269	2
19270	1
19271	2
19272	1
19273	5
19274	1
19275	2
19276	3
19277	2
19278	4
19279	3
19282	1
19285	1
19293	1
19298	2
19299	1
19300	2
19302	1
19303	3
19304	3
19305	2
19306	1
19307	1
19308	2
19309	5
19310	3
19311	2
19312	5
19313	1
19314	1
19316	1
19320	1
19321	1
19322	3
19323	1
19334	1
19336	1
19340	1
19344	3
19345	2
19366	1
19409	1
19413	1
19539	1
19560	1
19562	1
19563	1
19568	1
19579	1
19588	1
19589	1
19598	1
19599	1
19601	2
19603	1
19606	1
19607	6
19608	1
19609	2
19610	1
19613	1
19614	1
19615	1
19616	1
19649	1
19656	1
19662	1
19690	1
19725	1
19735	1
19762	1
19767	1
19799	1
19808	1
19811	1
19816	1
19820	3
19822	1
19825	1
19834	1
19842	1
19861	1
19864	1
19868	1
19888	1
19904	1
19908	1
19919	1
19928	1
19946	2
19960	1
19961	1
19976	2
19982	1
19984	1
19992	1
20035	1
20083	1
20125	1
20131	1
20138	1
20158	1
20159	1
20175	1
20191	1
20204	1
20211	1
20238	1
20248	1
20249	1
20257	1
20260	1
20261	1
20271	1
20279	1
20280	1
20290	1
20291	1
20293	1
20294	1
20296	1
20297	1
20298	1
20301	2
20302	1
20304	1
20305	4
20306	1
20320	1
20358	1
20408	1
20409	2
20410	1
20411	1
20434	1
20439	1
20460	1
20462	1
20471	1
20479	2
20480	2
20481	7
20512	1
20607	1
20618	1
20652	1
20677	1
20715	1
20740	1
20762	1
20778	2
20785	1
20789	1
20793	1
20797	1
20799	1
20804	1
20805	1
20809	1
20811	1
20812	1
20821	1
20822	1
20824	1
20826	5
20827	6
20828	3
20829	6
20830	3
20831	1
20833	1
20835	2
20836	1
20838	2
20839	2
20840	4
20842	2
20844	4
20845	1
20846	2
20847	1
20848	1
20951	1
21031	1
21094	1
21105	1
21142	1
21144	2
21145	1
21147	2
21149	2
21150	1
21151	1
21152	1
21157	2
21161	1
21162	1
21171	1
21249	1
21477	1
21528	1
21637	1
21642	1
21668	2
21689	1
21705	1
21710	1
21746	1
21754	1
21765	1
21772	1
21786	1
21790	1
21792	1
21797	2
21799	1
21800	1
21801	2
21808	1
21809	1
21811	4
21812	2
21814	1
21815	1
21816	1
21818	1
21819	1
21820	1
21821	4
21822	4
21823	2
21825	1
21830	2
21831	1
21832	1
21833	2
21834	3
21835	1
21840	1
21845	1
21847	1
21850	1
21854	1
21856	1
21858	1
21860	1
21863	1
21865	1
21870	1
21871	1
21873	1
21874	1
21876	1
21880	1
21884	2
21885	1
21886	2
21887	1
21888	2
21889	1
21891	1
21893	1
21895	1
21896	1
21897	2
21898	7
21899	2
21900	2
21901	1
21902	1
21903	1
21904	2
21907	1
21908	2
21910	2
21917	1
21920	5
21921	5
21922	2
21923	1
21925	5
22199	1
22259	1
22292	1
22336	1
22457	1
22563	1
22593	1
22597	1
22606	2
22609	5
22611	2
22612	4
22613	3
22639	1
22795	1
22903	1
23016	1
23021	1
23059	1
23142	1
23198	1
23207	1
23214	1
23228	1
23235	1
23248	1
23254	1
23271	1
23276	1
23283	1
23304	1
23313	1
23330	1
23337	1
23357	1
23384	1
23436	1
23489	1
23496	1
23511	1
23530	1
23547	2
23573	1
23576	1
23592	2
23610	1
23622	1
23626	1
23628	1
23633	1
23642	1
23653	1
23685	1
23714	1
23760	1
23764	1
23786	1
23787	1
23799	1
23816	1
23823	2
23860	1
23904	1
23910	1
23917	1
23934	1
23945	1
23964	1
23970	1
23971	1
23974	1
23977	1
23990	1
24004	1
24013	1
24031	1
24041	1
24048	1
24049	1
24054	1
24078	1
24086	1
24092	1
24095	1
24102	1
24108	1
24110	1
24114	1
24119	1
24125	1
24157	1
24166	1
24167	1
24174	1
24176	1
24179	3
24180	1
24188	2
24189	1
24191	2
24192	4
24194	2
24195	1
24197	1
24199	1
24201	1
24202	1
24252	1
24486	1
24631	1
24648	1
24936	1
25027	1
25129	1
25405	1
25541	1
25544	1
25635	1
25694	1
25722	1
25785	1
25810	1
25819	1
25973	1
26075	1
26120	1
26123	1
26125	1
26138	1
26170	1
26193	1
26232	1
26276	1
26279	1
26284	1
26286	7
26340	1
26364	1
26466	1
26525	1
26527	1
26575	1
26685	1
26715	1
26724	1
26729	1
26745	1
26756	1
26883	1
26888	1
26997	1
27002	1
27007	1
27008	2
27009	6
27020	1
27082	1
27087	1
27202	1
27380	1
27481	1
27793	1
28084	1
28238	1
28287	1
28310	1
28316	1
28653	1
28723	1
28743	1
28759	1
28867	1
28902	1
29036	1
29040	1
29089	1
29120	1
29131	1
29154	1
29160	1
29312	1
29400	1
29422	1
29442	1
29479	1
29515	1
29518	1
29532	1
29533	1
29539	2
29540	1
29541	6
29545	1
29714	1
29743	1
29881	1
30079	1
30226	1
30242	1
30285	1
30348	1
30379	1
30392	1
30426	1
30431	1
30447	1
30451	1
30452	13
30507	1
30623	1
30645	1
30705	1
30709	1
30712	1
30718	1
30719	1
30725	1
30726	1
30728	1
30795	1
30829	1
31011	1
31159	1
31168	1
31173	1
31387	1
31508	1
31607	1
31706	1
31730	1
31803	1
32019	1
32133	1
32378	1
32385	1
32488	1
32544	1
32620	1
32623	1
32624	1
32625	1
32626	1
32632	4
32633	2
32636	1
32638	1
32639	3
32640	3
32641	6
32642	10
32643	4
32644	9
32645	5
32646	1
32647	2
32648	2
32650	2
32651	1
32652	4
32655	5
32656	1
32658	2
32659	1
32661	1
32662	1
32663	1
32664	2
32665	2
32666	1
32687	1
32699	1
32701	1
32719	1
32724	1
32730	1
32732	1
32745	1
32821	1
32939	1
32970	1
32998	1
33085	1
33089	1
33108	1
33110	1
33118	9
33119	1
33135	1
33257	1
33282	1
33331	1
33483	1
33534	1
33559	1
33659	1
33673	2
33694	1
33752	1
33798	1
33859	1
33868	1
33893	1
33917	1
33922	1
33948	1
34020	1
34030	1
34032	1
34053	1
34061	1
34077	1
34130	1
34184	1
34240	1
34295	1
34312	1
34325	1
34353	1
34362	1
34370	1
34375	1
34382	1
34386	1
34387	1
34392	1
34394	1
34407	1
34412	1
34433	1
34443	1
34445	1
34452	1
34453	1
34473	2
34475	6
34495	1
34531	1
34566	1
34570	1
34710	1
34845	1
34937	1
35005	1
35096	1
35125	1
35134	1
35196	1
35284	1
35333	1
35439	1
35494	1
35509	1
35534	15
35535	13
35545	1
35576	1
35595	1
35628	1
35648	1
35651	2
35653	1
35656	2
35657	2
35658	4
35660	2
35729	1
35832	1
35885	1
36147	1
36299	1
36346	1
36385	1
36413	1
36418	1
36422	1
36424	1
36436	1
36449	1
36498	1
36504	1
36549	1
37679	1
37803	1
38037	1
38102	1
38186	1
39048	1
39156	1
39505	1
39570	1
39665	1
39699	1
39930	1
39943	1
40016	1
40199	1
40467	1
40688	1
40777	1
40791	1
40885	1
40931	1
41104	1
41122	1
41204	1
41251	1
41262	1
41329	1
41351	1
41373	1
41390	1
41467	1
41480	1
41498	1
41516	1
41523	1
41535	1
41540	1
41544	2
41545	2
41546	3
41548	1
41558	1
41618	1
41694	1
41722	1
41735	1
41739	1
41741	10
41799	1
41832	1
41861	1
41944	1
42006	1
42152	1
42261	1
42329	1
42334	1
42367	1
42378	1
42581	1
42667	1
42692	1
42712	1
42783	1
42827	1
42833	1
42851	1
42877	1
42913	1
42974	1
42991	1
43036	1
43093	1
43194	1
43232	1
43326	1
43376	1
43401	1
43430	1
43452	1
43461	1
43503	1
43515	1
43543	1
43573	1
43660	1
43681	1
43683	1
43767	1
43803	1
43811	1
43831	1
43867	1
43882	1
43891	1
43896	2
43897	1
43898	2
43899	8
43924	1
43963	1
43991	1
44014	1
44050	1
44053	1
44061	1
44064	1
44069	1
44083	1
44104	1
44107	1
44116	1
44150	1
44153	1
44159	1
44162	1
44184	2
44205	1
44206	1
44218	1
44253	1
44256	1
44267	1
44273	1
44281	1
44285	1
44630	1
44811	1
45149	1
45303	1
45467	1
45781	1
46421	1
46616	1
46847	1
48212	1
48548	1
48869	1
48887	1
49274	1
49317	1
49327	1
49608	1
49896	1
50119	1
50323	1
51641	1
51886	1
52156	1
53150	1
53275	1
53319	1
53437	1
53983	1
54163	1
54313	1
54755	1
56190	1
56278	1
56403	1
57000	1
57763	1
58065	1
58452	1
59102	1
59204	1
59395	1
59396	2
59403	1
59419	1
59420	1
59421	2
59422	9
59441	1
59505	1
59675	1
59905	1
60049	1
60072	1
60198	1
60217	1
60312	1
60318	1
60325	1
60326	1
60329	9
60605	1
60725	1
61169	1
62020	1
62066	1
62068	1
62087	2
62092	1
62093	1
62095	1
62097	1
62098	2
62099	1
62100	1
62264	1
62812	1
62889	1
63848	1
64176	1
64584	1
65029	1
66195	1
66498	1
66921	1
66928	1
67370	1
67733	1
68198	1
68335	1
68577	1
68728	1
68810	1
68849	1
68888	1
68923	1
68970	1
68971	1
69007	1
69022	1
69097	1
69105	1
69250	1
69414	1
69417	1
69469	1
69550	1
69557	1
69734	1
69801	1
69821	1
69875	1
69905	1
69936	1
69973	1
70002	1
70030	1
70055	1
70086	1
70114	1
70138	1
70172	1
70182	1
70184	1
70195	1
70232	1
70238	1
70279	1
70284	1
70302	1
70303	1
70307	1
70309	1
70314	1
70316	1
70318	1
70319	1
70322	1
70323	1
70324	1
70325	2
70336	2
70536	1
70617	1
71607	1
72415	1
72967	1
73323	1
73574	1
74065	1
74596	1
74739	1
75661	1
75742	1
77256	1
77856	1
77911	1
78215	1
78687	1
79101	1
79114	1
79236	1
80238	1
81138	1
81661	1
81934	1
82654	1
82981	1
83431	1
84107	1
84487	1
85096	1
85246	1
85670	1
86171	1
86725	1
87767	1
88130	1
88880	1
89681	1
90159	1
91205	1
92153	1
92677	1
93539	1
93703	1
95154	1
96203	1
96948	1
97394	1
98081	1
99282	1
99605	1
100715	1
101126	1
101580	1
102676	1
103024	1
103105	1
103772	1
104365	1
105122	1
105344	1
105374	1
105895	1
106266	1
106735	1
106970	1
107878	1
108332	1
108655	1
108682	1
108829	1
108957	1
108963	1
109000	1
109118	1
109128	1
109250	1
109284	1
109317	1
109338	1
109352	1
109461	1
109492	1
109504	1
109536	1
109552	1
109555	1
109743	1
109757	1
109850	1
120105	1
129158	1
130631	1
131196	1
131673	1
131882	1
131976	1
131985	1
132108	1
132137	1
132138	1
132140	5
132141	1
132142	3
