BISCUITqc CpG Depth Distribution (All)
depth	count
0	14715924
1	2560843
2	1789142
3	861717
4	610560
5	352165
6	257628
7	165288
8	124927
9	85719
10	67107
11	48229
12	39054
13	28971
14	24639
15	18417
16	16080
17	12215
18	10936
19	8437
20	7487
21	5834
22	5528
23	4447
24	4026
25	3067
26	3014
27	2271
28	2279
29	1807
30	1753
31	1307
32	1409
33	1049
34	1212
35	815
36	1009
37	704
38	851
39	605
40	668
41	448
42	542
43	449
44	566
45	376
46	476
47	307
48	373
49	282
50	344
51	256
52	310
53	214
54	304
55	179
56	259
57	196
58	245
59	161
60	219
61	154
62	231
63	152
64	168
65	115
66	190
67	166
68	159
69	128
70	169
71	112
72	164
73	115
74	169
75	78
76	151
77	90
78	119
79	92
80	119
81	120
82	103
83	80
84	98
85	81
86	79
87	77
88	98
89	72
90	72
91	93
92	85
93	69
94	82
95	62
96	86
97	63
98	78
99	61
100	65
101	69
102	75
103	50
104	81
105	71
106	77
107	46
108	48
109	49
110	61
111	50
112	78
113	50
114	74
115	50
116	71
117	47
118	54
119	42
120	63
121	34
122	61
123	42
124	58
125	43
126	57
127	35
128	53
129	39
130	54
131	49
132	46
133	35
134	43
135	45
136	42
137	39
138	44
139	35
140	44
141	35
142	55
143	40
144	36
145	25
146	29
147	26
148	27
149	37
150	28
151	20
152	35
153	23
154	27
155	30
156	20
157	36
158	41
159	19
160	26
161	16
162	17
163	23
164	32
165	20
166	31
167	19
168	22
169	20
170	26
171	24
172	25
173	21
174	27
175	17
176	17
177	19
178	14
179	14
180	18
181	17
182	18
183	12
184	27
185	14
186	29
187	14
188	27
189	18
190	27
191	19
192	26
193	17
194	14
195	16
196	28
197	16
198	21
199	17
200	16
201	14
202	18
203	11
204	17
205	23
206	17
207	18
208	11
209	12
210	16
211	9
212	16
213	9
214	23
215	12
216	17
217	11
218	9
219	12
220	19
221	12
222	19
223	11
224	21
225	9
226	18
227	11
228	19
229	13
230	13
231	16
232	22
233	5
234	18
235	8
236	12
237	10
238	10
239	13
240	15
241	2
242	22
243	18
244	9
245	17
246	15
247	8
248	4
249	14
250	17
251	16
252	12
253	20
254	15
255	13
256	21
257	7
258	12
259	10
260	7
261	11
262	19
263	9
264	11
265	4
266	19
267	13
268	7
269	15
270	15
271	6
272	11
273	11
274	9
275	11
276	9
277	9
278	8
279	13
280	12
281	7
282	9
283	7
284	12
285	14
286	13
287	15
288	11
289	6
290	14
291	12
292	7
293	5
294	7
295	8
296	7
297	5
298	13
299	6
300	13
301	17
302	12
303	5
304	12
305	17
306	12
307	8
308	6
309	8
310	3
311	6
312	4
313	17
314	8
315	6
316	4
317	8
318	11
319	10
320	7
321	7
322	5
323	7
324	4
325	15
326	9
327	10
328	11
329	4
330	2
331	3
332	11
333	11
334	9
335	6
336	9
337	8
338	8
339	7
340	6
341	8
342	6
343	4
344	4
345	7
346	6
347	9
348	6
349	6
350	11
351	5
352	7
353	5
354	4
355	5
356	9
357	8
358	7
359	3
360	9
361	3
362	5
363	7
364	7
365	12
366	4
367	7
368	7
369	6
370	9
371	8
372	2
373	2
374	8
375	10
376	3
377	2
378	4
379	9
380	4
381	8
382	9
383	4
384	5
385	1
386	3
387	3
388	5
389	5
390	10
391	5
392	9
393	6
394	5
395	8
396	7
397	6
398	6
399	6
400	3
401	5
402	8
403	2
404	10
405	6
406	5
407	4
408	10
409	6
410	7
411	7
412	9
413	6
414	7
415	3
416	4
417	7
418	10
419	4
420	9
421	9
423	12
424	3
425	2
426	4
427	5
428	8
429	4
430	7
431	5
432	7
433	4
434	6
435	5
436	9
437	5
438	1
439	5
440	6
441	3
442	7
443	5
444	5
445	5
446	12
447	4
448	2
449	4
450	14
451	8
452	6
453	4
454	4
455	9
456	9
457	2
458	5
459	7
460	8
461	9
462	2
463	4
464	5
465	1
466	3
467	6
468	10
469	4
470	5
471	5
472	5
473	8
474	5
475	3
476	4
477	5
479	5
480	1
481	3
482	5
483	3
484	7
485	5
486	4
487	1
488	8
489	4
490	10
491	4
492	9
493	13
494	6
495	2
496	2
497	2
498	7
499	2
500	5
501	5
502	9
503	1
504	6
505	12
506	2
507	6
508	5
509	4
510	6
511	3
512	5
513	4
514	4
515	8
516	1
517	3
518	2
519	3
520	4
521	4
522	3
523	3
524	6
525	6
526	3
527	3
528	4
529	4
530	9
531	3
532	10
533	7
534	7
535	4
536	6
537	4
538	3
539	6
540	4
541	3
542	3
544	4
545	2
546	4
547	3
548	5
549	1
550	7
551	1
552	4
553	4
554	6
555	4
556	2
557	2
558	3
559	2
560	6
561	2
562	4
563	3
564	3
565	1
566	2
567	1
568	1
569	7
570	2
571	2
572	9
573	5
574	6
575	8
576	5
577	3
578	4
579	4
580	2
581	1
582	2
583	1
584	4
585	3
586	4
587	2
589	8
590	5
591	4
592	6
593	6
594	3
595	11
596	3
597	3
598	5
599	6
600	5
601	3
602	1
603	7
604	3
605	3
606	2
607	6
608	5
609	3
610	5
612	5
613	6
614	2
615	2
616	4
617	8
618	3
619	3
620	3
622	3
623	1
624	4
625	1
626	2
627	5
628	2
630	1
631	5
632	2
634	2
635	2
636	3
638	3
639	1
640	2
641	4
642	4
643	1
644	1
645	3
647	1
648	2
650	1
651	6
652	2
653	3
654	2
655	1
656	1
657	2
658	3
659	2
660	1
661	1
662	2
665	2
666	2
669	1
670	2
671	2
672	3
673	3
674	3
676	2
678	2
679	1
680	4
681	3
682	1
683	2
684	6
685	2
686	1
687	3
688	3
689	2
690	1
692	3
693	2
694	2
695	1
696	1
698	2
699	1
700	1
701	1
704	2
705	1
706	2
707	3
708	4
709	4
711	3
712	2
713	2
714	2
716	3
717	1
718	1
719	1
720	1
721	1
722	1
724	1
726	5
729	1
730	2
731	2
732	2
734	2
735	1
736	3
740	1
741	1
746	1
748	2
750	1
751	1
752	1
753	2
754	3
756	2
758	3
759	4
760	2
763	4
764	1
766	3
767	1
768	2
769	1
772	2
774	2
776	1
777	1
779	1
780	1
781	4
782	2
783	1
784	1
785	3
786	3
787	1
788	2
789	1
791	1
792	1
793	2
794	3
795	3
797	2
798	1
800	1
802	1
803	3
804	1
805	1
808	1
809	1
811	1
812	1
814	1
815	1
816	1
818	2
819	1
820	1
821	2
823	2
825	2
826	1
827	6
831	1
832	3
833	1
834	2
835	1
837	2
838	2
839	3
840	1
842	1
843	2
844	2
846	1
847	1
849	1
852	3
853	2
854	2
855	2
856	1
860	1
864	1
867	2
871	2
872	2
873	1
876	3
878	2
880	4
881	2
882	2
885	1
887	1
888	4
891	1
893	2
895	1
896	2
899	2
900	2
901	1
903	1
904	1
905	2
908	1
910	1
911	2
912	2
915	2
916	1
917	2
918	2
921	2
922	1
924	1
925	3
926	2
927	1
934	2
936	2
938	3
940	2
941	3
947	1
948	3
953	1
956	1
960	1
962	1
963	1
964	1
965	1
966	1
968	2
969	1
974	3
975	1
977	1
981	1
985	1
989	1
990	1
992	1
993	1
996	1
999	1
1001	1
1004	2
1005	1
1006	1
1007	1
1010	1
1015	1
1020	1
1022	2
1023	1
1024	1
1027	1
1030	1
1032	1
1033	1
1042	1
1043	1
1044	1
1046	1
1047	1
1048	1
1049	2
1050	1
1051	2
1058	1
1059	1
1066	1
1067	1
1070	1
1073	2
1076	2
1080	1
1081	2
1083	1
1086	1
1088	1
1090	1
1091	1
1092	1
1094	2
1100	1
1101	1
1102	1
1104	1
1108	1
1109	1
1113	2
1114	1
1117	3
1120	2
1121	2
1122	3
1123	1
1124	2
1125	1
1126	1
1128	1
1136	2
1138	2
1139	1
1140	1
1145	1
1152	2
1156	1
1157	3
1158	1
1161	1
1162	3
1167	1
1169	2
1171	1
1174	1
1175	1
1176	2
1178	2
1180	1
1181	1
1185	1
1193	1
1194	1
1199	1
1202	1
1204	3
1206	1
1211	1
1213	1
1214	1
1218	1
1220	1
1224	1
1228	1
1229	2
1237	1
1239	1
1245	2
1249	1
1251	1
1253	1
1255	1
1257	1
1259	1
1264	1
1268	3
1269	1
1270	1
1271	1
1273	1
1277	1
1279	2
1280	1
1282	1
1287	1
1289	2
1291	2
1292	2
1294	2
1295	1
1296	1
1298	1
1299	2
1300	2
1301	1
1304	1
1310	1
1311	1
1312	2
1316	1
1320	1
1323	1
1324	3
1326	1
1327	1
1329	1
1330	3
1331	1
1333	1
1339	1
1340	2
1346	2
1347	2
1348	1
1353	2
1354	1
1355	1
1358	1
1359	1
1365	1
1367	1
1371	2
1372	1
1375	2
1377	2
1383	1
1387	1
1389	2
1391	1
1392	1
1395	1
1398	2
1402	3
1406	1
1411	1
1416	1
1417	1
1418	1
1419	1
1421	1
1422	2
1425	1
1430	1
1433	1
1437	1
1447	1
1448	1
1456	2
1457	2
1461	2
1465	1
1467	1
1469	1
1478	1
1479	4
1482	2
1483	1
1485	1
1487	1
1493	1
1496	1
1500	1
1504	1
1509	1
1512	1
1514	1
1515	1
1516	1
1520	1
1524	1
1534	1
1536	1
1538	2
1551	1
1555	1
1557	1
1558	3
1560	1
1562	1
1566	1
1580	1
1586	1
1590	1
1598	1
1602	1
1603	2
1605	2
1606	1
1607	1
1611	1
1615	3
1632	1
1634	1
1642	1
1643	2
1644	2
1647	1
1651	1
1658	2
1668	2
1669	1
1675	1
1690	1
1693	4
1694	4
1696	2
1698	1
1703	2
1707	1
1708	1
1712	1
1719	1
1722	1
1723	3
1734	1
1736	1
1738	1
1741	1
1745	3
1752	2
1753	1
1754	1
1761	1
1763	1
1767	1
1784	1
1786	2
1787	1
1790	1
1794	1
1796	1
1797	1
1800	1
1801	2
1802	1
1805	1
1815	1
1817	1
1822	1
1825	1
1829	1
1830	1
1840	1
1844	1
1859	2
1861	1
1882	1
1888	1
1890	1
1891	2
1893	1
1901	2
1903	3
1906	1
1907	1
1911	1
1927	1
1929	1
1932	1
1934	1
1935	1
1936	2
1944	1
1946	1
1948	1
1949	1
1950	1
1952	2
1957	1
1964	1
1971	1
1972	1
1974	1
1978	2
1983	2
1989	1
1993	1
1995	1
2001	2
2008	2
2022	2
2030	1
2053	1
2069	1
2078	1
2079	2
2098	1
2104	1
2119	1
2122	2
2127	1
2134	1
2139	1
2142	2
2144	1
2149	1
2153	1
2158	2
2159	1
2161	1
2172	1
2173	2
2179	1
2192	2
2206	1
2218	1
2223	1
2226	1
2231	1
2241	2
2248	1
2290	1
2294	1
2300	4
2305	1
2312	2
2322	1
2327	1
2331	2
2338	1
2339	1
2366	2
2375	1
2376	1
2385	1
2407	1
2410	1
2422	1
2423	1
2431	1
2455	1
2460	1
2465	1
2476	1
2511	1
2517	1
2532	2
2533	1
2534	1
2555	3
2570	6
2581	2
2589	3
2590	1
2599	1
2608	1
2614	1
2626	1
2627	1
2628	1
2629	1
2637	1
2638	1
2644	1
2645	1
2650	1
2655	1
2661	1
2664	1
2666	1
2667	2
2694	1
2698	2
2709	1
2740	1
2746	1
2747	1
2751	2
2766	2
2811	1
2812	1
2907	1
2915	1
2916	1
2928	1
2986	1
3004	1
3010	1
3015	1
3076	1
3090	1
3115	1
3132	1
3136	1
3137	1
3139	1
3158	1
3163	1
3166	1
3189	1
3190	1
3200	1
3224	1
3229	1
3235	1
3247	1
3269	1
3276	2
3282	1
3289	1
3321	1
3344	1
3363	2
3370	1
3394	1
3405	1
3407	1
3431	1
3438	1
3446	1
3454	1
3457	1
3461	1
3466	1
3468	1
3489	1
3490	1
3584	1
3588	1
3598	2
3618	1
3633	1
3646	2
3675	1
3693	1
3694	1
3702	1
3706	1
3744	1
3746	1
3781	1
3868	1
3875	1
3889	2
3892	1
3904	1
3913	1
3929	2
3963	1
4000	1
4012	1
4019	1
4022	1
4038	1
4042	1
4053	1
4054	1
4096	1
4145	2
4168	1
4244	1
4254	1
4258	1
4280	1
4300	1
4311	1
4379	1
4381	1
4423	1
4426	1
4427	1
4442	2
4448	1
4463	1
4490	1
4522	1
4563	1
4611	1
4672	1
4709	1
4754	1
4765	1
4789	1
4857	1
4896	1
4913	1
4951	1
4979	1
5009	1
5012	1
5034	1
5050	1
5085	1
5092	1
5104	1
5143	1
5235	1
5242	1
5263	1
5297	1
5435	1
5581	1
5590	1
5647	1
5676	1
5776	1
5793	1
5812	1
5824	1
5871	1
5908	1
5915	1
5977	2
5983	1
6023	1
6033	1
6072	2
6211	1
6249	1
6255	1
6283	1
6323	1
6333	1
6411	1
6417	1
6421	1
6522	1
6578	1
6886	1
6904	1
7019	1
7235	1
7306	1
7867	1
7879	1
8431	1
8534	1
8538	1
8639	1
8642	1
8656	1
8663	1
8713	1
8876	1
8924	1
8973	1
9189	1
9194	1
9405	1
9480	1
9552	1
9744	1
9777	1
9830	2
9998	1
10027	1
10052	1
10053	1
10056	1
10201	1
10553	1
10595	1
10922	1
10965	2
11155	1
11204	1
11280	2
12262	1
12265	1
12282	1
12339	1
12550	1
12710	1
12840	1
13234	1
13262	1
13474	1
13628	1
13695	1
13759	1
13764	1
13765	1
13841	1
15033	1
15042	1
15047	2
15425	1
15951	1
16150	1
17703	1
17997	1
20809	2
25740	1
25961	1
27524	1
27527	1
37239	1
41840	1
47206	1
47526	1
51236	1
53039	1
56728	1
64988	1
71311	1
81594	1
81595	1
95010	1
111369	1
129871	1
