0
0
0
0
49
58
52
40
29
42
26
23
33
21
29
31
23
36
21
17
23
32
12
17
25
32
23
7
12
19
4
25
23
21
22
18
7
13
13
18
10
11
19
10
9
18
8
9
15
13
8
8
11
18
18
15
9
2
4
8
4
2
7
19
8
10
9
9
9
9
12
12
4
7
18
5
5
3
6
8
5
5
8
5
4
6
14
3
5
12
5
2
4
11
12
4
2
4
1
1
12
8
8
7
1
4
3
4
3
3
4
6
4
6
5
4
1
8
3
8
4
11
9
6
5
1
3
3
1
7
3
3
1
1
11
2
2
7
0
4
2
3
4
5
9
4
5
0
1
3
7
2
3
1
2
3
4
0
5
2
1
1
2
4
1
0
2
1
2
6
3
6
4
2
7
3
5
2
1
7
0
0
0
2
1
0
0
1
0
1
1
2
0
3
3
4
2
10
0
2
1
2
1
1
4
2
0
1
0
1
1
3
2
1
2
0
0
1
0
2
1
1
2
2
2
1
0
0
0
0
1
2
2
1
1
0
0
5
0
1
0
0
2
0
3
2
0
0
0
4
1
0
6
0
2
4
5
0
1
3
1
1
7
5
3
0
3
2
1
2
2
0
3
1
1
5
4
0
0
5
0
1
2
0
0
0
1
1
0
0
0
0
0
1
0
2
1
0
1
1
0
1
1
0
0
2
0
0
2
0
1
0
0
0
0
0
2
0
0
0
0
0
0
0
1
0
1
0
4
1
2
0
0
0
0
0
0
0
0
0
0
1
1
0
2
0
1
0
0
1
1
1
1
0
0
0
1
0
0
1
2
1
0
0
0
2
0
0
0
0
0
0
0
0
0
1
0
1
0
1
0
0
0
0
0
3
0
0
1
0
0
0
0
0
0
1
0
3
0
0
0
0
0
0
0
1
1
1
1
0
0
0
0
12
3
0
0
0
1
1
3
1
0
0
0
0
0
1
0
2
0
0
0
0
0
0
0
0
0
0
2
0
0
0
1
0
6
0
0
0
0
0
0
0
0
0
0
0
0
0
0
0
0
0
2
0
0
0
0
1
0
0
1
0
0
1
0
0
0
0
0
0
0
0
0
1
0
1
0
0
0
0
0
0
0
0
0
0
0
70
