1.873
1.97
2.103
2.255
2.399
2.559
2.691
2.836
2.951
3.06
3.161
3.228
3.295
3.396
3.487
3.564
3.71
3.784
3.857
3.934
4.046
4.107
4.211
4.294
4.375
4.436
4.525
4.62
4.682
4.762
4.852
4.975
5.245
5.375
5.454
5.576
5.675
5.745
5.85
5.955
6.034
6.163
6.244
6.356
6.43
6.526
6.646
6.738
6.833
6.944
7.07
7.199
7.296
7.415
7.52
7.644
7.779
7.898
8.004
8.154
8.294
8.422
8.563
8.686
8.851
9.0
9.142
9.371
9.509
9.619
9.788
9.946
10.06
10.214
10.378
10.564
10.741
10.931
11.091
11.243
11.415
11.577
11.736
11.885
12.063
12.233
12.419
12.552
12.705
12.887
13.088
13.26
13.33
13.536
13.718
13.824
13.992
14.057
14.107
14.132
14.155
14.265
14.322
14.391
14.508
14.588
14.678
14.742
14.852
14.979
15.103
15.232
15.362
15.527
15.67
15.799
15.928
16.031
16.178
16.347
16.508
16.686
16.826
16.984
17.116
17.287
17.412
17.607
17.741
17.908
17.962
18.027
18.154
18.267
18.429
18.602
18.705
18.826
18.937
19.038
19.204
19.339
19.488
19.694
19.918
20.037
20.137
20.257
20.381
20.474
20.628
20.713
20.782
20.921
21.047
21.215
21.327
21.842
22.009
22.147
22.228
22.256
22.394
22.506
22.589
22.745
22.753
22.798
22.919
23.068
23.144
23.3
23.404
23.397
23.438
23.501
23.589
23.621
23.725
23.886
24.138
24.253
24.282
24.511
24.589
24.627
24.702
24.782
24.874
24.949
25.026
25.076
25.152
25.235
25.284
25.304
25.321
25.392
25.371
25.472
25.542
25.53
25.575
25.644
25.74
25.779
25.851
25.881
25.914
25.905
25.904
25.947
26.009
26.01
26.079
26.089
26.16
26.159
26.214
26.211
26.223
26.24
26.301
26.345
26.348
26.382
26.473
26.464
26.533
26.62
26.626
26.701
26.851
26.866
26.838
26.785
26.843
26.925
26.977
27.019
27.012
27.03
27.056
27.105
27.041
27.062
27.072
27.094
27.094
27.191
27.197
27.194
27.233
27.295
27.381
27.355
27.365
27.413
27.359
27.306
27.337
27.444
27.456
27.438
27.406
27.407
27.399
27.4
27.441
27.353
27.44
27.43
27.461
27.437
27.396
27.404
27.408
27.386
27.423
27.408
27.376
27.399
27.382
27.324
27.239
27.251
27.203
27.247
27.18
27.158
27.139
27.175
27.214
27.191
27.169
27.149
27.163
27.109
27.15
27.123
27.097
27.161
27.09
27.074
27.028
27.071
27.132
27.152
27.063
27.071
26.917
26.874
26.875
26.944
26.922
26.963
26.98
27.039
27.033
27.072
27.028
27.009
27.016
26.963
26.959
27.057
27.019
27.11
27.114
27.115
27.026
27.022
26.942
26.938
26.941
26.904
26.873
26.844
26.825
26.825
26.789
26.773
26.763
26.744
26.749
26.781
26.825
26.873
26.904
26.859
26.926
26.853
26.915
26.869
26.811
26.785
26.84
26.858
26.915
26.92
26.98
26.889
26.895
26.875
26.917
26.846
26.807
26.768
26.82
26.795
26.8
26.765
26.76
26.706
26.7
26.657
26.598
26.617619
26.53954
26.564564
26.565565
26.578579
26.54955
26.535536
26.515516
26.567568
26.48849
26.494495
26.492493
26.504505
26.461462
26.391392
26.34935
26.411411
26.396397
26.423424
26.445446
26.442442
26.457457
26.483484
26.541542
26.546547
26.557558
26.610611
26.611612
26.606607
26.616617
26.585585
26.63864
26.722723
26.784784
26.73974
26.793795
26.744745
26.734735
26.705706
26.654655
26.667667
26.6997
26.725725
26.735735
26.742743
26.680681
26.66967
26.677677
26.554554
26.53954
26.575575
26.536537
26.532532
26.597597
26.517517
26.55055
26.485485
26.522522
26.532532
26.555555
26.523523
26.526527
26.526527
26.569569
26.537537
26.557558
26.438438
26.436436
26.452452
26.428429
26.432432
26.437437
26.386387
26.368368
26.332333
26.3003
26.204205
26.235235
26.235235
26.205206
26.13914
26.120121
26.11111
26.105104
26.085085
26.016016
26.083082
26.028028
26.112112
26.1992
26.238237
26.182182
26.173174
26.126125
26.142141
26.148148
26.166166
26.179178
26.116116
26.104105
26.087088
26.182182
26.158157
26.09009
26.002003
26.023024
26.027027
26.083082
26.053053
26.084084
26.12112
26.13113
26.163162
26.159159
26.143143
26.172173
26.196196
26.212212
26.161161
26.171171
26.159159
26.116116
26.084084
26.036036
25.986986
25.96997
25.923923
25.877878
25.785786
25.755756
25.71872
25.685686
25.64064
25.639639
25.642643
25.614614
25.605606
25.567568
25.615616
25.5996
25.4995
25.48849
25.486486
25.457457
25.433434
25.468468
25.552553
25.559559
25.615616
25.635635
25.57958
25.510511
25.437437
25.364365
25.353354
25.286285
25.229229
25.198198
25.136137
25.108109
25.096096
25.078077
25.052052
24.964966
24.92993
24.8989
24.777779
24.725725
24.596596
24.616617
24.65065
24.586586
24.62926
24.722445
24.738478
24.728456
24.76052
24.707415
24.785572
24.749498
24.742485
24.717434
24.689379
24.632265
24.611223
24.628256
24.572144
24.65531
24.622244
24.566132
24.59519
24.582165
24.639278
24.663326
24.663992
24.676027
24.635908
24.612839
24.683048
24.725176
24.717152
24.637915
24.59679
24.614845
24.604815
24.551655
24.558676
24.530592
24.494484
24.472418
24.447342
24.388165
24.354063
24.374123
24.422266
24.363089
24.33032
24.251003
24.242971
24.227911
24.221888
24.196787
24.135542
24.114458
24.079317
24.039156
24.08534
24.045181
24.006031
24.021105
24.031157
24.039196
24.00503
24.031187
23.99497
23.988934
23.969818
23.942656
23.924547
23.938631
23.958752
23.928572
23.90141
23.967808
24.05332
24.018108
23.961771
24.027163
24.023138
24.02817
24.016096
24.06841
24.061369
24.062374
24.037224
24.100603
24.096579
24.04527
24.084507
24.096579
24.087524
24.087524
24.063381
24.001005
24.026157
24.039236
24.072435
24.129778
24.144869
24.200403
24.212488
24.229607
24.211481
24.166162
24.168177
24.19134
24.159113
24.151058
24.090635
24.104733
24.067472
24.053373
24.066465
24.06848
24.099697
24.09265
24.114803
24.011078
23.944557
23.898186
23.862764
23.884964
23.871847
23.903128
23.911201
23.921291
23.902119
23.993946
23.980827
24.0111
23.976791
24.039354
24.107971
24.037336
24.04339
24.008072
23.91221
23.962664
23.958586
23.983822
23.985844
24.012133
24.002022
24.131447
24.138523
24.197168
24.209303
24.210314
24.213346
24.158747
24.211325
24.235592
24.244692
24.24089
24.25532
24.25532
24.201622
24.224924
24.231003
24.251266
24.305977
24.270517
24.259373
24.20466
24.14691
24.123608
24.136778
24.171227
24.195541
24.110435
24.078014
24.10841
24.089159
24.095238
24.05471
24.029383
23.993921
23.994934
24.004053
23.986828
24.010132
24.045593
24.032421
24.009119
23.956434
23.931105
23.889565
23.929077
23.82776
23.85613
23.845999
23.793314
23.829786
23.851065
23.819656
23.821682
23.793314
23.71226
23.740627
23.690983
23.636272
23.657549
23.643364
23.625126
23.601824
23.647417
23.621075
23.640324
23.6643
23.62069
23.598377
23.560852
23.51724
23.488844
23.469574
23.439148
23.433502
23.512196
23.544716
23.552845
23.631098
23.577236
23.645325
23.651423
23.674797
23.693089
23.70122
23.627033
23.659554
23.588415
23.594513
23.589432
23.553862
23.587399
23.611788
23.584349
23.578253
23.591463
23.553862
23.546747
23.571138
23.595528
23.626017
23.568089
23.530487
23.496952
23.47256
23.445576
23.478128
23.387589
23.336725
23.336725
23.360123
23.403866
23.433367
23.400814
23.42116
23.446592
23.417091
23.346897
23.367243
23.396744
23.399797
23.419125
23.457783
23.467955
23.44354
23.471487
23.404278
23.415478
23.406313
23.357433
23.303463
23.272913
23.233198
23.220978
23.231161
23.230143
23.170061
23.17617
23.138493
23.142567
23.098778
23.098778
23.014257
23.015274
23.049898
23.031569
22.995926
22.970469
22.990835
22.991854
23.003056
23.004074
23.106924
23.069246
23.065172
23.069246
23.019348
23.001019
22.943993
22.897148
22.85947
22.761711
22.789206
22.771662
22.784914
22.794088
22.785933
22.771662
22.506123
22.42653
22.457144
22.50102
22.55306
22.616327
22.639795
22.62143
22.62245
22.568367
22.526531
22.482653
22.468367
22.485714
22.440817
22.356123
22.300306
22.276814
22.152197
22.28907
22.232891
22.136875
22.089888
22.115541
22.101227
22.124744
22.1227
22.056236
22.04499
22.10133
22.03173
22.082993
22.009222
22.022541
22.012295
22.075819
22.032787
22.036884
22.04923
22.077002
22.140657
22.080082
22.039015
21.971252
21.929157
21.975359
21.954826
21.858316
21.883984
21.919918
21.936344
21.918892
21.924025
21.956835
21.905447
21.894142
21.909557
21.946556
21.944502
21.884892
21.915724
21.909557
21.91367
21.924896
21.924896
21.932098
21.969135
21.945473
21.925926
21.917696
21.873457
21.795267
21.805555
21.824074
21.772635
21.705761
21.70679
21.615227
21.654322
21.685184
21.677984
21.668724
21.659466
21.604939
21.48251
21.418724
21.38889
21.356997
21.316872
21.289095
21.337448
21.18107
21.14933
21.15345
21.064882
21.013388
21.058702
21.011328
21.052578
21.18866
21.193815
21.230928
21.153608
21.131958
21.130928
21.127834
21.166151
21.14448
21.14964
21.163055
21.142414
21.146544
21.099072
21.144777
21.117891
21.169598
21.22544
21.220268
21.314375
21.266804
21.335056
21.311272
21.35574
21.404343
21.467909
21.531055
21.511387
21.467909
21.468945
21.439959
21.451345
21.471014
21.490683
21.464804
21.5176
21.510351
21.60145
21.547619
21.567287
21.602072
21.590673
21.632124
21.65664
21.678423
21.682573
21.659752
21.662863
21.71755
21.63863
21.576324
21.56445
21.578564
21.616026
21.644121
21.616026
21.620188
21.569199
21.592283
21.569344
21.574556
21.554745
21.548489
21.54953
21.65762
21.691023
21.652401
21.63883
21.667015
21.66284
21.639875
21.672234
21.624218
21.636744
21.61691
21.655172
21.703976
21.648535
21.701883
21.766737
21.725655
21.74109
21.685535
21.728512
21.730608
21.768343
21.743187
21.757862
21.77673
21.7935
21.795597
21.790356
21.798742
21.815514
21.78826
21.808176
21.816563
21.789309
21.849947
21.806925
21.820566
21.802729
21.715635
21.705141
21.67681
21.641132
21.5404
21.524658
21.5383
21.443861
21.363064
21.331932
21.30252
21.319328
21.304623
21.336134
21.360294
21.30042
21.272058
21.268139
21.365263
21.414557
21.393875
21.380148
21.33791
21.352694
21.353065
21.393234
21.440804
21.455603
21.504229
21.498943
21.483088
21.516912
21.490486
21.434462
21.411205
21.437037
21.45291
21.374603
21.35699
21.353128
21.41189
21.390657
21.41189
21.403397
21.376858
21.37792
21.33758
21.321655
21.37792
21.308918
21.29724
21.360933
21.325903
21.34501
21.39172
21.389597
21.381104
21.386412
21.387886
21.450584
21.431456
21.402763
21.427206
21.411264
21.462767
21.52766
21.469149
21.429787
21.41702
21.401064
21.415956
21.39468
21.297873
21.3
21.337593
21.355698
21.371672
21.317358
21.299574
21.298508
21.284649
21.29211
21.314499
21.294243
21.233475
21.257996
21.25507
21.26681
21.313766
21.242262
21.20406
21.215813
21.219017
21.186966
21.141026
21.1453
21.149572
21.208334
21.19658
21.166666
21.17842
21.192308
21.18483
21.26389
21.235043
21.2703
21.25
21.257479
21.2703
21.28312
21.307692
21.233974
21.230192
21.223768
21.195932
21.167202
21.15434
21.17149
21.155413
21.107182
21.155413
21.1597
21.12433
21.063236
21.007504
20.990355
20.944265
20.86388
20.802786
20.745981
20.724249
20.680258
20.714592
20.671675
20.624464
20.553648
20.56545
20.574034
20.600859
20.63412
20.58691
20.550428
20.509657
20.534334
20.524677
20.52897
20.50322
20.525751
20.467812
20.479614
20.532188
20.45279
20.477468
20.52739
20.546724
20.512352
20.539206
20.55639
20.526316
20.4565
20.44898
20.440386
20.421053
20.440386
20.396349
20.372717
20.388828
20.336197
20.356606
20.343716
20.356606
20.367348
20.38602
20.373117
20.378494
20.294624
20.315054
20.441336
20.481121
20.455233
20.432579
20.427185
20.409924
20.423948
20.417927
20.407127
20.450323
20.419006
20.36717
20.397408
20.466522
20.422247
20.37797
20.345572
20.335854
20.342333
20.478918
20.45946
20.322163
20.335135
20.316017
20.353895
20.341991
20.318182
20.262987
20.241343
20.207792
20.189394
20.18723
20.200216
20.19264
20.25
20.247835
20.242424
20.20671
20.1961
20.163597
20.221018
20.224268
20.282774
20.2026
20.169014
20.152763
20.10726
20.076923
20.001083
20.094463
20.175896
20.222584
20.244299
20.244299
20.25733
20.270359
20.294565
20.302174
20.330435
20.320652
20.294565
20.246738
20.240217
20.293478
20.297827
20.304348
20.311956
20.279348
20.243479
20.226088
20.212187
20.232862
20.236383
20.173203
20.19281
20.189543
20.147058
20.17538
20.183006
20.173203
20.126362
20.153595
20.154684
20.084967
20.062092
20.068628
20.092592
20.119825
20.117775
20.12432
20.102509
20.030535
19.980371
20.005453
19.954199
19.941113
20.009815
19.964012
19.973827
19.937841
19.902945
19.901854
19.883316
19.908398
19.897491
19.908398
19.900763
19.968374
19.954199
20.002184
20.03821
20.05786
20.028385
19.989082
19.980349
19.991266
20.024017
20.027323
20.022951
19.971584
19.983606
20.019693
20.047047
20.0
19.970394
19.95285
19.957237
19.986841
19.961622
19.970362
19.964874
20.02854
19.958288
19.936335
19.883644
19.915478
19.903402
19.972527
20.00989
20.05165
20.042856
20.07912
20.024176
20.034065
20.06044
20.073708
20.069307
20.069307
20.064907
20.006601
19.963696
19.89329
19.864538
19.871004
19.837927
19.819183
19.788313
19.790287
19.78256
19.751656
19.78808
19.759115
19.767443
19.710964
19.624584
19.635658
19.565891
19.538206
19.571428
19.58361
19.598007
19.55383
19.577137
19.567148
19.570477
19.574444
19.651112
19.636667
19.644444
19.644444
19.63889
19.62111
19.682222
19.736666
19.767778
19.795555
19.744444
19.69188
19.628475
19.612904
19.661846
19.680756
19.7208
19.64516
19.675194
19.666296
19.693764
19.691536
19.739422
19.724945
19.698217
19.699331
19.706013
19.674833
19.728285
19.71572
19.710144
19.710938
19.694973
19.743017
19.72067
19.693855
19.709497
19.6868
19.638702
19.653975
19.637892
19.587444
19.643497
19.689463
19.661434
19.705156
19.680492
19.658072
19.643497
19.627802
19.623318
19.65695
19.671524
19.698431
19.69731
19.661434
19.700672
19.74523
19.789001
19.789888
19.795506
19.744944
19.705618
19.682022
19.651686
19.58427
19.591677
19.56243
19.573679
19.633295
19.605175
19.653889
19.625704
19.629797
19.63729
19.6
19.554802
19.576923
19.5724
19.593891
19.64213
19.70068
19.6958
19.53462
19.547106
19.561363
19.611364
19.592045
19.55
19.57224
19.546076
19.584755
19.544937
19.513083
19.491468
19.574032
19.57631
19.53189
19.538725
19.535307
19.493166
19.494305
19.494305
19.506271
19.509691
19.518814
19.524515
19.522831
19.502857
19.418764
19.375286
19.345537
19.375286
19.38717
19.350515
19.447882
19.448395
19.464449
19.46101
19.46789
19.497707
19.557339
19.569954
19.661697
19.665138
19.718714
19.711826
19.786207
19.768965
19.764368
19.783909
19.75977
19.793104
19.735632
19.703447
19.7023
19.62069
19.593786
19.571922
19.566168
19.565018
19.528193
19.47526
19.42923
19.463133
19.427912
19.543253
19.580162
19.570934
19.57324
19.576212
19.534641
19.50636
19.478613
19.401155
19.36763
19.360693
19.360693
19.352602
19.354166
19.38426
19.427578
19.39861
19.417149
19.410196
19.531866
19.575897
19.617613
19.657011
19.551565
19.526072
19.50058
19.560835
19.514484
19.550406
19.588644
19.69525
19.61066
19.618773
19.586327
19.8146
19.913094
19.901506
19.876015
19.809965
19.798378
19.747393
19.78281
19.813007
19.811846
19.663183
19.643438
19.635307
19.64535
19.64535
19.625582
19.602325
19.554651
19.559301
19.54186
19.639114
19.669382
19.681025
19.710957
19.681818
19.700466
19.74329
19.738623
19.73629
19.781797
19.66472
19.718458
19.681074
19.745327
19.731308
19.74386
19.695906
19.673685
19.651463
19.616375
19.529825
19.471897
19.418034
19.323185
19.34701
19.350527
19.385698
19.35639
19.320047
19.321218
19.31184
19.314554
19.342724
19.346245
19.37676
19.342724
19.386604
19.400705
19.444183
19.488836
19.480612
19.511164
19.566393
19.561691
19.567059
19.65371
19.549528
19.544811
19.549528
19.51651
19.53184
19.542454
19.512972
19.548996
19.545454
19.544273
19.401417
19.420307
19.36954
19.448643
19.429752
19.446281
19.421986
19.48936
19.449173
19.403072
19.387707
19.364496
19.46327
19.50474
19.482227
19.504152
19.423487
19.524319
19.485172
19.457888
19.352314
19.388361
19.407364
19.397861
19.344418
19.241093
19.272295
19.286564
19.272295
19.27824
19.312723
19.285374
19.287752
19.325802
19.35434
19.390013
19.403091
19.413794
19.43044
19.438763
19.414982
19.382877
19.403091
19.40428
19.335316
19.303211
19.34126
19.40119
19.462456
19.508352
19.57706
19.587814
19.600956
19.626795
19.640718
19.601198
19.637125
19.625149
19.635492
19.564749
19.408163
19.405762
19.386555
19.446579
19.384615
19.377857
19.40313
19.448856
19.494585
19.47533
19.454874
19.399519
19.41757
19.463297
19.449398
19.436144
19.473494
19.456627
19.47229
19.55783
19.550602
19.561445
19.556627
19.587952
19.62485
19.614735
19.504232
19.48005
19.488512
19.460701
19.466747
19.442564
19.435308
19.422007
19.348248
19.287786
19.34341
19.304716
19.316807
19.287786
19.300241
19.249395
19.249395
19.288485
19.263031
19.219395
19.201212
19.14303
19.169697
19.157576
19.151516
19.197577
19.168486
19.191515
19.190304
19.179394
19.135757
19.156553
19.10801
19.099514
19.117718
19.092234
19.125153
19.12029
19.10814
19.11786
19.1531
19.194883
19.192448
19.231424
19.181707
19.155067
19.167482
19.148104
19.149326
19.189718
19.143208
19.159119
19.090576
19.034271
19.033089
19.041666
18.86397
18.86397
18.872393
18.76319
18.814268
18.789667
18.852398
18.835178
18.82903
18.886839
18.99016
18.95203
19.066422
19.076262
19.07257
19.12069
19.125616
19.118227
19.147966
19.09741
19.109877
19.110012
19.092707
19.046972
19.126081
19.139679
19.12979
19.126081
19.191832
19.253714
19.24505
19.240099
19.266088
19.304455
19.268564
19.217821
19.26518
19.2057
19.188353
19.245354
19.285006
19.29492
19.270136
19.270136
19.247831
19.27881
19.260223
19.232962
19.261461
19.242874
19.232962
19.251862
19.299007
19.299007
19.282879
19.30521
19.26923
19.342432
19.32134
19.347395
19.411692
19.360697
19.400997
19.445137
19.433916
19.4575
19.39125
19.435
19.426783
19.404255
19.381727
19.48936
19.450563
19.41677
19.382978
19.326658
19.338346
19.328321
19.322056
19.318296
19.226816
19.18421
19.16792
19.161654
19.06015
19.002506
18.984943
18.95483
18.947302
18.958595
18.973652
18.925972
18.908407
18.801756
18.84818
18.90829
18.967255
18.879093
18.812342
18.807304
18.82116
18.738035
18.667088
18.662043
18.636822
18.638083
18.6343
18.627995
18.567465
18.567636
18.469027
18.65526
18.643852
18.642586
18.591888
18.628172
18.61929
18.630241
18.641678
18.58958
18.54638
18.531132
18.562897
18.581957
18.62977
18.676846
18.707378
18.769426
18.784714
18.779337
18.822477
18.828863
18.859156
18.864277
18.915384
18.944872
18.864103
18.830769
18.80641
18.69359
18.660257
18.644417
18.661953
18.611826
18.628534
18.59383
18.493574
18.504505
18.49807
18.536083
18.536774
18.504517
18.490322
18.50646
18.484497
18.492249
18.479328
18.436693
18.387596
18.348837
18.293282
18.23385
18.260983
18.206718
18.186047
18.221216
18.218912
18.151949
18.176624
18.171429
18.153246
18.11039
18.148052
18.141558
18.157143
18.112988
18.137663
18.15974
18.159948
18.136541
18.16515
18.127438
18.149546
18.143044
18.20026
18.20026
18.211964
18.163849
18.119637
18.138021
18.115885
