
# Summary table 

Name , Value
Genome , hg19 
Date , 2016-06-01 12:56
SnpEff_version , SnpEff 3.5c (build 2014-02-21), by Pablo Cingolani
Command_line_arguments , SnpEff  hg19 -snp -s S1_ILLUMINA.merge.dedup.realign.recal.snpeff.stats S1_ILLUMINA.merge.dedup.realign.recal.vcf -csvStats 
Warnings , 116 
Number_of_lines_in_input_file, 9493
Number_of_variants_before_filter, 9510
Filter, ( ChangeType >= SNP)
Number_of_variants_filtered_out, 982
Number_of_not_variants , 0
Number_of_variants_processed , 8528
Number_of_known_variants <br>(i.e. non-empty ID) , 8021, 94.054878% 
Number_of_effects , 23359 
Genome_total_length ,3137161264 
Genome_effective_length ,3095693983 
Change_rate , 363003 

# Change rate by chromosome

Chromosome , Length , Changes , Change_rate 
1 , 249250621 , 699 , 356581
2 , 243199373 , 681 , 357120
3 , 198022430 , 452 , 438102
4 , 191154276 , 374 , 511107
5 , 180915260 , 443 , 408386
6 , 171115067 , 387 , 442157
7 , 159138663 , 369 , 431270
8 , 146364022 , 333 , 439531
9 , 141213431 , 356 , 396666
10 , 135534747 , 337 , 402180
11 , 135006516 , 515 , 262148
12 , 133851895 , 476 , 281201
13 , 115169878 , 188 , 612605
14 , 107349540 , 468 , 229379
15 , 102531392 , 296 , 346389
16 , 90354753 , 373 , 242237
17 , 81195210 , 472 , 172023
18 , 78077248 , 168 , 464745
19 , 59128983 , 440 , 134384
20 , 63025520 , 199 , 316711
21 , 48129895 , 118 , 407880
22 , 51304566 , 210 , 244307
M , 16571 , 5 , 3314
X , 155270560 , 165 , 941033
Y , 59373566 , 4 , 14843391

# Changes by type

Type, Total, Homo, Hetero
SNP , 8528 , 3608 , 4920
MNP , 0 , 0 , 0
INS , 0 , 0 , 0
DEL , 0 , 0 , 0
MIXED , 0 , 0 , 0
Interval , 0 , 0 , 0

# Effects by impact

Type , Count , Percent 
HIGH , 90 , 0.38529% 
LOW , 6855 , 29.346291% 
MODERATE , 3896 , 16.678796% 
MODIFIER , 12518 , 53.589623% 

# Effects by functional class

Type , Count , Percent 
MISSENSE , 3911 , 40.888657% 
NONSENSE , 29 , 0.303189% 
SILENT , 5625 , 58.808155% 

Missense_Silent_ratio, 0.695289

# Count by effects

Type , Count , Percent 
DOWNSTREAM , 1726 , 7.389015% 
EXON , 809 , 3.463333% 
INTERGENIC , 235 , 1.006036% 
INTRAGENIC , 302 , 1.292864% 
INTRON , 6357 , 27.21435% 
NON_SYNONYMOUS_CODING , 3896 , 16.678796% 
SPLICE_SITE_ACCEPTOR , 27 , 0.115587% 
SPLICE_SITE_DONOR , 19 , 0.081339% 
SPLICE_SITE_REGION , 1128 , 4.828974% 
START_GAINED , 102 , 0.436663% 
START_LOST , 9 , 0.038529% 
STOP_GAINED , 29 , 0.124149% 
STOP_LOST , 6 , 0.025686% 
SYNONYMOUS_CODING , 5624 , 24.076373% 
SYNONYMOUS_STOP , 1 , 0.004281% 
UPSTREAM , 996 , 4.263881% 
UTR_3_PRIME , 1430 , 6.121837% 
UTR_5_PRIME , 663 , 2.838306% 

# Count by genomic region

Type , Count , Percent 
DOWNSTREAM , 1726 , 7.389015% 
EXON , 10374 , 44.411148% 
INTERGENIC , 235 , 1.006036% 
INTRON , 6357 , 27.21435% 
NONE , 302 , 1.292864% 
SPLICE_SITE_ACCEPTOR , 27 , 0.115587% 
SPLICE_SITE_DONOR , 19 , 0.081339% 
SPLICE_SITE_REGION , 1128 , 4.828974% 
UPSTREAM , 996 , 4.263881% 
UTR_3_PRIME , 1430 , 6.121837% 
UTR_5_PRIME , 765 , 3.274969% 

# Quality 

Values , 5,6,7,8,9,10,11,12,13,14,15,16,17,18,19,20,21,22,23,24,25,26,27,28,29,30,31,32,33,34,35,36,37,38,39,40,41,42,43,44,45,46,47,48,49,50,51,52,53,54,55,56,57,58,59,60,61,62,63,64,65,66,67,68,69,70,71,72,73,74,75,76,77,78,79,80,81,82,83,84,85,86,87,88,89,90,91,92,93,94,95,96,97,98,99,100,101,102,103,104,105,106,107,108,109,110,111,112,113,114,115,116,117,118,119,120,121,122,123,124,125,126,127,128,129,130,131,132,133,134,135,136,137,138,139,140,141,142,143,144,145,146,147,148,149,150,151,152,153,154,155,156,157,158,159,160,161,162,163,164,165,166,167,168,169,170,171,172,173,174,175,176,177,178,179,180,181,182,183,184,185,186,187,188,189,190,191,192,193,194,195,196,197,198,199,200,201,202,203,204,205,206,207,208,209,210,211,212,213,214,215,216,217,218,219,220,221,222,223,224,225,226,227,228,229,230,231,232,233,234,235,236,237,238,239,240,241,242,243,244,245,246,247,248,249,250,251,252,253,254,255,256,257,258,259,260,261,262,263,264,265,266,267,268,269,270,271,272,273,274,275,276,277,278,279,280,281,282,283,284,285,286,287,288,289,290,291,292,293,294,295,296,297,298,299,300,301,302,303,304,305,306,307,308,309,310,311,312,313,314,315,316,317,318,319,320,321,322,323,324,325,326,327,328,329,330,331,332,333,334,335,336,337,338,339,340,341,342,343,344,345,346,347,348,349,350,351,352,353,354,355,356,357,358,359,360,361,362,363,364,365,366,367,368,369,370,371,372,373,374,375,376,377,378,379,380,381,382,383,384,385,386,387,388,389,390,391,392,393,394,395,396,397,398,399,400,401,402,403,404,405,406,407,408,409,410,411,412,413,414,415,416,417,418,419,420,421,422,423,424,425,426,427,428,429,430,431,432,433,434,435,436,437,438,439,440,441,442,443,444,445,446,447,448,449,450,451,452,453,454,455,456,457,458,459,460,461,462,463,464,465,466,467,468,469,470,471,472,473,474,475,476,477,478,479,480,481,482,483,484,485,486,487,488,489,490,491,492,493,494,495,496,497,498,499,500,501,502,503,504,505,506,507,508,509,510,511,512,513,514,515,516,517,518,519,520,521,522,523,524,525,526,527,528,529,530,531,532,533,534,535,536,537,538,539,540,541,542,543,544,545,546,547,548,549,550,551,552,553,554,555,556,557,558,559,560,561,562,563,564,565,566,567,568,569,570,571,572,573,574,575,576,577,578,579,580,581,582,583,584,585,586,587,588,589,590,591,592,593,594,595,596,597,598,599,600,601,602,603,604,605,606,607,608,609,610,611,612,613,614,615,616,617,618,619,620,621,622,623,624,625,626,627,628,629,630,631,632,633,634,635,636,637,638,639,640,641,642,643,644,645,646,648,649,650,651,652,653,654,655,656,657,658,659,660,661,662,663,664,665,666,667,668,669,670,671,672,673,674,675,676,677,678,679,680,682,683,684,685,686,687,688,689,690,691,692,693,694,695,696,697,698,699,700,701,702,703,704,705,706,707,708,709,710,711,712,713,714,715,716,717,718,719,720,721,722,723,724,725,726,727,728,729,730,731,732,733,734,735,736,737,738,739,740,741,742,743,744,745,746,747,748,749,750,751,752,753,754,755,756,757,758,760,761,762,763,764,765,766,767,768,769,770,771,772,773,775,776,777,779,780,781,782,783,784,785,786,787,788,789,790,791,792,793,794,795,796,797,798,800,801,802,803,804,805,806,807,808,809,810,811,812,813,814,815,816,817,818,819,820,821,822,823,824,825,826,827,828,829,830,831,832,833,834,835,836,837,838,839,841,842,843,844,845,846,847,848,849,850,851,852,853,854,855,858,859,860,861,862,863,864,865,866,867,868,869,870,871,872,873,874,875,876,877,878,879,880,881,882,883,884,885,886,887,888,889,890,891,892,893,894,896,897,898,899,900,901,902,904,905,906,907,909,910,911,912,913,914,915,916,918,919,920,921,922,923,924,925,926,927,928,929,930,931,932,933,936,937,938,939,940,941,942,943,944,945,946,947,948,949,951,953,954,955,956,957,958,959,960,961,962,963,964,965,966,967,969,971,972,973,974,975,976,979,980,981,982,983,984,985,987,988,989,990,991,992,993,994,995,996,997,998,999,1000,1001,1002,1003,1004,1005,1006,1007,1009,1010,1011,1012,1013,1014,1016,1017,1018,1020,1021,1022,1023,1025,1026,1027,1028,1030,1031,1033,1034,1035,1037,1038,1039,1041,1042,1043,1044,1045,1046,1047,1049,1050,1051,1055,1056,1057,1058,1059,1060,1061,1062,1063,1065,1066,1067,1068,1069,1071,1072,1073,1074,1075,1077,1078,1079,1081,1082,1083,1084,1085,1087,1088,1089,1090,1091,1093,1095,1097,1099,1100,1101,1102,1103,1104,1106,1110,1111,1112,1113,1114,1115,1116,1117,1118,1119,1120,1121,1122,1124,1126,1127,1129,1130,1131,1132,1133,1134,1135,1137,1138,1139,1140,1141,1144,1145,1147,1148,1149,1150,1151,1152,1153,1155,1156,1158,1159,1162,1164,1165,1166,1167,1169,1170,1171,1172,1173,1175,1176,1177,1178,1179,1180,1181,1182,1183,1184,1185,1186,1187,1188,1189,1194,1195,1196,1197,1198,1199,1202,1204,1206,1208,1209,1210,1211,1214,1215,1216,1217,1218,1219,1220,1221,1222,1225,1226,1227,1228,1231,1232,1233,1235,1237,1238,1240,1241,1243,1244,1245,1246,1247,1248,1249,1250,1251,1252,1253,1254,1255,1256,1257,1259,1260,1261,1262,1263,1264,1268,1270,1271,1272,1273,1275,1276,1278,1279,1280,1281,1284,1285,1287,1289,1290,1291,1292,1293,1295,1297,1298,1300,1301,1302,1303,1307,1308,1309,1310,1313,1314,1315,1316,1317,1318,1319,1321,1322,1323,1326,1329,1330,1331,1332,1333,1336,1338,1339,1340,1341,1342,1343,1345,1346,1347,1348,1349,1350,1351,1353,1354,1356,1357,1358,1363,1365,1366,1368,1369,1371,1372,1373,1374,1377,1378,1379,1380,1381,1382,1383,1386,1389,1390,1392,1395,1398,1400,1401,1403,1404,1405,1406,1409,1412,1415,1416,1418,1420,1422,1423,1425,1428,1429,1430,1433,1436,1437,1438,1441,1443,1444,1445,1446,1447,1448,1450,1451,1452,1454,1456,1461,1462,1464,1465,1468,1469,1470,1471,1478,1480,1481,1483,1484,1486,1487,1488,1490,1493,1494,1496,1497,1498,1499,1500,1501,1502,1504,1508,1510,1512,1514,1515,1516,1517,1518,1519,1521,1522,1523,1524,1526,1528,1529,1531,1532,1533,1534,1535,1537,1538,1539,1543,1545,1546,1547,1548,1551,1552,1553,1554,1557,1563,1564,1565,1566,1568,1570,1571,1574,1576,1578,1583,1587,1590,1591,1592,1594,1599,1601,1605,1606,1607,1608,1609,1610,1614,1618,1622,1628,1629,1630,1631,1634,1635,1636,1642,1643,1648,1650,1651,1652,1657,1660,1661,1662,1663,1667,1672,1676,1677,1678,1681,1683,1684,1691,1699,1700,1701,1702,1703,1704,1707,1708,1710,1715,1722,1724,1728,1730,1731,1739,1741,1742,1743,1746,1750,1751,1753,1754,1757,1760,1761,1762,1765,1769,1771,1778,1782,1783,1788,1791,1792,1798,1801,1809,1810,1815,1817,1823,1824,1825,1827,1833,1836,1838,1843,1846,1852,1861,1864,1867,1875,1878,1882,1883,1884,1896,1897,1898,1899,1900,1901,1906,1910,1912,1914,1922,1926,1931,1933,1934,1935,1940,1942,1950,1951,1953,1965,1968,1974,1978,1979,1981,1984,1986,1988,1989,1996,2000,2004,2005,2008,2009,2012,2013,2014,2017,2018,2019,2024,2030,2033,2034,2038,2039,2040,2044,2045,2046,2047,2048,2050,2051,2058,2067,2073,2078,2083,2085,2088,2098,2099,2115,2123,2124,2126,2131,2133,2138,2141,2145,2153,2162,2164,2172,2177,2183,2190,2194,2198,2203,2204,2210,2221,2229,2232,2233,2235,2253,2257,2261,2275,2278,2283,2286,2287,2289,2290,2296,2303,2314,2320,2327,2329,2334,2342,2343,2344,2351,2352,2353,2358,2362,2375,2383,2392,2401,2413,2415,2416,2418,2420,2423,2431,2443,2452,2474,2478,2481,2493,2503,2508,2514,2536,2571,2573,2574,2577,2581,2587,2591,2600,2612,2627,2666,2686,2689,2706,2711,2739,2740,2746,2760,2768,2773,2789,2795,2841,2845,2874,2888,2908,2932,2967,3038,3062,3112,3119,3139,3184,3207,3216,3219,3287,3330,3332,3337,3344,3519,3529,3577,3579,3597,3603,3685,3821,3961,4029,4074,4199,4239,4364,4413,4727
Count , 18,98,12,16,121,11,16,71,18,10,5,14,6,10,16,9,124,24,9,15,23,8,16,22,14,9,18,12,13,21,8,12,24,23,9,27,14,11,32,17,7,24,12,14,16,16,11,20,15,12,13,17,18,12,15,18,19,25,16,12,15,10,8,17,12,10,67,12,16,9,13,17,17,17,14,14,12,12,15,8,11,12,9,5,16,2,5,11,17,17,15,15,16,14,16,14,13,18,16,23,14,15,20,6,13,13,19,20,28,13,20,9,11,24,49,14,13,12,10,11,11,11,18,16,8,13,10,10,20,12,9,12,14,13,20,11,10,7,16,20,14,11,14,7,7,9,5,25,15,19,17,11,11,15,12,14,14,11,11,17,8,15,14,10,37,17,8,15,10,10,15,12,10,11,9,7,18,16,8,13,7,8,14,12,12,21,8,8,17,8,10,20,12,12,17,8,10,10,9,13,19,15,8,14,12,22,16,7,11,15,12,8,9,26,10,11,8,9,7,12,5,6,13,13,8,8,10,14,10,13,14,9,6,11,8,8,12,13,10,11,11,7,5,17,7,12,6,12,7,11,6,7,16,11,7,8,14,12,12,8,5,9,15,15,9,10,10,4,8,13,8,8,9,15,7,10,7,11,10,8,8,11,9,9,10,15,5,8,4,7,6,13,6,4,9,8,5,11,11,10,5,7,6,13,8,17,12,5,5,8,6,8,22,6,7,7,12,4,11,10,2,12,11,14,6,11,5,12,3,8,7,11,6,4,6,9,10,3,9,10,7,3,11,5,9,5,14,9,8,5,6,8,15,12,7,9,10,16,6,8,8,2,13,11,6,14,6,11,9,9,4,12,11,5,4,5,4,13,7,14,7,11,9,8,6,11,5,14,6,8,7,7,9,9,9,10,5,7,3,8,4,7,8,8,6,6,9,4,4,7,8,8,8,9,5,7,15,4,4,4,11,9,5,13,10,5,7,5,3,3,9,6,5,6,7,5,7,7,9,8,4,13,6,5,5,11,5,8,8,5,12,12,9,8,11,6,5,5,11,6,5,13,5,8,8,8,9,9,9,7,6,6,1,7,1,4,4,6,6,7,7,5,3,8,10,3,7,7,7,6,10,9,7,7,8,6,7,7,3,8,10,8,7,10,8,5,13,8,5,2,7,6,6,8,7,2,6,3,7,4,11,8,2,2,5,3,3,4,6,4,4,8,8,12,5,8,6,6,6,5,3,2,3,6,5,6,7,2,5,1,5,5,7,6,3,8,2,7,7,5,5,5,10,7,4,3,3,5,3,5,1,4,1,5,6,5,3,7,2,7,8,2,6,3,5,4,2,2,3,4,6,6,4,6,6,7,7,6,7,2,5,10,8,2,5,5,7,3,2,3,7,6,6,5,8,6,3,3,3,4,1,5,6,1,5,3,6,5,6,3,5,5,2,8,3,3,5,4,2,2,5,4,2,5,4,5,4,3,1,6,6,3,3,2,2,3,2,4,5,4,5,5,2,5,5,3,4,3,3,4,4,5,4,4,4,4,4,3,6,2,2,3,5,6,2,1,1,3,2,1,3,6,8,1,4,5,7,3,1,1,5,4,4,1,4,6,1,2,4,8,1,5,2,6,6,4,5,3,4,5,5,2,1,1,1,5,1,3,3,2,8,4,7,3,5,7,5,2,2,2,6,1,2,5,4,3,6,3,5,3,2,5,3,4,2,3,1,5,2,2,3,5,7,3,5,3,1,1,1,3,2,6,1,1,1,4,4,3,2,2,6,1,3,1,4,2,1,5,4,1,6,5,2,2,4,1,5,3,1,3,4,4,5,1,2,2,5,3,3,1,6,5,3,3,3,1,3,3,4,3,3,3,3,4,4,4,5,1,2,3,5,3,1,1,4,2,2,3,2,3,2,2,2,3,2,2,1,1,5,3,4,7,6,1,2,3,2,4,2,2,2,5,4,2,2,6,5,4,1,3,2,3,2,2,2,2,1,3,2,1,3,3,3,3,4,4,4,1,3,5,1,3,3,4,1,4,2,1,1,3,1,5,3,1,4,2,4,1,3,1,2,3,1,3,4,4,4,3,1,2,5,2,2,3,5,1,3,2,1,2,2,2,2,2,5,4,1,2,1,1,3,1,3,2,3,1,5,4,2,2,2,1,2,3,2,5,1,3,2,2,1,5,3,1,2,1,4,2,1,3,3,2,2,2,2,2,1,1,1,2,2,1,1,1,5,3,1,2,7,4,1,3,2,1,2,3,5,3,7,2,2,3,5,5,4,2,1,1,4,1,1,3,2,4,1,1,1,1,2,2,2,5,1,1,2,1,1,2,2,2,1,1,1,1,3,1,2,3,3,2,2,1,2,2,1,4,3,2,3,3,3,1,3,1,4,2,1,2,2,1,1,3,3,3,2,2,2,1,1,1,2,2,2,3,1,3,3,2,1,2,1,2,3,1,1,3,1,1,2,3,1,1,1,2,1,1,2,2,1,2,1,1,5,4,2,3,2,1,3,1,2,2,3,1,1,2,2,1,1,1,2,2,2,4,1,3,2,1,2,1,2,1,2,2,1,2,2,2,2,1,1,1,1,1,1,1,3,2,2,1,4,1,1,3,3,1,1,2,3,1,1,1,1,1,2,1,1,1,3,3,2,1,1,1,1,2,2,2,3,1,2,1,1,1,1,2,1,2,2,1,1,1,2,2,1,2,1,1,1,1,3,2,3,4,1,2,1,1,2,2,3,1,1,3,5,1,1,3,2,1,3,3,1,1,1,2,1,1,2,1,1,3,2,1,1,1,1,2,1,1,1,3,2,5,1,2,1,2,1,3,1,1,3,1,1,1,1,1,2,2,1,1,3,1,1,2,1,1,1,3,1,1,1,3,1,1,2,2,2,4,1,1,1,2,1,3,1,2,1,1,2,2,3,1,1,2,1,1,1,2,1,3,1,2,1,3,2,1,1,2,1,2,1,1,3,2,1,2,1,2,1,1,2,1,2,1,1,1,1,1,1,1,2,1,2,4,1,2,1,1,1,2,1,1,1,1,1,1,1,4,1,1,1,1,2,2,1,2,1,1,2,1,1,1,1,1,1,4,2,1,1,2,2,1,3,3,1,1,1,1,1,1,4,1,2,1,1,1,2,2,1,2,1,1,1,1,2,1,1,1,1,1,1,1,1,1,1,2,1,1,1,1,1,1,1,2,1,1,1,1,1,1,1,1,1,2,1,1,1,1,1,1,1,1,2,1,1,2,1,2,2,1,1,1,1,1,2,2,1,1,2,2,1,1,1,1,1,1,1,1,1,1,1,1,1,1,3,1,1,1,1,1,1,1,1,1,1,1,1,1,1,2,1,1,1,2,1,1,1,2,1,1,1,1,2,1,3,1,2,3,1,2,1,2,1,1,3,1,1,1,1,1,1,1,1,1,1,1,1,1,1,1,1,1,1,1,1,1,1,1,1,1,1,1,1,1,1,1,1,1,1,2,1,1,1,1,1,1,1,1,1,1,1,1,1,1,1,1,1,1,1,1,1,1,1,1,1,1,1,1,1,1,1,1,1,1,1,1,1,1,2,1,1,1,1,1,1,1,1,1,1,1,1,1,1,1,1,1,1,1,1,1,1,1,1,1,1,2,1,1,1,1,1,1,1,1,1,1,1,1,2,1,1,1,1,1,1,1,1,1,1,1,1,1,2,2,1,1,2,1,1,1,1,1,1,1,1,1,1,1,1,1,1,1,1,1,1,1,1,1,1,1,1,1,1,1,1,1,1,1,1,1,1,1

# Coverage

Values , 1,2,3,4,5,6,7,8,9,10,11,12,13,14,15,16,17,18,19,20,21,22,23,24,25,26,27,28,29,30,31,32,33,34,35,36,37,38,39,40,41,42,43,44,45,46,47,48,49,50,51,52,53,54,55,56,57,58,59,60,61,62,63,64,65,66,67,68,69,70,71,72,73,74,75,76,77,78,79,80,81,82,83,84,85,86,87,88,89,90,91,92,93,94,95,96,97,98,99,100,101,102,103,104,105,106,107,108,109,110,111,112,113,114,115,116,117,118,119,120,121,123,124,126,127,129,130,131,132,133,134,135,136,138,139,140,141,142,143,144,145,146,148,149,150,151,155,166,174,179,192,197,219,277
Count , 7,199,193,270,212,189,129,187,163,155,159,199,202,185,167,169,194,174,160,162,148,147,158,159,130,141,125,134,113,130,146,114,115,100,117,108,109,93,107,98,98,108,85,79,99,86,75,82,70,58,76,60,60,59,60,60,61,51,43,44,47,39,48,43,40,39,30,38,36,38,35,37,33,32,26,29,28,17,17,16,31,17,18,18,18,16,16,14,17,20,9,20,18,15,17,7,12,10,8,6,4,10,9,11,9,6,6,4,8,7,4,3,8,4,5,2,6,5,2,4,3,3,4,4,3,4,1,1,1,1,1,3,2,1,1,1,2,2,1,1,1,1,1,1,1,1,1,1,1,1,1,1,2,1

# InDel lengths


# Base changes

base  , A  , C  , G  , T 
 A  , 0  , 245  , 1459  , 190 
 C  , 366  , 0  , 411  , 1557 
 G  , 1650  , 419  , 0  , 316 
 T  , 181  , 1486  , 248  , 0 

# Ts/Tv summary

Transitions , 6152 
Transversions , 2376 
Ts_Tv_ratio , 2.589226

# Ts/Tv : All variants

Sample ,S1_ILLUMINA,Total
Transitions ,8756,8756
Transversions ,3380,3380
Ts/Tv ,2.591,2.591


# Ts/Tv : Known variants

Sample ,S1_ILLUMINA,Total
Transitions ,8506,8506
Transversions ,3056,3056
Ts/Tv ,2.783,2.783


# Allele frequency

# Allele frequency : All variants

Values , 1,2
Count , 4920,3608

# Allele frequency : Known variants

Values , 1,2
Count , 4480,3541

# Codon change table
	
codons  , AAA  , AAC  , AAG  , AAT  , ACA  , ACC  , ACG  , ACT  , AGA  , AGC  , AGG  , AGT  , ATA  , ATC  , ATG  , ATT  , CAA  , CAC  , CAG  , CAT  , CCA  , CCC  , CCG  , CCT  , CGA  , CGC  , CGG  , CGT  , CTA  , CTC  , CTG  , CTT  , GAA  , GAC  , GAG  , GAT  , GCA  , GCC  , GCG  , GCT  , GGA  , GGC  , GGG  , GGT  , GTA  , GTC  , GTG  , GTT  , TAA  , TAC  , TAG  , TAT  , TCA  , TCC  , TCG  , TCT  , TGA  , TGC  , TGG  , TGT  , TTA  , TTC  , TTG  , TTT 
 AAA   , 0  , 1  , 53  , 6  , 2  , 0  , 0  , 0  , 28  , 0  , 0  , 0  , 1  , 0  , 0  , 0  , 0  , 0  , 0  , 0  , 0  , 0  , 0  , 0  , 0  , 0  , 0  , 0  , 0  , 0  , 0  , 0  , 29  , 0  , 0  , 0  , 0  , 0  , 0  , 0  , 0  , 0  , 0  , 0  , 0  , 0  , 0  , 0  , 0  , 0  , 0  , 0  , 0  , 0  , 0  , 0  , 0  , 0  , 0  , 0  , 0  , 0  , 0  , 0 
 AAC   , 10  , 0  , 6  , 144  , 0  , 8  , 0  , 0  , 0  , 22  , 0  , 0  , 0  , 2  , 0  , 0  , 0  , 3  , 0  , 0  , 0  , 0  , 0  , 0  , 0  , 0  , 0  , 0  , 0  , 0  , 0  , 0  , 0  , 11  , 0  , 0  , 0  , 0  , 0  , 0  , 0  , 0  , 0  , 0  , 0  , 0  , 0  , 0  , 0  , 0  , 0  , 0  , 0  , 0  , 0  , 0  , 0  , 0  , 0  , 0  , 0  , 0  , 0  , 0 
 AAG   , 73  , 9  , 0  , 5  , 0  , 0  , 2  , 0  , 0  , 0  , 20  , 0  , 0  , 0  , 0  , 0  , 0  , 0  , 5  , 0  , 0  , 0  , 0  , 0  , 0  , 0  , 0  , 0  , 0  , 0  , 0  , 0  , 0  , 0  , 12  , 0  , 0  , 0  , 0  , 0  , 0  , 0  , 0  , 0  , 0  , 0  , 0  , 0  , 0  , 0  , 0  , 0  , 0  , 0  , 0  , 0  , 0  , 0  , 0  , 0  , 0  , 0  , 0  , 0 
 AAT   , 1  , 71  , 1  , 0  , 0  , 0  , 0  , 1  , 0  , 0  , 0  , 22  , 0  , 0  , 0  , 3  , 0  , 0  , 0  , 2  , 0  , 0  , 0  , 0  , 0  , 0  , 0  , 0  , 0  , 0  , 0  , 0  , 0  , 0  , 0  , 20  , 0  , 0  , 0  , 0  , 0  , 0  , 0  , 0  , 0  , 0  , 0  , 0  , 0  , 0  , 0  , 1  , 0  , 0  , 0  , 0  , 0  , 0  , 0  , 0  , 0  , 0  , 0  , 0 
 ACA   , 0  , 0  , 0  , 0  , 0  , 13  , 126  , 2  , 1  , 0  , 0  , 0  , 12  , 0  , 0  , 0  , 0  , 0  , 0  , 0  , 3  , 0  , 0  , 0  , 0  , 0  , 0  , 0  , 0  , 0  , 0  , 0  , 0  , 0  , 0  , 0  , 24  , 0  , 0  , 0  , 0  , 0  , 0  , 0  , 0  , 0  , 0  , 0  , 0  , 0  , 0  , 0  , 3  , 0  , 0  , 0  , 0  , 0  , 0  , 0  , 0  , 0  , 0  , 0 
 ACC   , 0  , 2  , 0  , 0  , 20  , 0  , 15  , 124  , 0  , 4  , 0  , 0  , 0  , 18  , 0  , 0  , 0  , 0  , 0  , 0  , 0  , 10  , 0  , 0  , 0  , 0  , 0  , 0  , 0  , 0  , 0  , 0  , 0  , 0  , 0  , 0  , 0  , 42  , 0  , 0  , 0  , 0  , 0  , 0  , 0  , 0  , 0  , 0  , 0  , 0  , 0  , 0  , 0  , 8  , 0  , 0  , 0  , 0  , 0  , 0  , 0  , 0  , 0  , 0 
 ACG   , 0  , 0  , 1  , 0  , 147  , 7  , 0  , 7  , 0  , 0  , 1  , 0  , 0  , 0  , 55  , 0  , 0  , 0  , 0  , 0  , 0  , 0  , 5  , 0  , 0  , 0  , 0  , 0  , 0  , 0  , 0  , 0  , 0  , 0  , 0  , 0  , 0  , 0  , 8  , 0  , 0  , 0  , 0  , 0  , 0  , 0  , 0  , 0  , 0  , 0  , 0  , 0  , 0  , 0  , 2  , 0  , 0  , 0  , 0  , 0  , 0  , 0  , 0  , 0 
 ACT   , 0  , 0  , 0  , 9  , 5  , 108  , 15  , 0  , 0  , 0  , 0  , 9  , 0  , 0  , 0  , 22  , 0  , 0  , 0  , 0  , 0  , 0  , 0  , 6  , 0  , 0  , 0  , 0  , 0  , 0  , 0  , 0  , 0  , 0  , 0  , 0  , 0  , 0  , 0  , 18  , 0  , 0  , 0  , 0  , 0  , 0  , 0  , 0  , 0  , 0  , 0  , 0  , 0  , 0  , 0  , 0  , 0  , 0  , 0  , 0  , 0  , 0  , 0  , 0 
 AGA   , 20  , 0  , 0  , 0  , 6  , 0  , 0  , 0  , 0  , 2  , 21  , 4  , 0  , 0  , 0  , 0  , 0  , 0  , 0  , 0  , 0  , 0  , 0  , 0  , 10  , 0  , 0  , 0  , 0  , 0  , 0  , 0  , 0  , 0  , 0  , 0  , 0  , 0  , 0  , 0  , 11  , 0  , 0  , 0  , 0  , 0  , 0  , 0  , 0  , 0  , 0  , 0  , 0  , 0  , 0  , 0  , 0  , 0  , 0  , 0  , 0  , 0  , 0  , 0 
 AGC   , 0  , 36  , 0  , 0  , 0  , 16  , 0  , 0  , 6  , 0  , 12  , 73  , 0  , 9  , 0  , 0  , 0  , 0  , 0  , 0  , 0  , 0  , 0  , 0  , 0  , 1  , 0  , 0  , 0  , 0  , 0  , 0  , 0  , 0  , 0  , 0  , 0  , 0  , 0  , 0  , 0  , 27  , 0  , 0  , 0  , 0  , 0  , 0  , 0  , 0  , 0  , 0  , 0  , 0  , 0  , 0  , 0  , 2  , 0  , 0  , 0  , 0  , 0  , 0 
 AGG   , 0  , 0  , 20  , 0  , 0  , 0  , 4  , 0  , 37  , 5  , 0  , 7  , 0  , 0  , 2  , 0  , 0  , 0  , 0  , 0  , 0  , 0  , 0  , 0  , 0  , 0  , 10  , 0  , 0  , 0  , 0  , 0  , 0  , 0  , 0  , 0  , 0  , 0  , 0  , 0  , 0  , 0  , 12  , 0  , 0  , 0  , 0  , 0  , 0  , 0  , 0  , 0  , 0  , 0  , 0  , 0  , 0  , 0  , 0  , 0  , 0  , 0  , 0  , 0 
 AGT   , 0  , 0  , 0  , 52  , 0  , 0  , 0  , 11  , 0  , 60  , 0  , 0  , 0  , 0  , 0  , 4  , 0  , 0  , 0  , 0  , 0  , 0  , 0  , 0  , 0  , 0  , 0  , 4  , 0  , 0  , 0  , 0  , 0  , 0  , 0  , 0  , 0  , 0  , 0  , 0  , 0  , 0  , 0  , 25  , 0  , 0  , 0  , 0  , 0  , 0  , 0  , 0  , 0  , 0  , 0  , 0  , 0  , 0  , 0  , 4  , 0  , 0  , 0  , 0 
 ATA   , 0  , 0  , 0  , 0  , 14  , 0  , 0  , 0  , 0  , 0  , 0  , 0  , 0  , 10  , 8  , 1  , 0  , 0  , 0  , 0  , 0  , 0  , 0  , 0  , 0  , 0  , 0  , 0  , 1  , 0  , 0  , 0  , 0  , 0  , 0  , 0  , 0  , 0  , 0  , 0  , 0  , 0  , 0  , 0  , 27  , 0  , 0  , 0  , 0  , 0  , 0  , 0  , 0  , 0  , 0  , 0  , 0  , 0  , 0  , 0  , 6  , 0  , 0  , 0 
 ATC   , 0  , 3  , 0  , 0  , 0  , 13  , 0  , 0  , 0  , 2  , 0  , 0  , 19  , 0  , 7  , 73  , 0  , 0  , 0  , 0  , 0  , 0  , 0  , 0  , 0  , 0  , 0  , 0  , 0  , 3  , 0  , 0  , 0  , 0  , 0  , 0  , 0  , 0  , 0  , 0  , 0  , 0  , 0  , 0  , 0  , 44  , 0  , 0  , 0  , 0  , 0  , 0  , 0  , 0  , 0  , 0  , 0  , 0  , 0  , 0  , 0  , 9  , 0  , 0 
 ATG   , 0  , 0  , 3  , 0  , 0  , 0  , 47  , 0  , 0  , 0  , 0  , 0  , 31  , 1  , 0  , 1  , 0  , 0  , 0  , 0  , 0  , 0  , 0  , 0  , 0  , 0  , 0  , 0  , 0  , 0  , 5  , 0  , 0  , 0  , 0  , 0  , 0  , 0  , 0  , 0  , 0  , 0  , 0  , 0  , 0  , 0  , 79  , 0  , 0  , 0  , 0  , 0  , 0  , 0  , 0  , 0  , 0  , 0  , 0  , 0  , 0  , 0  , 2  , 0 
 ATT   , 0  , 0  , 0  , 1  , 0  , 0  , 0  , 14  , 0  , 0  , 0  , 2  , 2  , 59  , 0  , 0  , 0  , 0  , 0  , 0  , 0  , 0  , 0  , 0  , 0  , 0  , 0  , 0  , 0  , 0  , 0  , 2  , 0  , 0  , 0  , 0  , 0  , 0  , 0  , 0  , 0  , 0  , 0  , 0  , 0  , 0  , 0  , 40  , 0  , 0  , 0  , 0  , 0  , 0  , 0  , 0  , 0  , 0  , 0  , 0  , 0  , 0  , 0  , 3 
 CAA   , 15  , 0  , 0  , 0  , 0  , 0  , 0  , 0  , 0  , 0  , 0  , 0  , 0  , 0  , 0  , 0  , 0  , 10  , 57  , 5  , 7  , 0  , 0  , 0  , 25  , 0  , 0  , 0  , 0  , 0  , 0  , 0  , 21  , 0  , 0  , 0  , 0  , 0  , 0  , 0  , 0  , 0  , 0  , 0  , 0  , 0  , 0  , 0  , 1  , 0  , 0  , 0  , 0  , 0  , 0  , 0  , 0  , 0  , 0  , 0  , 0  , 0  , 0  , 0 
 CAC   , 0  , 1  , 0  , 0  , 0  , 0  , 0  , 0  , 0  , 0  , 0  , 0  , 0  , 0  , 0  , 0  , 6  , 0  , 18  , 96  , 0  , 7  , 0  , 0  , 0  , 37  , 0  , 0  , 0  , 0  , 0  , 0  , 0  , 3  , 0  , 0  , 0  , 0  , 0  , 0  , 0  , 0  , 0  , 0  , 0  , 0  , 0  , 0  , 0  , 8  , 0  , 0  , 0  , 0  , 0  , 0  , 0  , 0  , 0  , 0  , 0  , 0  , 0  , 0 
 CAG   , 0  , 0  , 4  , 0  , 0  , 0  , 0  , 0  , 0  , 0  , 0  , 0  , 0  , 0  , 0  , 0  , 88  , 8  , 0  , 8  , 0  , 0  , 4  , 0  , 0  , 0  , 78  , 0  , 0  , 0  , 10  , 0  , 0  , 0  , 8  , 0  , 0  , 0  , 0  , 0  , 0  , 0  , 0  , 0  , 0  , 0  , 0  , 0  , 0  , 0  , 5  , 0  , 0  , 0  , 0  , 0  , 0  , 0  , 0  , 0  , 0  , 0  , 0  , 0 
 CAT   , 0  , 0  , 0  , 1  , 0  , 0  , 0  , 0  , 0  , 0  , 0  , 0  , 0  , 0  , 0  , 0  , 2  , 98  , 7  , 0  , 0  , 0  , 0  , 1  , 0  , 0  , 0  , 33  , 0  , 0  , 0  , 1  , 0  , 0  , 0  , 7  , 0  , 0  , 0  , 0  , 0  , 0  , 0  , 0  , 0  , 0  , 0  , 0  , 0  , 0  , 0  , 13  , 0  , 0  , 0  , 0  , 0  , 0  , 0  , 0  , 0  , 0  , 0  , 0 
 CCA   , 0  , 0  , 0  , 0  , 14  , 0  , 0  , 0  , 0  , 0  , 0  , 0  , 0  , 0  , 0  , 0  , 4  , 0  , 0  , 0  , 0  , 25  , 125  , 4  , 4  , 0  , 0  , 0  , 12  , 0  , 0  , 0  , 0  , 0  , 0  , 0  , 10  , 0  , 0  , 0  , 0  , 0  , 0  , 0  , 0  , 0  , 0  , 0  , 0  , 0  , 0  , 0  , 17  , 0  , 0  , 0  , 0  , 0  , 0  , 0  , 0  , 0  , 0  , 0 
 CCC   , 0  , 0  , 0  , 0  , 0  , 4  , 0  , 0  , 0  , 0  , 0  , 0  , 0  , 0  , 0  , 0  , 0  , 2  , 0  , 0  , 28  , 0  , 14  , 102  , 0  , 10  , 0  , 0  , 0  , 27  , 0  , 0  , 0  , 0  , 0  , 0  , 0  , 7  , 0  , 0  , 0  , 0  , 0  , 0  , 0  , 0  , 0  , 0  , 0  , 0  , 0  , 0  , 0  , 17  , 0  , 0  , 0  , 0  , 0  , 0  , 0  , 0  , 0  , 0 
 CCG   , 0  , 0  , 0  , 0  , 0  , 0  , 0  , 0  , 0  , 0  , 0  , 0  , 0  , 0  , 0  , 0  , 0  , 0  , 4  , 0  , 96  , 26  , 0  , 11  , 0  , 0  , 4  , 0  , 0  , 0  , 38  , 0  , 0  , 0  , 0  , 0  , 0  , 0  , 1  , 0  , 0  , 0  , 0  , 0  , 0  , 0  , 0  , 0  , 0  , 0  , 0  , 0  , 0  , 0  , 6  , 0  , 0  , 0  , 0  , 0  , 0  , 0  , 0  , 0 
 CCT   , 0  , 0  , 0  , 0  , 0  , 0  , 0  , 14  , 0  , 0  , 0  , 0  , 0  , 0  , 0  , 0  , 0  , 0  , 0  , 4  , 5  , 116  , 8  , 0  , 0  , 0  , 0  , 3  , 0  , 0  , 0  , 12  , 0  , 0  , 0  , 0  , 0  , 0  , 0  , 14  , 0  , 0  , 0  , 0  , 0  , 0  , 0  , 0  , 0  , 0  , 0  , 0  , 0  , 0  , 0  , 11  , 0  , 0  , 0  , 0  , 0  , 0  , 0  , 0 
 CGA   , 0  , 0  , 0  , 0  , 0  , 0  , 0  , 0  , 5  , 0  , 0  , 0  , 0  , 0  , 0  , 0  , 51  , 0  , 0  , 0  , 5  , 0  , 0  , 0  , 0  , 7  , 29  , 5  , 1  , 0  , 0  , 0  , 0  , 0  , 0  , 0  , 0  , 0  , 0  , 0  , 0  , 0  , 0  , 0  , 0  , 0  , 0  , 0  , 0  , 0  , 0  , 0  , 0  , 0  , 0  , 0  , 2  , 0  , 0  , 0  , 0  , 0  , 0  , 0 
 CGC   , 0  , 0  , 0  , 0  , 0  , 0  , 0  , 0  , 0  , 3  , 0  , 0  , 0  , 0  , 0  , 0  , 0  , 58  , 0  , 0  , 0  , 2  , 0  , 0  , 12  , 0  , 10  , 34  , 0  , 7  , 0  , 0  , 0  , 0  , 0  , 0  , 0  , 0  , 0  , 0  , 0  , 7  , 0  , 0  , 0  , 0  , 0  , 0  , 0  , 0  , 0  , 0  , 0  , 0  , 0  , 0  , 0  , 24  , 0  , 0  , 0  , 0  , 0  , 0 
 CGG   , 0  , 0  , 0  , 0  , 0  , 0  , 0  , 0  , 0  , 0  , 46  , 0  , 0  , 0  , 0  , 0  , 0  , 0  , 96  , 0  , 0  , 0  , 10  , 0  , 14  , 10  , 0  , 13  , 0  , 0  , 5  , 0  , 0  , 0  , 0  , 0  , 0  , 0  , 0  , 0  , 0  , 0  , 2  , 0  , 0  , 0  , 0  , 0  , 0  , 0  , 0  , 0  , 0  , 0  , 0  , 0  , 0  , 0  , 37  , 0  , 0  , 0  , 0  , 0 
 CGT   , 0  , 0  , 0  , 0  , 0  , 0  , 0  , 0  , 0  , 0  , 0  , 2  , 0  , 0  , 0  , 0  , 0  , 0  , 0  , 42  , 0  , 0  , 0  , 5  , 3  , 31  , 5  , 0  , 0  , 0  , 0  , 0  , 0  , 0  , 0  , 0  , 0  , 0  , 0  , 0  , 0  , 0  , 0  , 3  , 0  , 0  , 0  , 0  , 0  , 0  , 0  , 0  , 0  , 0  , 0  , 0  , 0  , 0  , 0  , 15  , 0  , 0  , 0  , 0 
 CTA   , 0  , 0  , 0  , 0  , 0  , 0  , 0  , 0  , 0  , 0  , 0  , 0  , 3  , 0  , 0  , 0  , 0  , 0  , 0  , 0  , 5  , 0  , 0  , 0  , 1  , 0  , 0  , 0  , 0  , 6  , 67  , 3  , 0  , 0  , 0  , 0  , 0  , 0  , 0  , 0  , 0  , 0  , 0  , 0  , 4  , 0  , 0  , 0  , 0  , 0  , 0  , 0  , 0  , 0  , 0  , 0  , 0  , 0  , 0  , 0  , 11  , 0  , 0  , 0 
 CTC   , 0  , 0  , 0  , 0  , 0  , 0  , 0  , 0  , 0  , 0  , 0  , 0  , 0  , 3  , 0  , 0  , 0  , 14  , 0  , 0  , 0  , 2  , 0  , 0  , 0  , 3  , 0  , 0  , 12  , 0  , 58  , 111  , 0  , 0  , 0  , 0  , 0  , 0  , 0  , 0  , 0  , 0  , 0  , 0  , 0  , 7  , 0  , 0  , 0  , 0  , 0  , 0  , 0  , 0  , 0  , 0  , 0  , 0  , 0  , 0  , 0  , 13  , 0  , 0 
 CTG   , 0  , 0  , 0  , 0  , 0  , 0  , 0  , 0  , 0  , 0  , 0  , 0  , 0  , 0  , 16  , 0  , 0  , 0  , 7  , 0  , 0  , 0  , 30  , 0  , 0  , 0  , 4  , 0  , 77  , 33  , 0  , 27  , 0  , 0  , 0  , 0  , 0  , 0  , 0  , 0  , 0  , 0  , 0  , 0  , 0  , 0  , 13  , 0  , 0  , 0  , 0  , 0  , 0  , 0  , 0  , 0  , 0  , 0  , 0  , 0  , 0  , 0  , 75  , 0 
 CTT   , 0  , 0  , 0  , 0  , 0  , 0  , 0  , 0  , 0  , 0  , 0  , 0  , 0  , 0  , 0  , 1  , 0  , 0  , 0  , 1  , 0  , 0  , 0  , 10  , 0  , 0  , 0  , 1  , 3  , 25  , 9  , 0  , 0  , 0  , 0  , 0  , 0  , 0  , 0  , 0  , 0  , 0  , 0  , 0  , 0  , 0  , 0  , 5  , 0  , 0  , 0  , 0  , 0  , 0  , 0  , 0  , 0  , 0  , 0  , 0  , 0  , 0  , 0  , 5 
 GAA   , 17  , 0  , 0  , 0  , 0  , 0  , 0  , 0  , 0  , 0  , 0  , 0  , 0  , 0  , 0  , 0  , 11  , 0  , 0  , 0  , 0  , 0  , 0  , 0  , 0  , 0  , 0  , 0  , 0  , 0  , 0  , 0  , 0  , 22  , 94  , 1  , 7  , 0  , 0  , 0  , 20  , 0  , 0  , 0  , 1  , 0  , 0  , 0  , 7  , 0  , 0  , 0  , 0  , 0  , 0  , 0  , 0  , 0  , 0  , 0  , 0  , 0  , 0  , 0 
 GAC   , 0  , 22  , 0  , 0  , 0  , 0  , 0  , 0  , 0  , 0  , 0  , 0  , 0  , 0  , 0  , 0  , 0  , 3  , 0  , 0  , 0  , 0  , 0  , 0  , 0  , 0  , 0  , 0  , 0  , 0  , 0  , 0  , 13  , 0  , 13  , 152  , 0  , 2  , 0  , 0  , 0  , 16  , 0  , 0  , 0  , 0  , 0  , 0  , 0  , 1  , 0  , 0  , 0  , 0  , 0  , 0  , 0  , 0  , 0  , 0  , 0  , 0  , 0  , 0 
 GAG   , 0  , 0  , 28  , 0  , 0  , 0  , 0  , 0  , 0  , 0  , 0  , 0  , 0  , 0  , 0  , 0  , 0  , 0  , 10  , 0  , 0  , 0  , 0  , 0  , 0  , 0  , 0  , 0  , 0  , 0  , 0  , 0  , 93  , 18  , 0  , 8  , 0  , 0  , 2  , 0  , 0  , 0  , 12  , 0  , 0  , 0  , 7  , 0  , 0  , 0  , 0  , 0  , 0  , 0  , 0  , 0  , 0  , 0  , 0  , 0  , 0  , 0  , 0  , 0 
 GAT   , 0  , 0  , 0  , 14  , 0  , 0  , 0  , 0  , 0  , 0  , 0  , 0  , 0  , 0  , 0  , 0  , 0  , 0  , 0  , 11  , 0  , 0  , 0  , 0  , 0  , 0  , 0  , 0  , 0  , 0  , 0  , 0  , 7  , 163  , 12  , 0  , 0  , 0  , 0  , 1  , 0  , 0  , 0  , 14  , 0  , 0  , 0  , 1  , 0  , 0  , 0  , 5  , 0  , 0  , 0  , 0  , 0  , 0  , 0  , 0  , 0  , 0  , 0  , 0 
 GCA   , 0  , 0  , 0  , 0  , 49  , 0  , 0  , 0  , 0  , 0  , 0  , 0  , 0  , 0  , 0  , 0  , 0  , 0  , 0  , 0  , 5  , 0  , 0  , 0  , 0  , 0  , 0  , 0  , 0  , 0  , 0  , 0  , 8  , 0  , 0  , 0  , 0  , 24  , 113  , 7  , 4  , 0  , 0  , 0  , 14  , 0  , 0  , 0  , 0  , 0  , 0  , 0  , 3  , 0  , 0  , 0  , 0  , 0  , 0  , 0  , 0  , 0  , 0  , 0 
 GCC   , 0  , 0  , 0  , 0  , 0  , 37  , 0  , 0  , 0  , 0  , 0  , 0  , 0  , 0  , 0  , 0  , 0  , 0  , 0  , 0  , 0  , 14  , 0  , 0  , 0  , 0  , 0  , 0  , 0  , 0  , 0  , 0  , 0  , 1  , 0  , 0  , 33  , 0  , 12  , 138  , 0  , 10  , 0  , 0  , 0  , 34  , 0  , 0  , 0  , 0  , 0  , 0  , 0  , 10  , 0  , 0  , 0  , 0  , 0  , 0  , 0  , 0  , 0  , 0 
 GCG   , 0  , 0  , 0  , 0  , 0  , 0  , 9  , 0  , 0  , 0  , 0  , 0  , 0  , 0  , 0  , 0  , 0  , 0  , 0  , 0  , 0  , 0  , 2  , 0  , 0  , 0  , 0  , 0  , 0  , 0  , 0  , 0  , 0  , 0  , 6  , 0  , 173  , 22  , 0  , 12  , 0  , 0  , 2  , 0  , 0  , 0  , 66  , 0  , 0  , 0  , 0  , 0  , 0  , 0  , 6  , 0  , 0  , 0  , 0  , 0  , 0  , 0  , 0  , 0 
 GCT   , 0  , 0  , 0  , 0  , 0  , 0  , 0  , 20  , 0  , 0  , 0  , 0  , 0  , 0  , 0  , 0  , 0  , 0  , 0  , 0  , 0  , 0  , 0  , 16  , 0  , 0  , 0  , 0  , 0  , 0  , 0  , 0  , 0  , 0  , 0  , 2  , 7  , 136  , 42  , 0  , 0  , 0  , 0  , 2  , 0  , 0  , 0  , 10  , 0  , 0  , 0  , 0  , 0  , 0  , 0  , 13  , 0  , 0  , 0  , 0  , 0  , 0  , 0  , 0 
 GGA   , 0  , 0  , 0  , 0  , 0  , 0  , 0  , 0  , 23  , 0  , 0  , 0  , 0  , 0  , 0  , 0  , 0  , 0  , 0  , 0  , 0  , 0  , 0  , 0  , 1  , 0  , 0  , 0  , 0  , 0  , 0  , 0  , 4  , 0  , 0  , 0  , 2  , 0  , 0  , 0  , 0  , 23  , 45  , 2  , 1  , 0  , 0  , 0  , 0  , 0  , 0  , 0  , 0  , 0  , 0  , 0  , 2  , 0  , 0  , 0  , 0  , 0  , 0  , 0 
 GGC   , 0  , 0  , 0  , 0  , 0  , 0  , 0  , 0  , 0  , 37  , 0  , 0  , 0  , 0  , 0  , 0  , 0  , 0  , 0  , 0  , 0  , 0  , 0  , 0  , 0  , 2  , 0  , 0  , 0  , 0  , 0  , 0  , 0  , 23  , 0  , 0  , 0  , 10  , 0  , 0  , 27  , 0  , 16  , 91  , 0  , 7  , 0  , 0  , 0  , 0  , 0  , 0  , 0  , 0  , 0  , 0  , 0  , 5  , 0  , 0  , 0  , 0  , 0  , 0 
 GGG   , 0  , 0  , 0  , 0  , 0  , 0  , 0  , 0  , 0  , 0  , 12  , 0  , 0  , 0  , 0  , 0  , 0  , 0  , 0  , 0  , 0  , 0  , 0  , 0  , 0  , 0  , 1  , 0  , 0  , 0  , 0  , 0  , 0  , 0  , 8  , 0  , 0  , 0  , 4  , 0  , 34  , 17  , 0  , 18  , 0  , 0  , 4  , 0  , 0  , 0  , 0  , 0  , 0  , 0  , 0  , 0  , 0  , 0  , 2  , 0  , 0  , 0  , 0  , 0 
 GGT   , 0  , 0  , 0  , 0  , 0  , 0  , 0  , 0  , 0  , 0  , 0  , 36  , 0  , 0  , 0  , 0  , 0  , 0  , 0  , 0  , 0  , 0  , 0  , 0  , 0  , 0  , 0  , 5  , 0  , 0  , 0  , 0  , 0  , 0  , 0  , 6  , 0  , 0  , 0  , 2  , 9  , 73  , 5  , 0  , 0  , 0  , 0  , 12  , 0  , 0  , 0  , 0  , 0  , 0  , 0  , 0  , 0  , 0  , 0  , 4  , 0  , 0  , 0  , 0 
 GTA   , 0  , 0  , 0  , 0  , 0  , 0  , 0  , 0  , 0  , 0  , 0  , 0  , 23  , 0  , 0  , 0  , 0  , 0  , 0  , 0  , 0  , 0  , 0  , 0  , 0  , 0  , 0  , 0  , 3  , 0  , 0  , 0  , 8  , 0  , 0  , 0  , 10  , 0  , 0  , 0  , 1  , 0  , 0  , 0  , 0  , 2  , 50  , 7  , 0  , 0  , 0  , 0  , 0  , 0  , 0  , 0  , 0  , 0  , 0  , 0  , 4  , 0  , 0  , 0 
 GTC   , 0  , 0  , 0  , 0  , 0  , 0  , 0  , 0  , 0  , 0  , 0  , 0  , 0  , 59  , 0  , 0  , 0  , 0  , 0  , 0  , 0  , 0  , 0  , 0  , 0  , 0  , 0  , 0  , 0  , 1  , 0  , 0  , 0  , 3  , 0  , 0  , 0  , 27  , 0  , 0  , 0  , 3  , 0  , 0  , 6  , 0  , 16  , 44  , 0  , 0  , 0  , 0  , 0  , 0  , 0  , 0  , 0  , 0  , 0  , 0  , 0  , 4  , 0  , 0 
 GTG   , 0  , 0  , 0  , 0  , 0  , 0  , 0  , 0  , 0  , 0  , 0  , 0  , 0  , 0  , 75  , 0  , 0  , 0  , 0  , 0  , 0  , 0  , 0  , 0  , 0  , 0  , 0  , 0  , 0  , 0  , 11  , 0  , 0  , 0  , 2  , 0  , 0  , 0  , 42  , 0  , 0  , 0  , 3  , 0  , 59  , 15  , 0  , 9  , 0  , 0  , 0  , 0  , 0  , 0  , 0  , 0  , 0  , 0  , 0  , 0  , 0  , 0  , 15  , 0 
 GTT   , 0  , 0  , 0  , 0  , 0  , 0  , 0  , 0  , 0  , 0  , 0  , 0  , 0  , 0  , 0  , 52  , 0  , 0  , 0  , 0  , 0  , 0  , 0  , 0  , 0  , 0  , 0  , 0  , 0  , 0  , 0  , 4  , 0  , 0  , 0  , 1  , 0  , 0  , 0  , 6  , 0  , 0  , 0  , 0  , 4  , 21  , 4  , 0  , 0  , 0  , 0  , 0  , 0  , 0  , 0  , 0  , 0  , 0  , 0  , 0  , 0  , 0  , 0  , 1 
 TAA   , 0  , 0  , 0  , 0  , 0  , 0  , 0  , 0  , 0  , 0  , 0  , 0  , 0  , 0  , 0  , 0  , 0  , 0  , 0  , 0  , 0  , 0  , 0  , 0  , 0  , 0  , 0  , 0  , 0  , 0  , 0  , 0  , 0  , 0  , 0  , 0  , 0  , 0  , 0  , 0  , 0  , 0  , 0  , 0  , 0  , 0  , 0  , 0  , 0  , 0  , 1  , 0  , 1  , 0  , 0  , 0  , 0  , 0  , 0  , 0  , 0  , 0  , 0  , 0 
 TAC   , 0  , 2  , 0  , 0  , 0  , 0  , 0  , 0  , 0  , 0  , 0  , 0  , 0  , 0  , 0  , 0  , 0  , 20  , 0  , 0  , 0  , 0  , 0  , 0  , 0  , 0  , 0  , 0  , 0  , 0  , 0  , 0  , 0  , 1  , 0  , 0  , 0  , 0  , 0  , 0  , 0  , 0  , 0  , 0  , 0  , 0  , 0  , 0  , 0  , 0  , 1  , 72  , 0  , 3  , 0  , 0  , 0  , 1  , 0  , 0  , 0  , 1  , 0  , 0 
 TAG   , 0  , 0  , 0  , 0  , 0  , 0  , 0  , 0  , 0  , 0  , 0  , 0  , 0  , 0  , 0  , 0  , 0  , 0  , 0  , 0  , 0  , 0  , 0  , 0  , 0  , 0  , 0  , 0  , 0  , 0  , 0  , 0  , 0  , 0  , 0  , 0  , 0  , 0  , 0  , 0  , 0  , 0  , 0  , 0  , 0  , 0  , 0  , 0  , 0  , 0  , 0  , 0  , 0  , 0  , 0  , 0  , 0  , 0  , 0  , 0  , 0  , 0  , 0  , 0 
 TAT   , 0  , 0  , 0  , 0  , 0  , 0  , 0  , 0  , 0  , 0  , 0  , 0  , 0  , 0  , 0  , 0  , 0  , 0  , 0  , 8  , 0  , 0  , 0  , 0  , 0  , 0  , 0  , 0  , 0  , 0  , 0  , 0  , 0  , 0  , 0  , 0  , 0  , 0  , 0  , 0  , 0  , 0  , 0  , 0  , 0  , 0  , 0  , 0  , 0  , 105  , 0  , 0  , 0  , 0  , 0  , 1  , 0  , 0  , 0  , 7  , 0  , 0  , 0  , 3 
 TCA   , 0  , 0  , 0  , 0  , 4  , 0  , 0  , 0  , 0  , 0  , 0  , 0  , 0  , 0  , 0  , 0  , 0  , 0  , 0  , 0  , 16  , 0  , 0  , 0  , 0  , 0  , 0  , 0  , 0  , 0  , 0  , 0  , 0  , 0  , 0  , 0  , 3  , 0  , 0  , 0  , 0  , 0  , 0  , 0  , 0  , 0  , 0  , 0  , 6  , 0  , 0  , 0  , 0  , 5  , 88  , 21  , 0  , 0  , 0  , 0  , 9  , 0  , 0  , 0 
 TCC   , 0  , 0  , 0  , 0  , 0  , 2  , 0  , 0  , 0  , 0  , 0  , 0  , 0  , 0  , 0  , 0  , 0  , 0  , 0  , 0  , 0  , 16  , 0  , 0  , 0  , 0  , 0  , 0  , 0  , 0  , 0  , 0  , 0  , 0  , 0  , 0  , 0  , 6  , 0  , 0  , 0  , 0  , 0  , 0  , 0  , 0  , 0  , 0  , 0  , 3  , 0  , 0  , 11  , 0  , 7  , 51  , 0  , 4  , 0  , 0  , 0  , 6  , 0  , 0 
 TCG   , 0  , 0  , 0  , 0  , 0  , 0  , 3  , 0  , 0  , 0  , 0  , 0  , 0  , 0  , 0  , 0  , 0  , 0  , 0  , 0  , 0  , 0  , 8  , 0  , 0  , 0  , 0  , 0  , 0  , 0  , 0  , 0  , 0  , 0  , 0  , 0  , 0  , 0  , 1  , 0  , 0  , 0  , 0  , 0  , 0  , 0  , 0  , 0  , 0  , 0  , 0  , 0  , 93  , 14  , 0  , 10  , 0  , 0  , 14  , 0  , 0  , 0  , 16  , 0 
 TCT   , 0  , 0  , 0  , 0  , 0  , 0  , 0  , 11  , 0  , 0  , 0  , 0  , 0  , 0  , 0  , 0  , 0  , 0  , 0  , 0  , 0  , 0  , 0  , 13  , 0  , 0  , 0  , 0  , 0  , 0  , 0  , 0  , 0  , 0  , 0  , 0  , 0  , 0  , 0  , 11  , 0  , 0  , 0  , 0  , 0  , 0  , 0  , 0  , 0  , 0  , 0  , 2  , 3  , 52  , 12  , 0  , 0  , 0  , 0  , 3  , 0  , 0  , 0  , 2 
 TGA   , 0  , 0  , 0  , 0  , 0  , 0  , 0  , 0  , 1  , 0  , 0  , 0  , 0  , 0  , 0  , 0  , 0  , 0  , 0  , 0  , 0  , 0  , 0  , 0  , 3  , 0  , 0  , 0  , 0  , 0  , 0  , 0  , 0  , 0  , 0  , 0  , 0  , 0  , 0  , 0  , 1  , 0  , 0  , 0  , 0  , 0  , 0  , 0  , 0  , 0  , 0  , 0  , 0  , 0  , 0  , 0  , 0  , 0  , 0  , 0  , 0  , 0  , 0  , 0 
 TGC   , 0  , 0  , 0  , 0  , 0  , 0  , 0  , 0  , 0  , 3  , 0  , 0  , 0  , 0  , 0  , 0  , 0  , 0  , 0  , 0  , 0  , 0  , 0  , 0  , 0  , 16  , 0  , 0  , 0  , 0  , 0  , 0  , 0  , 0  , 0  , 0  , 0  , 0  , 0  , 0  , 0  , 0  , 0  , 0  , 0  , 0  , 0  , 0  , 0  , 14  , 0  , 0  , 0  , 9  , 0  , 0  , 2  , 0  , 3  , 38  , 0  , 0  , 0  , 0 
 TGG   , 0  , 0  , 0  , 0  , 0  , 0  , 0  , 0  , 0  , 0  , 0  , 0  , 0  , 0  , 0  , 0  , 0  , 0  , 0  , 0  , 0  , 0  , 0  , 0  , 0  , 0  , 19  , 0  , 0  , 0  , 0  , 0  , 0  , 0  , 0  , 0  , 0  , 0  , 0  , 0  , 0  , 0  , 3  , 0  , 0  , 0  , 0  , 0  , 0  , 0  , 1  , 0  , 0  , 0  , 1  , 0  , 0  , 7  , 0  , 0  , 0  , 0  , 2  , 0 
 TGT   , 0  , 0  , 0  , 0  , 0  , 0  , 0  , 0  , 0  , 0  , 0  , 0  , 0  , 0  , 0  , 0  , 0  , 0  , 0  , 0  , 0  , 0  , 0  , 0  , 0  , 0  , 0  , 18  , 0  , 0  , 0  , 0  , 0  , 0  , 0  , 0  , 0  , 0  , 0  , 0  , 0  , 0  , 0  , 0  , 0  , 0  , 0  , 0  , 0  , 0  , 0  , 3  , 0  , 0  , 0  , 6  , 1  , 54  , 1  , 0  , 0  , 0  , 0  , 2 
 TTA   , 0  , 0  , 0  , 0  , 0  , 0  , 0  , 0  , 0  , 0  , 0  , 0  , 5  , 0  , 0  , 0  , 0  , 0  , 0  , 0  , 0  , 0  , 0  , 0  , 0  , 0  , 0  , 0  , 8  , 0  , 0  , 0  , 0  , 0  , 0  , 0  , 0  , 0  , 0  , 0  , 0  , 0  , 0  , 0  , 0  , 0  , 0  , 0  , 0  , 0  , 0  , 0  , 5  , 0  , 0  , 0  , 0  , 0  , 0  , 0  , 0  , 3  , 4  , 2 
 TTC   , 0  , 0  , 0  , 0  , 0  , 0  , 0  , 0  , 0  , 0  , 0  , 0  , 0  , 0  , 0  , 0  , 0  , 0  , 0  , 0  , 0  , 0  , 0  , 0  , 0  , 0  , 0  , 0  , 0  , 10  , 0  , 0  , 0  , 0  , 0  , 0  , 0  , 0  , 0  , 0  , 0  , 0  , 0  , 0  , 0  , 1  , 0  , 0  , 0  , 1  , 0  , 0  , 0  , 1  , 0  , 0  , 0  , 2  , 0  , 0  , 2  , 0  , 3  , 75 
 TTG   , 0  , 0  , 0  , 0  , 0  , 0  , 0  , 0  , 0  , 0  , 0  , 0  , 0  , 0  , 4  , 0  , 0  , 0  , 0  , 0  , 0  , 0  , 0  , 0  , 0  , 0  , 0  , 0  , 0  , 0  , 68  , 0  , 0  , 0  , 0  , 0  , 0  , 0  , 0  , 0  , 0  , 0  , 0  , 0  , 0  , 0  , 9  , 0  , 0  , 0  , 1  , 0  , 0  , 0  , 14  , 0  , 0  , 0  , 0  , 0  , 14  , 4  , 0  , 4 
 TTT   , 0  , 0  , 0  , 0  , 0  , 0  , 0  , 0  , 0  , 0  , 0  , 0  , 0  , 0  , 0  , 0  , 0  , 0  , 0  , 0  , 0  , 0  , 0  , 0  , 0  , 0  , 0  , 0  , 0  , 0  , 0  , 3  , 0  , 0  , 0  , 0  , 0  , 0  , 0  , 0  , 0  , 0  , 0  , 0  , 0  , 0  , 0  , 8  , 0  , 0  , 0  , 3  , 0  , 0  , 0  , 21  , 0  , 0  , 0  , 0  , 3  , 56  , 3  , 0 

# Amino acid change table

aa  , *  , A  , C  , D  , E  , F  , G  , H  , I  , K  , L  , M  , N  , P  , Q  , R  , S  , T  , V  , W  , Y 
 * , 1 , 0 , 0 , 0 , 0 , 0 , 1 , 0 , 0 , 0 , 0 , 0 , 0 , 0 , 0 , 4 , 1 , 0 , 0 , 0 , 0 
 A , 0 , 719 , 0 , 3 , 14 , 0 , 18 , 0 , 0 , 0 , 0 , 0 , 0 , 37 , 0 , 0 , 32 , 115 , 124 , 0 , 0 
 C , 3 , 0 , 92 , 0 , 0 , 2 , 0 , 0 , 0 , 0 , 0 , 0 , 0 , 0 , 0 , 34 , 18 , 0 , 0 , 4 , 17 
 D , 0 , 3 , 0 , 315 , 45 , 0 , 30 , 14 , 0 , 0 , 0 , 0 , 36 , 0 , 0 , 0 , 0 , 0 , 1 , 0 , 6 
 E , 7 , 9 , 0 , 49 , 187 , 0 , 32 , 0 , 0 , 45 , 0 , 0 , 0 , 0 , 21 , 0 , 0 , 0 , 8 , 0 , 0 
 F , 0 , 0 , 2 , 0 , 0 , 131 , 0 , 0 , 0 , 0 , 24 , 0 , 0 , 0 , 0 , 0 , 22 , 0 , 9 , 0 , 4 
 G , 2 , 18 , 9 , 29 , 12 , 0 , 360 , 0 , 0 , 0 , 0 , 0 , 0 , 0 , 0 , 44 , 73 , 0 , 24 , 2 , 0 
 H , 0 , 0 , 0 , 10 , 0 , 0 , 0 , 194 , 0 , 0 , 1 , 0 , 2 , 8 , 33 , 70 , 0 , 0 , 0 , 0 , 21 
 I , 0 , 0 , 0 , 0 , 0 , 12 , 0 , 0 , 164 , 0 , 12 , 15 , 4 , 0 , 0 , 0 , 4 , 41 , 111 , 0 , 0 
 K , 0 , 0 , 0 , 0 , 41 , 0 , 0 , 0 , 1 , 126 , 0 , 0 , 21 , 0 , 5 , 48 , 0 , 4 , 0 , 0 , 0 
 L , 1 , 0 , 0 , 0 , 0 , 31 , 0 , 15 , 12 , 0 , 611 , 20 , 0 , 47 , 7 , 9 , 19 , 0 , 38 , 0 , 0 
 M , 0 , 0 , 0 , 0 , 0 , 0 , 0 , 0 , 33 , 3 , 7 , 0 , 0 , 0 , 0 , 0 , 0 , 47 , 79 , 0 , 0 
 N , 0 , 0 , 0 , 31 , 0 , 0 , 0 , 5 , 5 , 18 , 0 , 0 , 215 , 0 , 0 , 0 , 44 , 9 , 0 , 0 , 1 
 P , 0 , 32 , 0 , 0 , 0 , 0 , 0 , 6 , 0 , 0 , 89 , 0 , 0 , 560 , 8 , 21 , 51 , 32 , 0 , 0 , 0 
 Q , 6 , 0 , 0 , 0 , 29 , 0 , 0 , 31 , 0 , 19 , 10 , 0 , 0 , 11 , 145 , 103 , 0 , 0 , 0 , 0 , 0 
 R , 2 , 0 , 39 , 0 , 0 , 0 , 35 , 100 , 0 , 40 , 13 , 2 , 0 , 22 , 147 , 302 , 23 , 10 , 0 , 37 , 0 
 S , 6 , 21 , 13 , 0 , 0 , 8 , 52 , 0 , 13 , 0 , 25 , 0 , 88 , 53 , 0 , 23 , 500 , 47 , 0 , 14 , 5 
 T , 0 , 92 , 0 , 0 , 0 , 0 , 0 , 0 , 52 , 1 , 0 , 55 , 11 , 24 , 0 , 2 , 26 , 589 , 0 , 0 , 0 
 V , 0 , 85 , 0 , 4 , 10 , 5 , 7 , 0 , 134 , 0 , 38 , 75 , 0 , 0 , 0 , 0 , 0 , 0 , 237 , 0 , 0 
 W , 1 , 0 , 7 , 0 , 0 , 0 , 3 , 0 , 0 , 0 , 2 , 0 , 0 , 0 , 0 , 19 , 1 , 0 , 0 , 0 , 0 
 Y , 1 , 0 , 8 , 1 , 0 , 4 , 0 , 28 , 0 , 0 , 0 , 0 , 2 , 0 , 0 , 0 , 4 , 0 , 0 , 0 , 177 

# Chromosome change table

1, Position,0,1000000,2000000,3000000,4000000,5000000,6000000,7000000,8000000,9000000,10000000,11000000,12000000,13000000,14000000,15000000,16000000,17000000,18000000,19000000,20000000,21000000,22000000,23000000,24000000,25000000,26000000,27000000,28000000,29000000,30000000,31000000,32000000,33000000,34000000,35000000,36000000,37000000,38000000,39000000,40000000,41000000,42000000,43000000,44000000,45000000,46000000,47000000,48000000,49000000,50000000,51000000,52000000,53000000,54000000,55000000,56000000,57000000,58000000,59000000,60000000,61000000,62000000,63000000,64000000,65000000,66000000,67000000,68000000,69000000,70000000,71000000,72000000,73000000,74000000,75000000,76000000,77000000,78000000,79000000,80000000,81000000,82000000,83000000,84000000,85000000,86000000,87000000,88000000,89000000,90000000,91000000,92000000,93000000,94000000,95000000,96000000,97000000,98000000,99000000,100000000,101000000,102000000,103000000,104000000,105000000,106000000,107000000,108000000,109000000,110000000,111000000,112000000,113000000,114000000,115000000,116000000,117000000,118000000,119000000,120000000,121000000,122000000,123000000,124000000,125000000,126000000,127000000,128000000,129000000,130000000,131000000,132000000,133000000,134000000,135000000,136000000,137000000,138000000,139000000,140000000,141000000,142000000,143000000,144000000,145000000,146000000,147000000,148000000,149000000,150000000,151000000,152000000,153000000,154000000,155000000,156000000,157000000,158000000,159000000,160000000,161000000,162000000,163000000,164000000,165000000,166000000,167000000,168000000,169000000,170000000,171000000,172000000,173000000,174000000,175000000,176000000,177000000,178000000,179000000,180000000,181000000,182000000,183000000,184000000,185000000,186000000,187000000,188000000,189000000,190000000,191000000,192000000,193000000,194000000,195000000,196000000,197000000,198000000,199000000,200000000,201000000,202000000,203000000,204000000,205000000,206000000,207000000,208000000,209000000,210000000,211000000,212000000,213000000,214000000,215000000,216000000,217000000,218000000,219000000,220000000,221000000,222000000,223000000,224000000,225000000,226000000,227000000,228000000,229000000,230000000,231000000,232000000,233000000,234000000,235000000,236000000,237000000,238000000,239000000,240000000,241000000,242000000,243000000,244000000,245000000,246000000,247000000,248000000,249000000
1,Count,15,7,10,14,0,1,2,9,1,2,6,11,1,0,0,1,4,7,0,13,9,8,16,3,5,4,5,5,0,1,0,1,1,0,0,0,3,0,2,0,8,3,0,12,1,4,3,9,0,0,2,0,0,7,0,12,0,4,0,0,0,0,3,2,2,4,2,5,1,0,1,0,0,0,1,0,4,0,1,0,0,0,0,0,0,1,0,1,0,0,0,7,8,0,9,0,0,0,1,0,11,1,0,6,2,0,0,1,0,4,10,2,1,4,5,2,3,2,0,0,5,0,0,0,0,0,0,0,0,0,0,0,0,0,0,0,0,0,0,0,0,0,0,0,0,0,0,0,0,0,13,6,2,2,8,5,5,0,7,4,17,22,3,2,1,9,0,3,2,15,3,0,0,0,0,0,0,0,0,4,1,0,5,2,0,1,18,0,0,0,0,0,0,1,0,0,9,13,1,0,8,20,2,1,2,5,2,13,0,7,5,1,0,2,9,7,4,0,0,0,1,0,0,4,0,3,3,12,2,0,2,7,0,0,0,7,8,23,0,0,4,0,0,4,0,1,0,2,0,0

2, Position,0,1000000,2000000,3000000,4000000,5000000,6000000,7000000,8000000,9000000,10000000,11000000,12000000,13000000,14000000,15000000,16000000,17000000,18000000,19000000,20000000,21000000,22000000,23000000,24000000,25000000,26000000,27000000,28000000,29000000,30000000,31000000,32000000,33000000,34000000,35000000,36000000,37000000,38000000,39000000,40000000,41000000,42000000,43000000,44000000,45000000,46000000,47000000,48000000,49000000,50000000,51000000,52000000,53000000,54000000,55000000,56000000,57000000,58000000,59000000,60000000,61000000,62000000,63000000,64000000,65000000,66000000,67000000,68000000,69000000,70000000,71000000,72000000,73000000,74000000,75000000,76000000,77000000,78000000,79000000,80000000,81000000,82000000,83000000,84000000,85000000,86000000,87000000,88000000,89000000,90000000,91000000,92000000,93000000,94000000,95000000,96000000,97000000,98000000,99000000,100000000,101000000,102000000,103000000,104000000,105000000,106000000,107000000,108000000,109000000,110000000,111000000,112000000,113000000,114000000,115000000,116000000,117000000,118000000,119000000,120000000,121000000,122000000,123000000,124000000,125000000,126000000,127000000,128000000,129000000,130000000,131000000,132000000,133000000,134000000,135000000,136000000,137000000,138000000,139000000,140000000,141000000,142000000,143000000,144000000,145000000,146000000,147000000,148000000,149000000,150000000,151000000,152000000,153000000,154000000,155000000,156000000,157000000,158000000,159000000,160000000,161000000,162000000,163000000,164000000,165000000,166000000,167000000,168000000,169000000,170000000,171000000,172000000,173000000,174000000,175000000,176000000,177000000,178000000,179000000,180000000,181000000,182000000,183000000,184000000,185000000,186000000,187000000,188000000,189000000,190000000,191000000,192000000,193000000,194000000,195000000,196000000,197000000,198000000,199000000,200000000,201000000,202000000,203000000,204000000,205000000,206000000,207000000,208000000,209000000,210000000,211000000,212000000,213000000,214000000,215000000,216000000,217000000,218000000,219000000,220000000,221000000,222000000,223000000,224000000,225000000,226000000,227000000,228000000,229000000,230000000,231000000,232000000,233000000,234000000,235000000,236000000,237000000,238000000,239000000,240000000,241000000,242000000,243000000
2,Count,0,15,0,2,0,2,0,0,0,3,2,3,0,0,0,10,0,0,0,0,3,6,0,0,0,5,17,15,0,11,1,7,1,0,0,0,0,0,5,1,0,0,4,0,21,1,2,9,7,1,0,1,0,0,0,1,0,0,2,0,1,0,7,4,0,3,0,0,0,4,3,22,0,6,6,0,0,0,0,0,0,0,0,0,1,11,7,0,3,0,0,0,0,0,0,0,1,0,0,3,0,0,0,0,0,1,2,0,0,4,1,0,8,5,1,0,0,0,0,0,1,5,0,0,0,0,0,5,6,5,0,0,0,0,0,1,13,0,0,0,0,0,0,1,0,1,0,0,0,0,3,0,21,0,0,0,0,3,3,0,0,0,0,2,0,0,12,9,0,7,20,1,3,6,4,2,1,0,4,47,0,0,9,1,0,0,0,0,0,10,4,4,0,0,0,0,0,0,5,0,1,0,12,0,3,0,0,4,4,18,4,4,0,0,0,8,19,0,0,12,26,0,0,1,0,0,0,8,5,0,0,7,0,12,4,0,0,0,14,5,7,17,5,0

3, Position,0,1000000,2000000,3000000,4000000,5000000,6000000,7000000,8000000,9000000,10000000,11000000,12000000,13000000,14000000,15000000,16000000,17000000,18000000,19000000,20000000,21000000,22000000,23000000,24000000,25000000,26000000,27000000,28000000,29000000,30000000,31000000,32000000,33000000,34000000,35000000,36000000,37000000,38000000,39000000,40000000,41000000,42000000,43000000,44000000,45000000,46000000,47000000,48000000,49000000,50000000,51000000,52000000,53000000,54000000,55000000,56000000,57000000,58000000,59000000,60000000,61000000,62000000,63000000,64000000,65000000,66000000,67000000,68000000,69000000,70000000,71000000,72000000,73000000,74000000,75000000,76000000,77000000,78000000,79000000,80000000,81000000,82000000,83000000,84000000,85000000,86000000,87000000,88000000,89000000,90000000,91000000,92000000,93000000,94000000,95000000,96000000,97000000,98000000,99000000,100000000,101000000,102000000,103000000,104000000,105000000,106000000,107000000,108000000,109000000,110000000,111000000,112000000,113000000,114000000,115000000,116000000,117000000,118000000,119000000,120000000,121000000,122000000,123000000,124000000,125000000,126000000,127000000,128000000,129000000,130000000,131000000,132000000,133000000,134000000,135000000,136000000,137000000,138000000,139000000,140000000,141000000,142000000,143000000,144000000,145000000,146000000,147000000,148000000,149000000,150000000,151000000,152000000,153000000,154000000,155000000,156000000,157000000,158000000,159000000,160000000,161000000,162000000,163000000,164000000,165000000,166000000,167000000,168000000,169000000,170000000,171000000,172000000,173000000,174000000,175000000,176000000,177000000,178000000,179000000,180000000,181000000,182000000,183000000,184000000,185000000,186000000,187000000,188000000,189000000,190000000,191000000,192000000,193000000,194000000,195000000,196000000,197000000,198000000
3,Count,7,0,0,6,13,0,0,0,2,9,12,0,7,2,11,0,2,0,0,0,0,0,0,0,1,1,0,0,0,0,1,1,0,5,0,0,0,7,21,6,0,0,2,7,0,11,14,3,6,14,1,0,14,10,0,1,0,5,11,2,0,0,0,0,1,0,4,0,0,1,0,1,0,0,0,0,0,0,0,0,0,2,0,0,0,0,0,1,0,0,0,0,0,0,0,0,0,0,2,0,2,0,0,0,0,0,0,0,0,0,0,2,0,2,0,0,0,0,0,9,2,6,6,13,20,0,1,0,7,14,1,0,3,7,2,0,1,0,0,0,0,2,7,1,0,4,0,1,4,1,2,2,0,0,0,0,0,0,10,2,1,0,0,0,10,0,0,0,0,0,2,0,4,0,0,0,1,0,2,1,3,0,3,1,10,1,15,1,1,7,2,7,0,6,0,6,2,5,0

4, Position,0,1000000,2000000,3000000,4000000,5000000,6000000,7000000,8000000,9000000,10000000,11000000,12000000,13000000,14000000,15000000,16000000,17000000,18000000,19000000,20000000,21000000,22000000,23000000,24000000,25000000,26000000,27000000,28000000,29000000,30000000,31000000,32000000,33000000,34000000,35000000,36000000,37000000,38000000,39000000,40000000,41000000,42000000,43000000,44000000,45000000,46000000,47000000,48000000,49000000,50000000,51000000,52000000,53000000,54000000,55000000,56000000,57000000,58000000,59000000,60000000,61000000,62000000,63000000,64000000,65000000,66000000,67000000,68000000,69000000,70000000,71000000,72000000,73000000,74000000,75000000,76000000,77000000,78000000,79000000,80000000,81000000,82000000,83000000,84000000,85000000,86000000,87000000,88000000,89000000,90000000,91000000,92000000,93000000,94000000,95000000,96000000,97000000,98000000,99000000,100000000,101000000,102000000,103000000,104000000,105000000,106000000,107000000,108000000,109000000,110000000,111000000,112000000,113000000,114000000,115000000,116000000,117000000,118000000,119000000,120000000,121000000,122000000,123000000,124000000,125000000,126000000,127000000,128000000,129000000,130000000,131000000,132000000,133000000,134000000,135000000,136000000,137000000,138000000,139000000,140000000,141000000,142000000,143000000,144000000,145000000,146000000,147000000,148000000,149000000,150000000,151000000,152000000,153000000,154000000,155000000,156000000,157000000,158000000,159000000,160000000,161000000,162000000,163000000,164000000,165000000,166000000,167000000,168000000,169000000,170000000,171000000,172000000,173000000,174000000,175000000,176000000,177000000,178000000,179000000,180000000,181000000,182000000,183000000,184000000,185000000,186000000,187000000,188000000,189000000,190000000,191000000
4,Count,9,19,4,15,0,15,11,0,2,5,0,0,0,1,0,6,2,1,0,0,0,0,0,2,1,4,1,0,0,0,0,0,0,0,0,0,0,0,3,7,0,0,1,0,0,0,1,6,0,0,0,0,1,0,3,9,3,2,0,0,0,0,0,0,0,0,0,0,0,2,0,1,3,0,7,0,1,0,0,15,1,1,0,0,2,0,5,1,9,2,0,0,0,0,1,8,0,0,0,1,16,0,0,8,3,0,0,2,5,2,5,0,0,3,5,0,0,0,0,5,1,3,3,8,0,0,13,0,4,0,0,0,0,0,0,0,0,0,0,0,0,0,0,0,4,6,1,0,3,4,0,6,0,0,2,3,3,0,1,1,0,0,0,0,0,0,0,2,0,6,1,0,0,0,0,1,0,1,4,0,0,0,0,5,0,3,4,15,0,0,18,0

5, Position,0,1000000,2000000,3000000,4000000,5000000,6000000,7000000,8000000,9000000,10000000,11000000,12000000,13000000,14000000,15000000,16000000,17000000,18000000,19000000,20000000,21000000,22000000,23000000,24000000,25000000,26000000,27000000,28000000,29000000,30000000,31000000,32000000,33000000,34000000,35000000,36000000,37000000,38000000,39000000,40000000,41000000,42000000,43000000,44000000,45000000,46000000,47000000,48000000,49000000,50000000,51000000,52000000,53000000,54000000,55000000,56000000,57000000,58000000,59000000,60000000,61000000,62000000,63000000,64000000,65000000,66000000,67000000,68000000,69000000,70000000,71000000,72000000,73000000,74000000,75000000,76000000,77000000,78000000,79000000,80000000,81000000,82000000,83000000,84000000,85000000,86000000,87000000,88000000,89000000,90000000,91000000,92000000,93000000,94000000,95000000,96000000,97000000,98000000,99000000,100000000,101000000,102000000,103000000,104000000,105000000,106000000,107000000,108000000,109000000,110000000,111000000,112000000,113000000,114000000,115000000,116000000,117000000,118000000,119000000,120000000,121000000,122000000,123000000,124000000,125000000,126000000,127000000,128000000,129000000,130000000,131000000,132000000,133000000,134000000,135000000,136000000,137000000,138000000,139000000,140000000,141000000,142000000,143000000,144000000,145000000,146000000,147000000,148000000,149000000,150000000,151000000,152000000,153000000,154000000,155000000,156000000,157000000,158000000,159000000,160000000,161000000,162000000,163000000,164000000,165000000,166000000,167000000,168000000,169000000,170000000,171000000,172000000,173000000,174000000,175000000,176000000,177000000,178000000,179000000,180000000
5,Count,6,19,0,0,0,0,3,1,0,1,8,3,0,22,2,0,4,0,0,0,0,0,0,0,0,0,0,0,0,0,0,0,5,4,2,7,4,4,3,2,6,2,1,0,0,2,0,0,0,0,1,0,11,2,0,5,7,0,2,0,3,0,0,0,0,0,0,2,0,0,3,1,0,3,0,0,6,2,5,5,1,0,10,0,0,0,0,0,0,4,7,0,0,0,6,2,21,0,0,0,0,0,0,0,0,0,0,0,0,0,1,0,18,0,0,0,0,0,3,0,0,0,5,0,0,2,3,6,0,0,0,13,2,0,0,3,1,4,10,0,2,0,5,0,0,10,0,22,9,12,10,0,0,0,0,1,5,0,0,0,0,2,1,0,0,0,0,16,0,8,0,2,2,0,1,0,14,7,18,3,2

6, Position,0,1000000,2000000,3000000,4000000,5000000,6000000,7000000,8000000,9000000,10000000,11000000,12000000,13000000,14000000,15000000,16000000,17000000,18000000,19000000,20000000,21000000,22000000,23000000,24000000,25000000,26000000,27000000,28000000,29000000,30000000,31000000,32000000,33000000,34000000,35000000,36000000,37000000,38000000,39000000,40000000,41000000,42000000,43000000,44000000,45000000,46000000,47000000,48000000,49000000,50000000,51000000,52000000,53000000,54000000,55000000,56000000,57000000,58000000,59000000,60000000,61000000,62000000,63000000,64000000,65000000,66000000,67000000,68000000,69000000,70000000,71000000,72000000,73000000,74000000,75000000,76000000,77000000,78000000,79000000,80000000,81000000,82000000,83000000,84000000,85000000,86000000,87000000,88000000,89000000,90000000,91000000,92000000,93000000,94000000,95000000,96000000,97000000,98000000,99000000,100000000,101000000,102000000,103000000,104000000,105000000,106000000,107000000,108000000,109000000,110000000,111000000,112000000,113000000,114000000,115000000,116000000,117000000,118000000,119000000,120000000,121000000,122000000,123000000,124000000,125000000,126000000,127000000,128000000,129000000,130000000,131000000,132000000,133000000,134000000,135000000,136000000,137000000,138000000,139000000,140000000,141000000,142000000,143000000,144000000,145000000,146000000,147000000,148000000,149000000,150000000,151000000,152000000,153000000,154000000,155000000,156000000,157000000,158000000,159000000,160000000,161000000,162000000,163000000,164000000,165000000,166000000,167000000,168000000,169000000,170000000,171000000
6,Count,2,0,3,3,0,3,7,11,0,0,3,0,1,0,0,1,1,0,4,0,0,1,0,0,18,3,2,0,0,0,0,0,0,15,3,11,3,0,0,2,0,2,14,5,8,2,2,5,0,0,1,14,5,1,0,0,9,0,0,0,0,0,0,0,2,4,6,0,0,0,4,0,3,1,8,2,5,0,0,0,4,0,0,1,1,1,2,0,3,0,0,0,0,0,0,0,0,2,0,1,1,0,2,0,0,5,0,1,4,0,1,7,11,0,0,0,4,1,0,2,0,0,0,6,0,0,0,0,0,8,0,0,3,6,0,1,0,1,1,1,0,0,2,0,1,0,7,0,1,3,1,0,38,0,0,2,0,1,1,3,10,10,1,2,0,2,4,5,0,9,3,0

7, Position,0,1000000,2000000,3000000,4000000,5000000,6000000,7000000,8000000,9000000,10000000,11000000,12000000,13000000,14000000,15000000,16000000,17000000,18000000,19000000,20000000,21000000,22000000,23000000,24000000,25000000,26000000,27000000,28000000,29000000,30000000,31000000,32000000,33000000,34000000,35000000,36000000,37000000,38000000,39000000,40000000,41000000,42000000,43000000,44000000,45000000,46000000,47000000,48000000,49000000,50000000,51000000,52000000,53000000,54000000,55000000,56000000,57000000,58000000,59000000,60000000,61000000,62000000,63000000,64000000,65000000,66000000,67000000,68000000,69000000,70000000,71000000,72000000,73000000,74000000,75000000,76000000,77000000,78000000,79000000,80000000,81000000,82000000,83000000,84000000,85000000,86000000,87000000,88000000,89000000,90000000,91000000,92000000,93000000,94000000,95000000,96000000,97000000,98000000,99000000,100000000,101000000,102000000,103000000,104000000,105000000,106000000,107000000,108000000,109000000,110000000,111000000,112000000,113000000,114000000,115000000,116000000,117000000,118000000,119000000,120000000,121000000,122000000,123000000,124000000,125000000,126000000,127000000,128000000,129000000,130000000,131000000,132000000,133000000,134000000,135000000,136000000,137000000,138000000,139000000,140000000,141000000,142000000,143000000,144000000,145000000,146000000,147000000,148000000,149000000,150000000,151000000,152000000,153000000,154000000,155000000,156000000,157000000,158000000,159000000
7,Count,7,0,15,0,1,0,4,0,4,0,0,0,0,0,2,0,3,0,1,1,0,18,0,2,5,0,0,1,0,0,4,2,0,5,4,1,2,6,0,3,2,0,2,0,1,3,0,0,0,0,5,0,0,0,0,5,14,0,0,0,0,0,0,0,0,0,2,0,0,0,1,0,3,6,2,7,0,5,0,0,6,3,5,8,0,0,0,10,0,0,0,3,7,2,5,4,1,2,2,2,6,0,0,3,0,0,1,14,0,0,0,0,1,4,1,0,3,2,0,0,0,7,1,0,4,0,0,4,16,0,2,0,0,0,0,5,0,3,15,1,0,3,21,5,6,0,0,2,1,0,8,2,1,0,11,1,0,1,5,0

8, Position,0,1000000,2000000,3000000,4000000,5000000,6000000,7000000,8000000,9000000,10000000,11000000,12000000,13000000,14000000,15000000,16000000,17000000,18000000,19000000,20000000,21000000,22000000,23000000,24000000,25000000,26000000,27000000,28000000,29000000,30000000,31000000,32000000,33000000,34000000,35000000,36000000,37000000,38000000,39000000,40000000,41000000,42000000,43000000,44000000,45000000,46000000,47000000,48000000,49000000,50000000,51000000,52000000,53000000,54000000,55000000,56000000,57000000,58000000,59000000,60000000,61000000,62000000,63000000,64000000,65000000,66000000,67000000,68000000,69000000,70000000,71000000,72000000,73000000,74000000,75000000,76000000,77000000,78000000,79000000,80000000,81000000,82000000,83000000,84000000,85000000,86000000,87000000,88000000,89000000,90000000,91000000,92000000,93000000,94000000,95000000,96000000,97000000,98000000,99000000,100000000,101000000,102000000,103000000,104000000,105000000,106000000,107000000,108000000,109000000,110000000,111000000,112000000,113000000,114000000,115000000,116000000,117000000,118000000,119000000,120000000,121000000,122000000,123000000,124000000,125000000,126000000,127000000,128000000,129000000,130000000,131000000,132000000,133000000,134000000,135000000,136000000,137000000,138000000,139000000,140000000,141000000,142000000,143000000,144000000,145000000,146000000
8,Count,0,5,0,0,0,0,12,0,2,0,20,3,6,4,0,2,2,18,2,0,1,4,13,1,0,0,0,1,0,0,8,1,2,4,0,0,0,0,9,0,0,7,5,1,0,0,0,0,3,0,0,0,0,3,0,6,2,1,0,1,0,9,7,0,0,2,0,1,0,0,0,0,16,0,3,7,0,3,0,0,0,0,0,0,0,0,1,3,0,0,0,0,0,0,2,2,1,7,0,1,1,0,1,2,9,0,1,0,0,0,0,0,0,0,0,0,1,1,3,2,7,5,0,0,0,2,0,0,0,0,0,0,0,11,4,2,0,0,0,0,1,4,0,3,28,31,0

9, Position,0,1000000,2000000,3000000,4000000,5000000,6000000,7000000,8000000,9000000,10000000,11000000,12000000,13000000,14000000,15000000,16000000,17000000,18000000,19000000,20000000,21000000,22000000,23000000,24000000,25000000,26000000,27000000,28000000,29000000,30000000,31000000,32000000,33000000,34000000,35000000,36000000,37000000,38000000,39000000,40000000,41000000,42000000,43000000,44000000,45000000,46000000,47000000,48000000,49000000,50000000,51000000,52000000,53000000,54000000,55000000,56000000,57000000,58000000,59000000,60000000,61000000,62000000,63000000,64000000,65000000,66000000,67000000,68000000,69000000,70000000,71000000,72000000,73000000,74000000,75000000,76000000,77000000,78000000,79000000,80000000,81000000,82000000,83000000,84000000,85000000,86000000,87000000,88000000,89000000,90000000,91000000,92000000,93000000,94000000,95000000,96000000,97000000,98000000,99000000,100000000,101000000,102000000,103000000,104000000,105000000,106000000,107000000,108000000,109000000,110000000,111000000,112000000,113000000,114000000,115000000,116000000,117000000,118000000,119000000,120000000,121000000,122000000,123000000,124000000,125000000,126000000,127000000,128000000,129000000,130000000,131000000,132000000,133000000,134000000,135000000,136000000,137000000,138000000,139000000,140000000,141000000
9,Count,14,0,11,0,3,0,4,0,0,0,0,0,2,2,13,0,0,0,0,0,0,1,0,0,0,0,0,9,0,0,0,0,6,6,1,6,1,4,0,0,0,0,0,0,0,0,0,0,0,0,0,0,0,0,0,0,0,0,0,0,0,0,0,0,0,0,0,0,0,0,0,6,0,0,0,3,0,2,0,0,3,0,0,0,0,0,1,0,0,0,0,0,0,0,5,1,0,6,9,1,5,9,2,0,3,0,0,2,2,0,0,2,0,4,0,0,4,22,1,1,0,0,0,7,1,0,10,1,0,3,12,19,1,18,12,7,28,4,13,29,13,1

10, Position,0,1000000,2000000,3000000,4000000,5000000,6000000,7000000,8000000,9000000,10000000,11000000,12000000,13000000,14000000,15000000,16000000,17000000,18000000,19000000,20000000,21000000,22000000,23000000,24000000,25000000,26000000,27000000,28000000,29000000,30000000,31000000,32000000,33000000,34000000,35000000,36000000,37000000,38000000,39000000,40000000,41000000,42000000,43000000,44000000,45000000,46000000,47000000,48000000,49000000,50000000,51000000,52000000,53000000,54000000,55000000,56000000,57000000,58000000,59000000,60000000,61000000,62000000,63000000,64000000,65000000,66000000,67000000,68000000,69000000,70000000,71000000,72000000,73000000,74000000,75000000,76000000,77000000,78000000,79000000,80000000,81000000,82000000,83000000,84000000,85000000,86000000,87000000,88000000,89000000,90000000,91000000,92000000,93000000,94000000,95000000,96000000,97000000,98000000,99000000,100000000,101000000,102000000,103000000,104000000,105000000,106000000,107000000,108000000,109000000,110000000,111000000,112000000,113000000,114000000,115000000,116000000,117000000,118000000,119000000,120000000,121000000,122000000,123000000,124000000,125000000,126000000,127000000,128000000,129000000,130000000,131000000,132000000,133000000,134000000,135000000
10,Count,2,0,0,2,0,2,2,0,1,0,0,0,7,6,1,3,11,10,2,0,0,1,2,2,0,0,6,12,2,0,1,1,0,0,0,0,0,0,0,0,0,0,0,6,0,0,0,0,0,0,9,0,0,1,3,3,1,0,0,0,4,5,0,0,6,2,0,0,1,16,4,10,6,27,1,4,0,1,1,2,0,9,6,0,0,0,0,0,4,0,3,1,2,0,1,13,9,7,0,4,3,14,5,3,8,16,0,0,0,0,0,0,7,0,0,4,0,0,3,2,4,4,1,3,5,0,0,1,0,0,0,2,0,0,0,4

11, Position,0,1000000,2000000,3000000,4000000,5000000,6000000,7000000,8000000,9000000,10000000,11000000,12000000,13000000,14000000,15000000,16000000,17000000,18000000,19000000,20000000,21000000,22000000,23000000,24000000,25000000,26000000,27000000,28000000,29000000,30000000,31000000,32000000,33000000,34000000,35000000,36000000,37000000,38000000,39000000,40000000,41000000,42000000,43000000,44000000,45000000,46000000,47000000,48000000,49000000,50000000,51000000,52000000,53000000,54000000,55000000,56000000,57000000,58000000,59000000,60000000,61000000,62000000,63000000,64000000,65000000,66000000,67000000,68000000,69000000,70000000,71000000,72000000,73000000,74000000,75000000,76000000,77000000,78000000,79000000,80000000,81000000,82000000,83000000,84000000,85000000,86000000,87000000,88000000,89000000,90000000,91000000,92000000,93000000,94000000,95000000,96000000,97000000,98000000,99000000,100000000,101000000,102000000,103000000,104000000,105000000,106000000,107000000,108000000,109000000,110000000,111000000,112000000,113000000,114000000,115000000,116000000,117000000,118000000,119000000,120000000,121000000,122000000,123000000,124000000,125000000,126000000,127000000,128000000,129000000,130000000,131000000,132000000,133000000,134000000,135000000
11,Count,10,46,12,2,3,3,9,0,3,2,1,0,0,0,1,0,0,23,11,1,7,0,2,0,0,0,3,3,0,0,1,1,0,3,12,6,2,0,0,0,0,0,0,0,9,6,9,8,4,0,0,0,0,0,0,0,0,1,0,0,6,2,5,8,7,9,20,9,26,1,4,10,1,4,0,2,13,2,7,0,0,0,0,0,0,3,0,0,4,0,0,0,0,4,2,5,0,0,0,0,3,4,10,12,8,0,0,1,7,0,0,2,1,11,0,0,4,11,21,4,2,14,2,0,8,13,11,0,5,0,1,0,0,0,2,0

12, Position,0,1000000,2000000,3000000,4000000,5000000,6000000,7000000,8000000,9000000,10000000,11000000,12000000,13000000,14000000,15000000,16000000,17000000,18000000,19000000,20000000,21000000,22000000,23000000,24000000,25000000,26000000,27000000,28000000,29000000,30000000,31000000,32000000,33000000,34000000,35000000,36000000,37000000,38000000,39000000,40000000,41000000,42000000,43000000,44000000,45000000,46000000,47000000,48000000,49000000,50000000,51000000,52000000,53000000,54000000,55000000,56000000,57000000,58000000,59000000,60000000,61000000,62000000,63000000,64000000,65000000,66000000,67000000,68000000,69000000,70000000,71000000,72000000,73000000,74000000,75000000,76000000,77000000,78000000,79000000,80000000,81000000,82000000,83000000,84000000,85000000,86000000,87000000,88000000,89000000,90000000,91000000,92000000,93000000,94000000,95000000,96000000,97000000,98000000,99000000,100000000,101000000,102000000,103000000,104000000,105000000,106000000,107000000,108000000,109000000,110000000,111000000,112000000,113000000,114000000,115000000,116000000,117000000,118000000,119000000,120000000,121000000,122000000,123000000,124000000,125000000,126000000,127000000,128000000,129000000,130000000,131000000,132000000,133000000
12,Count,13,10,8,0,3,6,29,4,5,19,3,0,4,4,6,5,0,0,0,0,2,18,4,1,1,5,11,0,1,0,0,18,3,1,1,0,0,0,0,0,7,1,4,0,1,0,0,0,10,12,6,7,44,26,1,0,11,15,1,0,0,0,0,0,8,2,8,0,0,1,0,0,1,0,0,0,0,0,0,0,14,0,0,0,0,0,0,0,2,2,0,2,0,0,2,0,6,0,1,0,0,0,4,5,0,1,2,0,0,16,8,2,4,5,1,0,0,1,0,0,0,12,6,0,11,2,0,0,0,0,0,0,0,16

13, Position,0,1000000,2000000,3000000,4000000,5000000,6000000,7000000,8000000,9000000,10000000,11000000,12000000,13000000,14000000,15000000,16000000,17000000,18000000,19000000,20000000,21000000,22000000,23000000,24000000,25000000,26000000,27000000,28000000,29000000,30000000,31000000,32000000,33000000,34000000,35000000,36000000,37000000,38000000,39000000,40000000,41000000,42000000,43000000,44000000,45000000,46000000,47000000,48000000,49000000,50000000,51000000,52000000,53000000,54000000,55000000,56000000,57000000,58000000,59000000,60000000,61000000,62000000,63000000,64000000,65000000,66000000,67000000,68000000,69000000,70000000,71000000,72000000,73000000,74000000,75000000,76000000,77000000,78000000,79000000,80000000,81000000,82000000,83000000,84000000,85000000,86000000,87000000,88000000,89000000,90000000,91000000,92000000,93000000,94000000,95000000,96000000,97000000,98000000,99000000,100000000,101000000,102000000,103000000,104000000,105000000,106000000,107000000,108000000,109000000,110000000,111000000,112000000,113000000,114000000,115000000
13,Count,0,0,0,0,0,0,0,0,0,0,0,0,0,0,0,0,0,0,0,0,2,0,4,9,0,6,5,0,9,0,0,4,7,7,0,0,1,1,0,8,6,1,0,3,1,0,0,1,4,0,9,0,9,0,0,0,0,0,0,0,1,0,0,0,0,0,0,0,0,0,0,0,0,0,0,5,0,0,2,0,3,0,0,0,0,0,0,0,0,0,0,0,0,0,0,0,0,0,0,0,8,5,0,10,0,0,1,0,0,0,17,24,0,13,2,0

14, Position,0,1000000,2000000,3000000,4000000,5000000,6000000,7000000,8000000,9000000,10000000,11000000,12000000,13000000,14000000,15000000,16000000,17000000,18000000,19000000,20000000,21000000,22000000,23000000,24000000,25000000,26000000,27000000,28000000,29000000,30000000,31000000,32000000,33000000,34000000,35000000,36000000,37000000,38000000,39000000,40000000,41000000,42000000,43000000,44000000,45000000,46000000,47000000,48000000,49000000,50000000,51000000,52000000,53000000,54000000,55000000,56000000,57000000,58000000,59000000,60000000,61000000,62000000,63000000,64000000,65000000,66000000,67000000,68000000,69000000,70000000,71000000,72000000,73000000,74000000,75000000,76000000,77000000,78000000,79000000,80000000,81000000,82000000,83000000,84000000,85000000,86000000,87000000,88000000,89000000,90000000,91000000,92000000,93000000,94000000,95000000,96000000,97000000,98000000,99000000,100000000,101000000,102000000,103000000,104000000,105000000,106000000,107000000
14,Count,0,0,0,0,0,0,0,0,0,0,0,0,0,0,0,0,0,0,0,0,0,6,0,17,4,0,0,0,0,0,1,2,1,0,0,9,0,2,0,2,0,0,0,0,0,3,0,0,0,0,12,12,2,1,1,0,0,1,5,2,2,9,0,0,17,23,0,1,5,3,5,0,0,1,6,4,11,9,1,0,0,2,0,0,0,0,0,0,14,2,1,7,13,1,5,3,3,2,0,0,3,6,7,4,1,8,187,19

15, Position,0,1000000,2000000,3000000,4000000,5000000,6000000,7000000,8000000,9000000,10000000,11000000,12000000,13000000,14000000,15000000,16000000,17000000,18000000,19000000,20000000,21000000,22000000,23000000,24000000,25000000,26000000,27000000,28000000,29000000,30000000,31000000,32000000,33000000,34000000,35000000,36000000,37000000,38000000,39000000,40000000,41000000,42000000,43000000,44000000,45000000,46000000,47000000,48000000,49000000,50000000,51000000,52000000,53000000,54000000,55000000,56000000,57000000,58000000,59000000,60000000,61000000,62000000,63000000,64000000,65000000,66000000,67000000,68000000,69000000,70000000,71000000,72000000,73000000,74000000,75000000,76000000,77000000,78000000,79000000,80000000,81000000,82000000,83000000,84000000,85000000,86000000,87000000,88000000,89000000,90000000,91000000,92000000,93000000,94000000,95000000,96000000,97000000,98000000,99000000,100000000,101000000,102000000
15,Count,0,0,0,0,0,0,0,0,0,0,0,0,0,0,0,0,0,0,0,0,0,0,0,2,0,9,1,0,21,0,0,7,2,0,13,0,2,0,3,0,16,2,1,5,3,13,0,0,8,1,5,5,5,0,3,2,0,0,4,4,0,0,3,3,4,8,3,3,0,4,0,0,4,5,6,4,0,0,9,5,4,0,0,0,0,3,4,3,2,29,13,2,0,4,6,0,0,0,0,4,15,9,0

16, Position,0,1000000,2000000,3000000,4000000,5000000,6000000,7000000,8000000,9000000,10000000,11000000,12000000,13000000,14000000,15000000,16000000,17000000,18000000,19000000,20000000,21000000,22000000,23000000,24000000,25000000,26000000,27000000,28000000,29000000,30000000,31000000,32000000,33000000,34000000,35000000,36000000,37000000,38000000,39000000,40000000,41000000,42000000,43000000,44000000,45000000,46000000,47000000,48000000,49000000,50000000,51000000,52000000,53000000,54000000,55000000,56000000,57000000,58000000,59000000,60000000,61000000,62000000,63000000,64000000,65000000,66000000,67000000,68000000,69000000,70000000,71000000,72000000,73000000,74000000,75000000,76000000,77000000,78000000,79000000,80000000,81000000,82000000,83000000,84000000,85000000,86000000,87000000,88000000,89000000,90000000
16,Count,15,25,7,14,6,3,0,0,5,2,4,5,0,0,1,7,9,2,0,1,2,8,0,15,0,0,0,14,6,3,10,10,0,0,0,0,0,0,0,0,0,0,0,0,0,0,3,0,1,2,3,2,0,3,0,3,13,21,0,0,0,0,0,0,0,0,0,5,10,2,7,3,8,0,1,3,0,5,6,3,0,13,0,1,9,0,0,3,47,16,6

17, Position,0,1000000,2000000,3000000,4000000,5000000,6000000,7000000,8000000,9000000,10000000,11000000,12000000,13000000,14000000,15000000,16000000,17000000,18000000,19000000,20000000,21000000,22000000,23000000,24000000,25000000,26000000,27000000,28000000,29000000,30000000,31000000,32000000,33000000,34000000,35000000,36000000,37000000,38000000,39000000,40000000,41000000,42000000,43000000,44000000,45000000,46000000,47000000,48000000,49000000,50000000,51000000,52000000,53000000,54000000,55000000,56000000,57000000,58000000,59000000,60000000,61000000,62000000,63000000,64000000,65000000,66000000,67000000,68000000,69000000,70000000,71000000,72000000,73000000,74000000,75000000,76000000,77000000,78000000,79000000,80000000,81000000
17,Count,2,32,0,20,10,3,8,12,13,1,23,0,8,3,3,3,2,6,19,6,0,0,0,0,0,0,8,1,1,2,0,0,0,4,0,0,0,0,3,24,13,13,17,0,1,9,5,0,20,0,0,0,0,0,2,0,7,5,0,9,0,10,6,3,1,0,5,4,1,0,1,6,5,15,4,5,17,3,53,13,2,0

18, Position,0,1000000,2000000,3000000,4000000,5000000,6000000,7000000,8000000,9000000,10000000,11000000,12000000,13000000,14000000,15000000,16000000,17000000,18000000,19000000,20000000,21000000,22000000,23000000,24000000,25000000,26000000,27000000,28000000,29000000,30000000,31000000,32000000,33000000,34000000,35000000,36000000,37000000,38000000,39000000,40000000,41000000,42000000,43000000,44000000,45000000,46000000,47000000,48000000,49000000,50000000,51000000,52000000,53000000,54000000,55000000,56000000,57000000,58000000,59000000,60000000,61000000,62000000,63000000,64000000,65000000,66000000,67000000,68000000,69000000,70000000,71000000,72000000,73000000,74000000,75000000,76000000,77000000,78000000
18,Count,0,0,9,2,0,0,14,7,0,1,17,2,5,2,0,0,0,0,0,0,0,11,0,1,0,0,0,0,18,0,0,2,3,9,0,0,0,0,0,0,0,0,2,3,4,0,0,9,0,1,5,0,1,2,0,7,1,2,1,3,4,1,0,0,0,0,0,5,0,0,0,1,5,1,0,0,0,7,0

19, Position,0,1000000,2000000,3000000,4000000,5000000,6000000,7000000,8000000,9000000,10000000,11000000,12000000,13000000,14000000,15000000,16000000,17000000,18000000,19000000,20000000,21000000,22000000,23000000,24000000,25000000,26000000,27000000,28000000,29000000,30000000,31000000,32000000,33000000,34000000,35000000,36000000,37000000,38000000,39000000,40000000,41000000,42000000,43000000,44000000,45000000,46000000,47000000,48000000,49000000,50000000,51000000,52000000,53000000,54000000,55000000,56000000,57000000,58000000,59000000
19,Count,11,28,8,14,5,6,15,29,4,0,10,18,7,7,6,20,4,25,9,1,0,0,0,0,0,0,0,0,0,0,9,0,0,12,1,1,16,0,12,13,7,27,5,0,2,5,2,4,13,13,23,6,0,0,12,28,0,2,0,0

20, Position,0,1000000,2000000,3000000,4000000,5000000,6000000,7000000,8000000,9000000,10000000,11000000,12000000,13000000,14000000,15000000,16000000,17000000,18000000,19000000,20000000,21000000,22000000,23000000,24000000,25000000,26000000,27000000,28000000,29000000,30000000,31000000,32000000,33000000,34000000,35000000,36000000,37000000,38000000,39000000,40000000,41000000,42000000,43000000,44000000,45000000,46000000,47000000,48000000,49000000,50000000,51000000,52000000,53000000,54000000,55000000,56000000,57000000,58000000,59000000,60000000,61000000,62000000,63000000
20,Count,4,0,12,4,1,3,12,0,4,5,6,0,0,2,1,0,0,5,4,2,0,1,0,2,0,5,0,0,0,0,3,8,2,12,3,0,1,0,0,0,0,0,2,4,22,1,0,5,1,0,3,0,1,0,2,0,6,9,0,0,3,22,16,0

21, Position,0,1000000,2000000,3000000,4000000,5000000,6000000,7000000,8000000,9000000,10000000,11000000,12000000,13000000,14000000,15000000,16000000,17000000,18000000,19000000,20000000,21000000,22000000,23000000,24000000,25000000,26000000,27000000,28000000,29000000,30000000,31000000,32000000,33000000,34000000,35000000,36000000,37000000,38000000,39000000,40000000,41000000,42000000,43000000,44000000,45000000,46000000,47000000,48000000
21,Count,0,0,0,0,0,0,0,0,0,0,0,0,0,0,0,4,0,0,0,3,0,0,0,0,0,0,0,0,0,0,0,0,0,0,4,2,1,2,2,2,0,0,0,13,8,5,21,51,0

22, Position,0,1000000,2000000,3000000,4000000,5000000,6000000,7000000,8000000,9000000,10000000,11000000,12000000,13000000,14000000,15000000,16000000,17000000,18000000,19000000,20000000,21000000,22000000,23000000,24000000,25000000,26000000,27000000,28000000,29000000,30000000,31000000,32000000,33000000,34000000,35000000,36000000,37000000,38000000,39000000,40000000,41000000,42000000,43000000,44000000,45000000,46000000,47000000,48000000,49000000,50000000,51000000
22,Count,0,0,0,0,0,0,0,0,0,0,0,0,0,0,0,0,0,11,5,14,3,11,0,9,7,5,17,2,1,4,0,1,4,2,2,0,14,16,13,3,0,7,16,3,0,7,3,0,0,0,21,9

M, Position,0,100,200,300,400,500,600,700,800,900,1000,1100,1200,1300,1400,1500,1600,1700,1800,1900,2000,2100,2200,2300,2400,2500,2600,2700,2800,2900,3000,3100,3200,3300,3400,3500,3600,3700,3800,3900,4000,4100,4200,4300,4400,4500,4600,4700,4800,4900,5000,5100,5200,5300,5400,5500,5600,5700,5800,5900,6000,6100,6200,6300,6400,6500,6600,6700,6800,6900,7000,7100,7200,7300,7400,7500,7600,7700,7800,7900,8000,8100,8200,8300,8400,8500,8600,8700,8800,8900,9000,9100,9200,9300,9400,9500,9600,9700,9800,9900,10000,10100,10200,10300,10400,10500,10600,10700,10800,10900,11000,11100,11200,11300,11400,11500,11600,11700,11800,11900,12000,12100,12200,12300,12400,12500,12600,12700,12800,12900,13000,13100,13200,13300,13400,13500,13600,13700,13800,13900,14000,14100,14200,14300,14400,14500,14600,14700,14800,14900,15000,15100,15200,15300,15400,15500,15600,15700,15800,15900,16000,16100,16200,16300,16400,16500
M,Count,0,0,0,0,0,0,0,0,0,0,0,0,0,0,0,0,0,0,0,0,0,0,0,0,0,0,0,0,0,0,0,0,0,0,0,0,0,0,0,0,0,0,0,0,0,0,0,0,0,0,0,0,0,0,0,0,0,0,0,0,0,0,0,0,0,0,0,0,0,0,0,0,0,0,0,0,0,0,0,0,0,1,0,0,0,0,0,0,0,0,1,0,0,0,0,0,0,0,0,0,0,0,0,0,0,0,0,0,0,0,0,0,0,0,1,0,0,0,0,1,0,0,0,0,0,0,0,0,0,0,0,0,0,0,0,0,0,0,0,0,0,0,0,0,0,0,0,0,0,1,0,0,0,0,0,0,0,0,0,0,0,0,0,0,0,0

X, Position,0,1000000,2000000,3000000,4000000,5000000,6000000,7000000,8000000,9000000,10000000,11000000,12000000,13000000,14000000,15000000,16000000,17000000,18000000,19000000,20000000,21000000,22000000,23000000,24000000,25000000,26000000,27000000,28000000,29000000,30000000,31000000,32000000,33000000,34000000,35000000,36000000,37000000,38000000,39000000,40000000,41000000,42000000,43000000,44000000,45000000,46000000,47000000,48000000,49000000,50000000,51000000,52000000,53000000,54000000,55000000,56000000,57000000,58000000,59000000,60000000,61000000,62000000,63000000,64000000,65000000,66000000,67000000,68000000,69000000,70000000,71000000,72000000,73000000,74000000,75000000,76000000,77000000,78000000,79000000,80000000,81000000,82000000,83000000,84000000,85000000,86000000,87000000,88000000,89000000,90000000,91000000,92000000,93000000,94000000,95000000,96000000,97000000,98000000,99000000,100000000,101000000,102000000,103000000,104000000,105000000,106000000,107000000,108000000,109000000,110000000,111000000,112000000,113000000,114000000,115000000,116000000,117000000,118000000,119000000,120000000,121000000,122000000,123000000,124000000,125000000,126000000,127000000,128000000,129000000,130000000,131000000,132000000,133000000,134000000,135000000,136000000,137000000,138000000,139000000,140000000,141000000,142000000,143000000,144000000,145000000,146000000,147000000,148000000,149000000,150000000,151000000,152000000,153000000,154000000,155000000
X,Count,0,0,2,0,0,0,0,0,1,1,0,0,0,0,1,0,0,2,0,0,0,2,0,1,2,0,0,0,0,0,1,3,1,0,0,0,0,0,0,1,0,1,0,2,2,0,1,3,9,9,2,0,0,6,1,1,0,0,0,0,0,0,0,0,1,2,0,0,0,7,1,1,0,3,0,0,0,1,0,2,0,0,2,0,3,0,0,0,0,0,0,0,0,0,0,0,2,0,0,3,3,0,0,1,0,0,0,3,1,1,0,0,0,0,0,0,0,0,0,1,0,0,3,5,0,0,0,0,2,1,6,0,0,0,0,13,1,0,0,1,0,0,0,0,0,0,0,0,2,1,3,0,5,26,3,0

Y, Position,0,1000000,2000000,3000000,4000000,5000000,6000000,7000000,8000000,9000000,10000000,11000000,12000000,13000000,14000000,15000000,16000000,17000000,18000000,19000000,20000000,21000000,22000000,23000000,24000000,25000000,26000000,27000000,28000000,29000000,30000000,31000000,32000000,33000000,34000000,35000000,36000000,37000000,38000000,39000000,40000000,41000000,42000000,43000000,44000000,45000000,46000000,47000000,48000000,49000000,50000000,51000000,52000000,53000000,54000000,55000000,56000000,57000000,58000000,59000000
Y,Count,0,0,0,0,0,0,0,0,0,1,0,0,0,0,2,1,0,0,0,0,0,0,0,0,0,0,0,0,0,0,0,0,0,0,0,0,0,0,0,0,0,0,0,0,0,0,0,0,0,0,0,0,0,0,0,0,0,0,0,0

