789.589
799.507
805.365
815.903
821.809
835.655
844.515
851.764
856.863
862.946
867.476
874.632
884.407
888.514
896.857
900.722
904.374
909.601
914.22
918.98
924.958
934.498
939.941
944.553
949.874
957.56
967.641
972.902
978.563
985.52
992.696
999.462
1006.875
1012.948
1021.227
1029.819
1038.404
1045.108
1050.734
1058.037
1065.739
1074.949
1083.626
1090.857
1097.82
1105.482
1121.91
1129.455
1135.066
1142.12
1150.325
1161.619
1170.842
1181.337
1188.702
1194.911
1203.077
1210.703
1215.705
1222.025
1229.167
1234.918
1241.594
1247.739
1251.294
1253.619
1259.732
1266.612
1272.663
1281.042
1293.924
1301.778
1317.37
1324.679
1332.829
1341.197
1348.161
1355.477
1360.761
1369.998
1378.599
1387.687
1396.815
1405.507
1412.342
1419.347
1428.108
1436.454
1443.838
1451.507
1464.185
1462.649
1469.389
1481.734
1488.435
1494.08
1509.277
1517.588
1524.446
1533.355
1538.868
1545.464
1550.619
1555.989
1567.653
1572.26
1578.12
1590.468
1592.3323
1602.016
1600.4214
1607.2383
1609.8038
1617.0841
1625.9119
1633.6477
1642.4224
1648.4244
1652.8959
1655.9879
1663.7996
1669.9879
1667.7424
1671.6824
1674.3367
1680.4019
1681.8517
1685.7855
1691.7024
1695.6052
1693.8838
1697.8828
1699.5371
1701.003
1705.8538
1704.1243
1708.991
1709.1984
1707.7214
1711.49
1712.8226
1715.2976
1719.0331
1722.3397
1719.516
1718.1022
1718.9019
1719.524
1722.0781
1722.6233
1722.7665
1723.8367
1722.8527
1728.2576
1736.5441
1739.9519
1742.0962
1744.5481
1742.1633
1742.7745
1741.3938
1742.507
1746.1533
1747.9489
1751.6443
1753.8076
1759.4469
1763.4369
1765.8407
1769.984
1772.1653
1778.1462
1781.4639
1782.8126
1785.3817
1784.7605
1789.9218
1794.1003
1794.7252
1798.0411
1799.4363
1797.025
1800.0071
1798.4424
1797.6078
1798.6399
1804.0531
1812.6058
1818.7843
1820.2578
1819.2046
1821.7743
1825.5155
1827.1304
1825.2507
1828.3721
1829.5707
1837.016
1840.5406
1839.2397
1839.7241
1838.5406
1834.8114
1836.3911
1838.1825
1839.5616
1844.6891
1842.5516
1845.9498
1847.1805
1851.5316
1847.7954
1844.2708
1849.648
1849.9308
1849.6349
1852.664
1855.308
1855.3561
1858.0762
1858.5457
1863.3792
1864.0802
1860.9098
1856.3461
1857.6841
1866.4974
1871.1815
1874.1324
1871.8986
1874.5211
1874.8113
1875.9036
1874.6818
1871.1757
1871.197
1870.3257
1873.9478
1876.7618
1876.8905
1877.1548
1880.2595
1885.6248
1886.6086
1886.4326
1890.181
1896.4728
1905.3029
1899.5363
1903.7545
1907.7875
1906.2981
1907.5197
1910.8137
1910.9304
1912.5131
1913.3326
1904.5897
1902.8165
1904.9708
1904.2107
1906.3411
1902.7285
1899.1201
1897.8264
1901.0908
1912.7538
1912.2523
1907.3976
1903.1615
1905.8093
1906.098
1901.2333
1900.3475
1895.7424
1884.5546
1884.6364
1884.1172
1887.101
1892.0597
1889.4965
1893.6906
1893.1538
1895.2854
1899.7264
1896.9048
1899.3164
1897.8762
1892.1309
1892.3691
1889.1879
1884.4944
1881.5249
1881.5706
1880.2964
1878.0853
1880.8649
1884.9308
1883.4526
1882.7742
1878.8331
1882.7498
1884.0092
1881.8464
1878.3
1869.4364
1869.5546
1863.735
1860.5127
1858.0745
1853.7931
1849.9939
1838.3633
1838.3439
1837.3184
1836.0552
1821.616
1821.4974
1822.7242
1819.5884
1817.9214
1818.0184
1814.9745
1815.7944
1819.227
1822.826
1827.5625
1824.4027
1826.879
1827.8501
1826.7146
1826.6222
1822.1879
1825.0596
1828.5844
1830.7363
1828.5088
1825.2843
1828.1155
1822.3495
1825.4052
1826.7351
1829.5109
1832.2769
1832.9525
1836.7502
1844.7634
1847.971
1850.6511
1849.1414
1850.1718
1850.2781
1843.0219
1842.8488
1841.2474
1843.2612
1840.0629
1836.1226
1836.0953
1836.326
1830.7107
1831.5813
1832.0934
1827.0032
1834.9275
1830.2008
1828.3817
1824.8423
1821.1956
1818.4758
1821.3151
1821.716
1821.5338
1820.6375
1818.1501
1818.2582
1813.618
1815.6631
1827.4624
1824.1497
1814.5244
1814.4905
1816.3135
1815.701
1813.6681
1808.2798
1812.72
1803.9808
1793.9712
1792.5775
1797.9121
1793.0011
1793.3695
1790.406
1794.6226
1798.7781
1796.3782
1798.1393
1794.92
1792.5498
1781.2405
1774.6309
1772.8065
1772.5354
1774.3915
1773.0513
1759.7279
1760.7628
1755.3169
1747.8667
1742.53
1744.0482
1743.2828
1740.9573
1731.215
1729.6558
1729.8026
1719.978
1721.9703
1722.7258
1724.1862
1722.5939
1720.0331
1711.553
1710.032
1703.713
1703.5138
1710.2246
1710.9801
1710.4778
1713.7247
1703.2441
1699.8513
1697.5089
1691.3889
1682.5178
1678.1359
1679.7977
1679.8054
1673.8535
1672.5715
1668.4127
1664.982
1663.85
1662.2052
1659.5286
1664.8765
1665.4966
1657.6682
1656.9717
1655.3372
1656.1487
1660.5303
1659.105
1652.4943
1650.0947
1652.4364
1648.4736
1647.0941
1646.223
1641.4253
1643.8605
1647.3995
1646.7887
1647.2396
1642.6044
1635.0581
1626.7491
1626.4983
1623.929
1628.4586
1630.6885
1630.7441
1628.1904
1626.9088
1626.29
1625.8003
1624.534
1631.7219
1627.7775
1628.5718
1630.0714
1640.2296
1637.2626
1635.6687
1624.6891
1624.0878
1621.4205
1620.3269
1621.3961
1626.4951
1621.7993
1624.0109
1624.7815
1624.0973
1639.9976
1634.8557
1637.1675
1635.7047
1643.9312
1643.5253
1640.9717
1652.6519
1643.2922
1650.5267
1642.4825
1642.3041
1641.0852
1637.0288
1636.0753
1638.765
1642.8124
1641.628
1637.4944
1637.2096
1647.2301
1646.6511
1647.6063
1650.3427
1654.5396
1654.0447
1648.3741
1646.6543
1645.9165
1643.3016
1637.6016
1637.8904
1632.1796
1628.4183
1625.7351
1625.4805
1624.5942
1623.9232
1622.8583
1617.567
1617.957
1621.9084
1621.6797
1625.2595
1625.1809
1623.3588
1615.2609
1621.4506
1616.9368
1617.9578
1614.8112
1612.8969
1612.0582
1613.298
1612.71
1614.9602
1611.1288
1610.4077
1607.0625
1601.3542
1601.514
1600.056
1593.9559
1594.186
1587.1849
1589.4233
1596.2167
1590.9893
1590.3064
1589.4878
1589.1399
1590.487
1589.2966
1588.7184
1592.169
1595.4432
1593.6013
1595.2555
1592.7816
1595.0771
1593.9282
1598.9613
1600.5953
1592.5471
1594.24
1593.6907
1595.9542
1601.6215
1599.6019
1597.144
1599.4811
1603.2924
1601.8518
1602.2563
1606.6821
1610.9286
1614.3726
1604.5294
1603.6267
1600.731
1614.3253
1613.512
1612.7977
1611.2107
1612.5078
1627.6246
1633.1523
1637.0404
1634.7485
1644.3251
1639.7201
1635.9298
1634.6492
1634.5637
1632.956
1634.607
1645.5339
1638.7589
1633.7795
1643.6553
1645.1278
1641.3298
1644.9479
1646.3756
1646.1373
1641.4283
1637.8507
1640.8069
1641.3988
1637.443
1636.3873
1633.8105
1631.6316
1623.8826
1629.3665
1629.8757
1622.6737
1630.715
1633.0474
1631.589
1632.6135
1643.5354
1651.1641
1647.2213
1646.6827
1651.2719
1650.3552
1652.1447
1654.8224
1645.4261
1644.159
1644.9431
1644.3239
1658.5997
1655.6772
1656.2456
1652.6212
1647.3629
1640.9476
1642.8726
1641.3583
1646.8182
1648.5481
1650.9148
1650.627
1649.021
1660.9109
1663.9253
1664.0487
1659.7922
1662.803
1660.4658
1663.615
1659.3214
1661.7136
1652.9395
1651.4607
1655.8865
1654.8945
1668.4613
1666.0413
1666.8461
1670.2607
1664.0748
1648.6067
1642.9448
1644.842
1643.8434
1644.2399
1642.8918
1638.3779
1636.6927
1633.7793
1624.8555
1620.1411
1619.5239
1623.5111
1614.7452
1611.8206
1603.4727
1606.4614
1603.2075
1604.2285
1605.6644
1605.9067
1603.1658
1598.304
1595.5311
1600.2904
1600.9861
1594.7225
1598.1311
1608.8899
1604.4318
1599.8969
1596.8246
1600.5919
1599.3269
1606.9486
1606.5392
1603.9929
1593.2495
1587.8107
1588.0823
1584.8605
1581.5778
1581.3417
1580.2867
1587.4191
1590.1139
1587.3695
1582.7953
1575.4646
1575.4991
1571.1003
1568.4088
1564.7675
1564.0073
1562.5359
1563.8965
1562.111
1560.3019
1550.3829
1552.4142
1550.0635
1549.7832
1546.6804
1543.9008
1538.9438
1538.1614
1540.6215
1540.9962
1540.697
1534.9355
1540.822
1538.197
1539.8083
1532.4421
1528.7909
1524.0153
1530.7131
1529.8004
1526.1978
1536.3789
1538.3726
1536.9749
1534.7869
1539.4073
1557.2012
1560.9785
1565.9469
1573.3287
1567.9248
1574.2914
1583.7415
1590.986
1591.7405
1590.4657
1597.6024
1604.8939
1595.7926
1589.3643
1593.8804
1594.378
1591.9009
1592.9315
1586.4875
1584.7614
1593.3063
1596.9142
1593.0334
1589.7782
1586.6332
1581.4822
1585.2374
1589.7263
1594.7659
1595.6343
1594.4736
1598.2521
1597.3962
1593.5127
1582.8472
1576.9193
1582.1426
1587.1346
1584.9017
1587.8877
1584.4004
1581.603
1577.5444
1573.2885
1580.7184
1576.86
1577.0746
1573.652
1569.011
1574.7367
1571.8689
1568.6622
1572.5178
1572.419
1574.4469
1570.2461
1568.8826
1567.0723
1561.1964
1560.3574
1561.6394
1566.8428
1567.3661
1565.7821
1563.906
1561.6628
1561.394
1554.0415
1551.8198
1556.321
1559.3689
1563.2804
1555.5199
1565.6259
1565.5613
1567.1678
1557.8794
1559.4882
1558.6161
1563.5819
1561.2786
1560.0835
1538.307
1533.1055
1533.3861
1531.4053
1532.0144
1526.9495
1522.9784
1521.6892
1520.7662
1524.4781
1521.1975
1521.4279
1518.1149
1511.9854
1513.5245
1520.5529
1528.7246
1531.505
1532.6425
1536.985
1538.6868
1540.927
1534.5
1530.8334
1531.3671
1532.7615
1529.6193
1519.9797
1520.1498
1523.7704
1520.6072
1520.6163
1513.3949
1519.7313
1512.4379
1505.0078
1504.943
1503.6831
1499.3143
1503.822
1503.411
1505.95
1502.3131
1519.209
1515.4921
1521.568
1525.2452
1521.9703
1516.5903
1511.7108
1510.4932
1515.079
1522.8384
1515.948
1518.6263
1520.1846
1519.3884
1507.1956
1503.9807
1501.0138
1498.7438
1495.942
1491.4807
1484.2266
1480.4199
1479.3546
1485.1532
1489.9218
1486.4218
1498.3927
1498.068
1502.1995
1504.3352
1502.8539
1501.6293
1507.5116
1508.0753
1507.8174
1514.228
1512.2626
1508.5635
1505.6598
1503.0651
1505.27
1503.6279
1500.9701
1495.1138
1501.6006
1503.5315
1501.5076
1508.7311
1506.4683
1494.2507
1496.0785
1494.3988
1492.6133
1491.5106
1490.4441
1499.9358
1496.208
1498.6196
1500.3816
1504.0402
1513.1708
1515.785
1518.0062
1520.4106
1531.9905
1531.0664
1525.7943
1524.5443
1523.2794
1524.7007
1524.656
1519.0095
1512.0063
1520.0128
1533.3859
1532.8135
1537.6677
1539.1003
1546.4902
1547.2662
1550.3225
1549.3323
1547.368
1547.5016
1547.5701
1551.1405
1551.366
1555.6361
1553.4263
1556.7203
1554.9507
1552.2673
1545.6534
1541.6633
1540.1782
1547.3564
1548.1353
1545.2311
1554.5742
1558.5133
1557.3875
1550.1262
1537.3788
1541.2866
1542.5834
1541.174
1520.5637
1521.3356
1524.973
1537.1082
1542.2814
1543.5864
1547.1462
1547.7925
1547.6938
1553.4506
1558.5753
1557.8356
1548.4006
1548.8219
1546.9486
1547.6644
1544.5377
1546.7637
1548.9897
1547.1066
1544.8798
1542.756
1540.8179
1540.0275
1537.8557
1535.0138
1532.8385
1535.6759
1537.5172
1534.6138
1539.7474
1538.2249
1532.7163
1538.6423
1537.1528
1531.4166
1530.9028
1528.3438
1526.3368
1523.5209
1530.8252
1508.2133
1506.7902
1508.0
1511.8527
1508.7473
1503.3368
1497.0631
1494.9579
1498.4648
1498.7535
1499.3733
1500.0564
1498.6584
1494.7606
1498.3922
1497.1661
1504.2446
1503.844
1502.8014
1502.1178
1498.2821
1496.525
1495.025
1491.6786
1494.1039
1509.7706
1517.8674
1513.233
1513.3082
1511.4911
1508.7347
1505.2653
1509.9893
1504.446
1510.9928
1514.1119
1520.7065
1519.1631
1515.8805
1516.6327
1515.5382
1513.0472
1511.5419
1512.0873
1511.3381
1511.8328
1511.2545
1508.5564
1507.1564
1507.4364
1516.2773
1518.3723
1515.8687
1514.8759
1516.8613
1514.77
1519.6227
1523.2427
1521.6471
1526.096
1536.107
1532.0221
1518.3136
1519.5682
1519.9336
1520.118
1518.7417
1520.9741
1525.1482
1529.4796
1526.632
1522.9851
1521.948
1519.5316
1519.6617
1516.6914
1513.8624
1516.7612
1523.3396
1528.7687
1527.6157
1524.332
1522.5074
1526.176
1483.7518
1488.4906
1486.4
1489.3282
1487.2642
1487.1962
1479.166
1478.5962
1481.0944
1520.229
1520.1985
1522.4542
1523.8698
1521.7778
1519.0115
1526.0039
1525.1885
1524.5
1522.1731
1522.7384
1520.95
1519.0425
1516.8688
1518.2162
1517.6757
1517.4535
1513.624
1503.6279
1502.814
1507.1051
1517.463
1525.926
1530.6719
1525.7284
1522.4961
1535.6614
1532.9763
1534.9016
1542.9604
1548.4642
1548.9246
1562.7817
1562.5476
1560.9603
1566.3705
1562.7968
1560.3984
1563.94
1560.58
1554.352
1548.7631
1552.9193
1531.8186
1526.5121
1523.5
1523.4072
1529.7166
1527.1012
1526.2592
1526.6276
1524.0486
1517.9514
1513.992
1511.1821
1507.332
1506.5992
1514.0935
1515.1464
1512.0366
1509.9716
1512.8776
1508.6558
1505.6558
1510.6626
1514.7479
1512.7644
1510.5743
1508.8141
1503.3141
1485.2562
1467.9586
1467.0537
1464.5496
1461.5951
1458.3884
1448.5868
1455.1204
1453.7842
1453.7303
1451.0083
1449.0789
1432.7925
1433.8049
1435.473
1442.249
1443.4481
1443.336
1446.5958
1460.7709
1458.7458
1454.7875
1450.4166
1446.7875
1449.3208
1448.4393
1444.6486
1439.1632
1440.3347
1438.41
1442.7992
1447.5673
1447.6218
1447.0294
1450.2689
1445.437
1442.5084
1440.5546
1427.5168
1426.8445
1427.542
1427.3992
1437.8177
1435.1356
1440.5555
1440.9615
1440.4359
1442.9487
1430.4017
1412.0641
1408.6068
1420.5342
1418.235
1418.6923
1418.1752
1419.5342
1419.7522
1422.3633
1421.2949
1447.4701
1446.0
1451.6481
1451.0773
1456.737
1455.8103
1456.7587
1454.8578
1455.513
1454.2457
1453.194
1451.4138
1448.9482
1454.329
1451.9308
1460.6027
1467.0088
1465.9562
1463.5526
1460.0438
1461.0
1457.1448
1456.557
1459.8114
1464.7269
1465.0573
1465.2599
1474.7566
1472.0221
1477.5155
1473.5022
1489.5157
1489.2242
1509.2657
1516.9321
1511.2625
1512.9636
1512.3136
1513.0
1514.0409
1515.9409
1518.3545
1523.3727
1515.25
1516.1273
1514.3545
1517.4636
1516.6545
1516.3273
1530.1545
1531.4728
1532.4728
1533.9955
1535.9955
1533.6136
1530.4137
1525.5546
1520.5818
1517.9409
1520.3591
1520.659
1520.6772
1521.0546
1522.9863
1525.1136
1531.9589
1528.7946
1524.2922
1524.452
1494.6895
1491.2831
1490.4037
1487.5872
1485.8074
1483.7018
1482.3348
1479.899
1480.2156
1481.1652
1487.5714
1488.765
1486.212
1486.212
1482.8572
1489.5463
1492.1713
1500.4977
1496.4512
1493.1116
1492.4697
1498.3599
1498.9299
1500.3271
1504.2535
1504.0046
1509.9198
1514.071
1518.8572
1510.7285
1506.7715
1506.6714
1513.9426
1514.2966
1519.274
1518.149
1522.5748
1520.0096
1515.9613
1517.1836
1516.9904
1521.7971
1522.0631
1523.3641
1526.0194
1524.6699
1523.199
1545.0293
1542.2341
1539.3074
1535.1073
1533.317
1515.5491
1514.4854
1516.7931
1509.8325
1508.5468
1484.7439
1468.6337
1469.8663
1468.9703
1471.3861
1472.7079
1471.0941
1470.901
1470.7476
1467.9258
1469.6337
1470.2822
1473.5175
1469.6368
1466.0
1462.5024
1458.8955
1453.3284
1448.0149
1442.4329
1441.1244
1440.5273
1445.7313
1446.0
1443.9055
1442.5323
1447.59
1451.5779
1457.399
1455.3182
1456.7374
1455.5
1458.8384
1458.3838
1460.3857
1460.4924
1461.132
1469.9438
1470.1327
1475.7795
1477.1487
1509.6256
1508.1743
1511.0308
1513.2153
1511.8206
1509.9539
1505.7744
1512.2358
1510.518
1507.8052
1506.6564
1506.9897
1507.277
1520.5492
1515.9896
1517.5803
1513.7253
1523.026
1520.7448
1520.5834
1517.7135
1517.9115
1520.1354
1525.4922
1524.0942
1522.309
1519.5131
1517.5131
1523.4032
1521.2251
1520.0366
1517.7854
1523.9
1523.9158
1519.8368
1517.4895
1494.0106
1499.7074
1504.0426
1503.1595
1502.3829
1503.0638
1499.1383
1499.0905
1498.1915
1496.4788
1500.1283
1514.246
1516.2354
1510.3369
1508.0963
1507.8129
1507.2354
1515.258
1514.828
1517.2151
1518.5646
1527.1505
1526.5591
1530.6216
1529.5837
1544.8108
1540.6216
1538.2649
1534.173
1532.0973
1519.654
1519.5621
1521.9459
1519.3513
1517.7081
1513.9297
1513.3513
1512.681
1512.5514
1513.2283
1513.0326
1517.0055
1520.2717
1520.049
1515.9348
1530.6902
1528.451
1535.459
1521.1093
1520.3552
1516.7924
1523.9286
1519.2583
1518.456
1514.5275
1514.1044
1511.489
1508.3682
1505.2487
1506.6111
1500.5056
1477.3112
1454.9388
1448.9111
1441.35
1436.2167
1443.6
1438.0333
1434.0444
1432.45
1429.6888
1429.8167
1427.4277
1426.6056
1425.7667
1426.2
1414.8667
1410.5278
1408.3389
1404.7444
1402.4778
1405.7167
1419.7023
1420.1123
1422.4463
1427.534
1425.6307
1423.6364
1422.7386
1423.44
1422.2114
1422.8
1422.84
1421.6743
1419.9657
1416.5314
1416.9028
1415.4058
1412.8342
1418.8103
1416.5575
1425.9191
1424.6127
1421.2139
1419.4971
1418.422
1413.8208
1416.4419
1413.6221
1410.7267
1409.6628
1407.6744
1415.0814
1409.3081
1405.8081
1405.1802
1401.3024
1398.5406
1382.6395
1381.7035
1383.8954
1379.6337
1385.1696
1381.4152
1378.7076
1373.269
1374.4
1397.5764
1403.5858
1406.426
1407.5266
1414.0947
1412.4911
1422.0536
1422.7858
1420.9286
1428.2515
1433.6807
1442.1091
1450.1158
1449.6342
1447.2744
1443.3903
1440.5731
1438.3658
1417.878
1412.8964
1420.135
1415.681
1413.7423
1409.5706
1411.7056
1419.6482
1418.5988
1426.8075
1426.8323
1426.205
1433.8187
1440.0692
1441.8868
1444.2516
1445.4906
1447.0566
1449.6855
1446.0441
1449.6918
1454.8607
1452.2659
1459.0956
1457.2357
1455.8408
1456.121
1452.6241
1462.0128
1467.587
1473.6884
1469.8896
1469.6948
1473.4445
1471.6797
1470.8823
1466.6993
1460.5621
1457.4053
1452.4641
1451.902
1448.804
1464.7152
1460.4238
1455.2119
1452.8345
1450.1125
1447.2583
1442.4039
1452.3867
1449.1533
1447.8134
1444.4333
1440.4133
1436.6133
1433.4734
1441.3154
1447.3513
1444.4865
1442.4459
1441.419
1437.5608
1446.5986
1446.4421
1439.2925
1474.0748
1468.6803
1467.5034
1463.8572
1461.6259
1459.9932
1455.0748
1456.8503
1456.932
1453.449
1449.3265
1444.2449
1443.5851
1442.4286
1442.2858
1445.6394
1442.4694
1444.6871
1440.5714
1440.7415
1440.3265
1433.4966
1427.5782
1427.7279
1426.7755
1425.0476
1423.7279
1423.4897
1420.8231
1417.9728
1413.2517
1407.6531
1404.8435
1408.7946
1406.1301
1401.8767
1400.6918
1398.8287
1392.7603
1393.9384
1393.1576
1391.9795
1385.096
1379.1096
1374.8767
1371.4863
1366.9518
1384.8966
1381.0896
1375.0
1376.9236
1369.9375
1336.1528
1331.007
1326.3889
1322.868
1318.6111
1305.9028
1308.6783
1309.9084
1305.4366
1302.1549
1299.8098
1300.7394
1306.8582
1305.1915
1306.5674
1305.9432
1302.3972
1300.1631
1300.5106
1293.7092
1293.8014
1300.5571
1302.2285
1301.95
1298.7214
1300.6857
1299.2858
1298.1
1298.1143
1291.1571
1291.0643
1289.8429
1290.1929
1289.1857
1288.4642
1285.9357
1284.8143
1293.5972
1295.554
1297.8705
1324.4677
1325.1367
1333.2681
1341.562
1347.0515
1342.9265
1340.9706
1338.4485
1340.2941
1337.5883
1336.125
1333.0662
1341.2667
1340.2074
1338.2148
1347.9329
1348.3806
1343.6791
1336.6493
1343.0452
1351.2803
1354.6288
1356.8561
1355.5985
1356.7046
1354.9697
1349.7122
1350.1212
1348.1288
1347.7197
1347.1136
1346.6742
1351.6794
1347.1375
1345.6641
1342.7863
1339.4427
1336.5496
1333.0
1328.145
1328.084
1318.3359
1325.6923
1321.0769
1317.2461
1314.4615
1310.4462
1307.9769
1302.7076
1310.3721
1306.6821
1298.8062
1298.5039
1294.5736
1292.0775
1288.248
1284.969
1282.1008
1281.1705
1279.0233
1277.5891
1272.9225
1278.1797
1294.8016
1288.1825
1277.856
1275.36
1283.72
1280.064
1302.0162
1300.5284
1299.7643
1291.8536
1289.8862
1288.561
1283.6423
1278.2357
1276.4553
1270.8943
1267.2195
1263.0488
1264.5935
1258.0325
1268.8279
1264.8279
1264.8032
1261.541
1237.0331
1238.3667
1236.6333
1231.9417
1237.8739
1242.916
1242.6975
1250.4576
1247.356
1247.9153
1254.7179
1250.0427
1254.112
1257.4174
1248.9739
1252.6228
1247.7544
1243.6842
1243.1316
1244.8596
1243.7456
1241.1404
1239.1578
1235.0
1232.1404
1228.5964
1226.4122
1211.2894
1221.2389
1235.3214
1228.9464
1226.4642
1220.6875
1222.3392
1220.0536
1211.4375
1207.5892
1206.2767
1210.1351
1204.9099
1204.4414
1200.7928
1199.036
1199.7297
1197.4144
1196.1621
1194.9369
1201.7455
1193.8545
1211.4537
1205.7314
1204.5463
1203.037
1229.3679
1227.2358
1227.915
1223.934
1223.3679
1221.7075
1227.219
1228.3715
1226.1523
1224.8953
1221.1904
1217.2
1218.0095
1202.9048
1212.3365
1213.3077
1225.0098
1237.4412
1248.9604
1248.8613
1275.899
1270.2626
1270.8889
1269.5253
1279.2449
1279.6428
1276.1123
1271.9183
1265.398
1263.8368
1273.5566
1270.9279
1268.2783
1267.1855
1266.1649
1260.763
1258.3505
1272.4479
1268.4062
1277.5157
1273.0631
1283.6277
1278.4894
1278.5
1275.266
1271.5426
1272.9574
1271.1489
1267.5319
1266.2234
1275.5054
1274.4517
1272.7097
1271.2043
1269.7205
1266.6559
1265.7097
1264.0
1262.8495
1261.9893
1270.6086
1269.326
1268.0109
1266.1195
1266.424
1264.5978
1261.3369
1257.6373
1256.5385
1255.1318
1250.2748
1244.2968
1244.7472
1242.022
1239.4396
1263.573
1264.0674
1259.236
1259.6293
1259.0225
1262.1123
1260.8539
1259.6405
1258.0562
1255.6179
1249.8651
1249.3821
1251.3033
1247.5281
1246.7865
1241.1686
1253.034
1250.75
1246.7954
1260.069
1256.977
1257.2874
1254.7012
