410.164
507.976
599.847
685.708
776.423
863.733
951.38
1032.184
1097.856
1154.959
1216.29
1273.783
1310.004
1355.234
1408.367
1447.807
1483.516
1524.783
1566.405
1596.87
1624.045
1653.029
1676.896
1723.239
1735.351
1746.413
1764.656
1793.984
1822.383
1845.651
1871.269
1887.969
1908.066
1923.934
1946.806
1964.347
1968.411
1973.491
1971.004
1989.396
1998.236
2004.65
2006.578
2016.389
2025.806
2047.547
2059.078
2057.012
2051.465
2053.538
2058.351
2082.848
2083.631
2083.998
2081.03
2069.338
2056.736
2053.267
2041.153
2036.513
2028.946
2023.903
2020.15
2018.309
2007.996
2004.997
1999.573
2015.3
2006.159
1999.341
1986.874
1957.155
1935.514
1905.161
1882.714
1864.519
1848.972
1837.2
1827.195
1810.545
1785.284
1760.613
1725.314
1685.749
1641.945
1586.398
1546.239
1514.711
1479.996
1431.509
1375.867
1308.811
1252.44
1191.624
1133.37
1071.244
1003.762
947.279
893.398
826.55
