0
0
0
0
39
30
28
33
24
23
24
26
31
23
20
17
16
14
18
26
20
21
18
23
17
20
13
25
19
14
9
17
9
14
11
13
17
15
14
9
13
16
12
11
10
20
10
11
8
10
14
10
9
10
10
11
13
9
15
10
10
9
10
13
5
8
8
10
6
5
11
7
10
9
6
5
8
5
10
2
4
7
8
3
3
7
5
4
14
8
6
6
9
4
1
7
4
8
8
3
4
7
4
5
8
3
2
4
3
6
7
3
4
4
3
4
2
6
6
5
6
2
5
2
3
7
2
4
5
3
4
4
2
2
3
4
6
0
2
2
4
3
5
1
7
6
3
4
3
2
0
3
5
3
2
4
0
1
2
4
1
4
0
0
2
0
2
4
0
2
3
2
0
1
1
2
4
2
2
2
1
4
1
2
3
0
2
8
1
2
2
5
6
2
1
5
2
1
1
2
0
4
1
0
1
6
1
3
1
1
0
2
1
3
1
2
2
0
0
3
0
3
3
2
4
1
2
0
1
1
0
2
3
3
2
3
1
2
2
1
2
2
3
1
2
2
2
1
0
3
2
0
0
0
1
1
1
0
2
2
1
1
1
1
0
2
1
2
2
1
1
2
2
1
1
1
1
0
1
0
0
1
1
0
0
1
1
0
1
0
2
0
1
0
0
0
1
0
2
0
3
1
0
3
3
0
1
3
1
0
4
0
1
0
0
0
0
0
3
2
0
0
1
0
0
1
0
1
2
1
1
0
1
0
0
1
0
0
0
1
1
0
0
0
1
2
0
2
0
2
0
0
1
2
0
1
2
0
0
2
0
1
1
0
0
1
1
1
0
2
1
1
0
0
1
0
0
1
3
0
0
0
1
0
0
0
0
0
2
0
1
0
0
0
0
0
0
1
0
0
1
2
0
0
0
0
1
1
0
1
0
1
0
1
0
0
1
0
0
0
1
0
0
0
0
1
3
1
0
0
0
1
1
0
0
1
0
0
0
0
0
0
1
1
0
0
0
0
0
0
1
0
0
1
0
0
0
0
0
1
0
0
0
0
0
1
0
0
0
0
1
0
0
1
0
0
2
0
0
0
0
0
0
1
1
1
2
0
0
0
0
0
0
1
0
0
0
0
0
74
