7.117
7.166
7.166
7.195
7.235
7.254
7.286
7.295
7.303
7.341
7.316
7.305
7.317
7.33
7.374
7.365
7.372
7.394
7.351
7.357
7.372
7.38
7.4
7.408
7.393
7.388
7.427
7.433
7.464
7.457
7.473
7.505
7.542
7.556
7.594
7.626
7.654
7.697
7.713
7.73
7.709
7.78
7.793
7.817
7.853
7.876
8.03
8.062
8.085
8.111
8.139
8.176
8.195
8.214
8.232
8.207
8.234
8.253
8.335
8.339
8.374
8.375
8.402
8.429
8.418
8.441
8.502
8.563
8.571
8.589
8.597
8.586
8.618
8.63
8.636
8.648
8.662
8.664
8.682
8.715
8.75
8.784
8.82
8.88
8.902
8.889
8.914
8.939
8.959
8.996
9.019
9.066
9.082
9.097
9.115
9.129
9.125
9.161
9.162
9.18
9.139
9.148
9.116
9.127
9.159
9.165
9.132
9.118
9.116
9.137
9.136
9.171
9.172
9.266
9.323
9.305
9.355
9.368
9.397
9.394394
9.420421
9.4094095
9.450451
9.438438
9.463464
9.517517
9.503006
9.516032
9.5230465
9.461924
9.487976
9.503006
9.502004
9.498998
9.490982
9.486974
9.502507
9.52658
9.5215645
9.510531
9.527583
9.554664
9.541625
9.527583
9.553661
9.554664
9.531595
9.580321
9.550754
9.519598
9.464321
9.473367
9.471356
9.492462
9.438191
9.479397
9.481407
9.330653
9.342713
9.336683
9.381909
9.37789
9.39598
9.378895
9.365829
9.3547735
9.323618
9.344724
9.361809
9.376884
9.378895
9.379899
9.392964
9.300503
9.346734
9.332664
9.318593
9.324623
9.327639
9.345729
9.360161
9.399396
9.376258
9.431589
9.455734
9.4346075
9.477867
9.465795
9.4959755
9.502012
9.527163
9.536218
9.556338
9.587525
9.591549
9.576459
9.581489
9.579477
9.557344
9.525151
9.498994
9.54326
9.541247
9.561368
9.567405
9.599598
9.6036215
9.59658
9.584088
9.593152
9.611279
9.582074
9.694864
9.701914
9.708962
9.691843
9.693857
9.702921
9.695871
9.702921
9.700907
9.70867
9.721774
9.684476
9.690524
9.690524
9.660282
9.642138
9.65625
9.648186
9.688508
9.705646
9.710394
9.693939
9.647474
9.654196
9.65824
9.652174
9.62993
9.643074
9.644085
9.647774
9.678138
9.677126
9.673077
9.691296
9.7712555
9.752025
9.770243
9.748988
9.687247
9.733806
9.736842
9.77834
9.806484
9.808511
9.791286
9.7629175
9.785208
9.841946
9.783181
9.756839
9.747464
9.776649
9.838414
9.816057
9.827236
9.771109
9.807732
9.781281
9.775178
9.739573
9.791454
9.78942
9.806714
9.761953
9.757637
9.728106
9.695519
9.730143
9.700611
9.690428
9.643584
9.639511
9.634419
9.58554
9.604888
9.535642
9.568228
9.556008
9.553971
9.572302
9.525994
9.531091
9.495413
9.465306
9.45
9.476531
9.503061
9.530612
9.554082
9.506123
9.503061
9.493877
9.443877
9.434694
9.441836
9.421429
9.421859
9.391215
9.385087
9.389173
9.383044
9.358529
9.33095
9.322779
9.310521
9.316974
9.304704
9.280164
9.2484665
9.291411
9.289366
9.287321
9.320041
9.329244
9.324463
9.321392
9.296827
9.289662
9.283521
9.305016
9.277664
9.287769
9.284686
9.294964
9.285714
9.274409
9.305242
9.268243
9.263374
9.279836
9.263374
9.265705
9.264675
9.335052
9.328174
9.313017
9.339876
9.309204
9.32058
9.3147
9.360996
9.295834
9.312109
9.349008
9.371339
9.385341
9.397905
9.402515
9.41195
9.349056
9.362015
9.361433
9.342465
9.337909
9.286469
9.3005295
9.31356
9.399788
9.415694
9.410393
9.414453
9.371277
9.358511
9.382978
9.385516
9.369936
9.372465
9.325854
9.343315
9.368703
9.350482
9.33871
9.333333
9.328664
9.3125
9.300647
9.270474
9.273706
9.25162
9.262419
9.231602
9.281385
9.30303
9.199134
9.19935
9.206074
9.208243
9.184582
9.179153
9.288043
9.282609
9.321001
9.348584
9.396514
9.412854
9.412854
9.417212
9.41939
9.454743
9.520742
9.522925
9.55847
9.569399
9.589716
9.542669
9.54874
9.515351
9.489035
9.451153
9.496703
9.535753
9.484049
9.482379
9.454845
9.4922905
9.496141
9.532525
9.562914
9.735911
9.744751
9.697675
9.842747
9.842747
9.871111
9.952222
9.967742
10.006681
10.040223
10.040223
10.010067
10.042505
10.029148
10.043771
10.048369
9.985376
9.988701
10.00453
9.982993
10.005675
9.978409
9.988636
9.945393
9.938566
9.93508
9.973684
10.08945
10.127586
10.114943
10.105747
10.150748
10.133487
10.138409
10.066897
10.055364
10.06805
10.06805
10.073818
10.088915
10.078612
10.10867
10.166667
10.119351
10.118193
10.150812
10.125436
10.229965
10.061556
10.059234
10.076655
10.063879
10.078978
10.096399
10.110337
10.077817
10.049942
10.194412
10.319347
10.303384
10.292056
10.315789
10.286885
10.309859
10.323944
10.271445
10.292597
10.252644
10.244706
10.232586
10.273373
10.242603
10.268957
10.274346
10.250594
10.25772
10.248219
10.236905
10.232142
10.116806
10.0989275
9.926014
9.90681
9.880526
9.879331
9.872163
9.875747
9.896057
9.921053
9.900479
9.910072
9.95078
9.929172
9.94351
9.971119
9.959085
9.942168
9.937198
9.927448
9.926239
9.94075
9.928572
9.929782
9.921308
9.911622
9.906667
9.925971
9.915049
9.928398
9.904126
9.859223
9.792476
9.803398
9.781553
9.779805
9.780755
9.745122
9.737485
9.916972
9.8779
9.874237
9.871795
9.807082
9.838828
9.802197
9.820293
9.826406
9.826406
9.773839
9.764706
9.764418
9.761963
9.667484
9.6650305
9.662162
9.663391
9.646192
9.646192
9.655597
9.723798
9.77284
9.774074
9.804938
9.840741
9.845679
9.823457
9.823238
9.830655
9.816832
9.762082
9.763321
9.762082
9.700993
9.688585
9.710918
9.693168
9.720149
9.720698
9.715
9.72
9.7075
9.67875
9.65375
9.66
9.5775
9.54625
9.58
9.53625
9.53
9.54
9.414053
9.389447
9.386934
9.220126
9.216624
9.226986
9.235813
9.196721
9.2093315
9.199244
9.184111
9.176767
9.204804
9.204804
9.1984825
9.193671
9.170886
9.207858
9.184479
9.199745
9.2076435
9.189809
9.182398
9.176021
9.130102
9.128826
9.156888
9.148149
9.162612
9.117798
9.120358
9.109115
9.136422
9.166023
9.172459
9.314838
9.30491
9.294574
9.286821
9.300518
9.303896
9.299089
9.26918
9.244473
9.202861
9.187256
9.187256
9.014304
9.019531
8.996094
8.997393
8.975228
9.003917
9.037958
9.112861
9.147368
9.140789
9.176781
9.180738
9.215323
9.206349
9.221192
9.209271
9.2749
9.288564
9.302139
9.29585
9.289544
9.303356
9.304698
9.280914
9.273216
9.262803
9.233153
9.302294
9.32973
9.346467
9.3863945
9.390476
9.388284
9.260218
9.237381
9.240767
9.191781
9.175343
9.154795
9.135802
9.161865
9.178817
9.195592
9.122589
9.11708
9.119835
9.128099
9.103591
9.082873
9.078947
9.090028
9.059557
9.079057
9.055633
9.075314
9.048951
9.078321
9.072727
9.084151
9.102528
9.081461
9.070225
9.036517
8.994374
8.9915495
9.004231
8.991537
8.899717
8.923729
8.957567
8.981586
8.922096
8.919264
8.933333
8.958865
8.975852
8.975818
8.97151
8.990028
9.018572
9.0014305
9.025825
9.045911
9.045911
9.207194
9.210375
9.152958
9.144508
9.138929
9.095791
9.129738
9.110949
9.121345
9.130307
9.142229
9.121701
9.118769
9.111437
9.186115
9.17873
9.155096
9.18787
9.245171
9.255953
9.313433
9.307922
9.281016
9.22571
9.239163
9.239163
9.221226
9.216742
9.201794
9.177877
9.179372
9.144993
9.1497
9.155688
9.179641
9.184132
9.162162
9.164157
9.134238
9.137255
9.098336
9.039334
9.007565
9.003026
8.950076
8.922844
8.816944
8.915152
8.924242
8.899696
8.922492
8.926941
8.920853
8.908676
8.91172
8.928353
8.957317
8.919084
8.934351
8.940458
8.951145
8.974006
8.981651
8.995413
8.958715
9.027523
9.058104
9.050536
9.061255
9.05513
9.082695
9.09049
9.08589
9.058282
9.058282
9.042945
9.053681
9.056923
9.089368
9.089368
9.111111
9.154559
9.116099
9.108359
9.11938
9.085403
9.059006
9.029503
9.055901
9.082555
9.102964
9.095612
9.135221
9.22327
9.218554
9.176101
9.155661
9.15433
8.898894
8.871633
8.900159
8.930159
8.910828
8.968153
8.990431
9.035144
9.0432
9.084936
9.054575
9.049759
9.069021
9.069132
9.065916
9.067524
9.057878
9.062802
9.069243
9.056452
9.135703
9.106624
9.124596
9.113269
9.108415
9.090762
9.059968
9.064935
9.060065
9.173984
9.128455
9.130081
9.121951
9.102439
9.143089
9.118699
9.115447
9.121951
9.143323
9.145187
9.14845
9.138889
9.112745
9.116585
9.103448
9.1494255
9.192434
9.194399
9.186161
9.163366
9.138614
9.142149
9.17686
9.15894
9.190713
9.189369
9.221298
9.193011
9.19634
9.191667
9.183333
9.278334
9.28
9.31
9.291667
9.263333
9.25
9.278334
9.221666
9.247492
9.252508
9.289298
9.269231
9.247492
9.22408
9.247492
9.20903
9.220736
9.244147
9.217755
9.214405
9.184255
9.155779
9.093802
9.073702
9.090452
9.100503
9.246231
9.236577
9.257143
9.262185
9.271044
9.281145
9.294613
9.272727
9.316499
9.326599
9.350168
9.392256
9.397306
9.393939
9.388889
9.36532
9.318182
9.44276
9.376054
9.408094
9.653716
9.661591
9.625423
9.605084
9.594915
9.625423
9.620339
9.586441
9.638983
9.663837
9.675721
9.624787
9.597623
9.609508
9.674024
9.687606
9.692699
9.678572
9.653061
9.646258
9.636054
9.622449
9.569728
9.60034
9.624149
9.636054
9.62628
9.616041
9.568259
9.561434
9.593163
9.569231
9.574359
9.597603
9.547945
9.563356
9.574615
9.559176
9.548885
9.506873
9.525773
9.551546
9.591065
9.666667
9.714777
9.695876
9.702749
9.549829
9.524055
9.5017185
9.5
9.460481
9.441581
9.451724
9.467241
9.474138
9.4758625
9.474138
9.527681
9.532872
9.797227
9.752167
9.805893
9.772964
9.7487
9.941074
9.932409
9.946274
9.97227
9.956673
9.991335
9.965338
9.982639
9.970435
9.982609
9.956522
9.947826
9.963478
9.953044
9.935652
9.958261
9.944347
9.963478
9.946087
9.958261
9.96
9.953044
9.933913
9.953044
9.942609
9.951304
9.911304
9.784348
9.806956
9.766956
9.775261
9.806621
9.84669
9.88676
9.900523
9.863874
9.890053
9.867365
9.872601
9.851658
9.848167
9.795812
9.780105
9.85289
9.875657
9.877408
9.861647
9.915937
10.0
9.991243
10.075307
10.038528
9.998249
10.01401
10.01401
10.017513
10.070052
10.099825
10.094571
9.984239
9.984211
10.0
9.97193
9.989473
9.985965
9.977193
9.763158
9.738597
9.7263155
9.724562
9.722807
9.642105
9.638597
9.645614
9.645614
9.647368
9.708261
9.718309
9.730159
9.675485
9.638448
9.622575
9.631393
9.675485
9.679012
9.70194
9.715548
9.74735
9.7650175
9.740283
9.692579
9.720354
9.706195
9.693806
9.646018
9.629433
9.539007
9.508865
9.510638
9.507092
9.5904255
9.570922
9.593971
9.570922
9.519504
9.549645
9.507092
9.507092
9.517731
9.510638
9.608156
9.559503
9.564832
9.573712
9.602132
9.554174
9.422735
9.413855
9.420959
9.403197
9.379004
9.174377
9.177936
9.165481
9.172598
9.129893
9.142603
9.16221
9.240642
9.256684
9.260249
9.247772
9.222816
9.213903
9.228164
9.235714
9.248215
9.245081
9.257603
9.245081
9.264758
9.252236
9.302867
9.297491
9.290322
9.270609
9.22043
9.21147
9.224014
9.19534
9.229391
9.207886
9.21147
9.259856
9.261649
9.293907
9.2831545
9.270609
9.27289
9.298025
9.283663
9.316546
9.30036
9.294964
9.342342
9.358559
9.342342
9.286487
9.336937
9.327928
9.291892
9.30991
9.290091
9.301444
9.270758
9.205776
9.218411
9.229242
9.211191
9.18953
9.223826
9.24774
9.240506
9.240942
9.257246
9.231884
9.226449
9.233696
9.222826
9.233696
9.233696
9.230072
9.211957
9.197464
9.22686
9.243195
9.426497
9.404718
9.410163
9.397459
9.413479
9.417122
9.456204
9.419708
9.414233
9.406935
9.386861
9.381387
9.365631
9.274223
9.2760515
9.274223
9.261905
9.236263
9.256411
9.236263
9.348624
9.359633
9.39633
9.379816
9.363303
9.422018
9.385321
9.381651
9.361468
9.34312
9.389706
9.387868
9.308824
9.297794
9.318015
9.325368
9.357274
9.313075
9.328413
9.308687
9.283334
9.288889
9.292593
9.290741
9.15
9.135185
9.133333
9.122222
9.196297
9.187384
9.19295
9.222634
9.233767
9.2657995
9.254647
9.2081785
9.243494
9.213755
9.224907
9.184015
9.124536
9.113383
9.068901
9.03352
9.040968
9.235075
9.166045
9.154851
9.119403
9.11194
9.063433
9.029851
9.037313
8.977612
8.972015
9.0
8.975701
9.013108
9.009363
9.110487
9.110487
9.157304
9.189138
9.243445
9.254682
9.202248
9.19663
9.23221
9.251407
9.24015
9.213883
9.258912
9.238722
9.25
9.204887
9.201128
9.216573
9.256121
9.291903
9.278719
9.288136
9.31132
9.326415
9.354717
9.371698
9.402646
9.402646
9.378072
9.407197
9.399621
9.38447
9.403409
9.405303
9.410985
9.405303
9.405303
9.42803
9.458333
9.466793
9.444023
9.41556
9.428843
9.39279
9.375711
9.57685
9.56926
9.580646
9.6470585
9.658444
9.686907
9.702087
9.703985
9.696395
9.709678
9.726235
9.762358
9.764258
9.754286
9.830476
9.782857
9.773334
9.761905
9.742857
9.699048
9.706667
9.678095
9.601905
9.533334
9.521905
9.523809
9.436191
9.495238
9.485714
9.460953
9.487572
9.456979
9.48566
9.487572
9.49522
9.50478
9.487572
9.460803
9.4206505
9.441683
9.432122
9.437859
9.446361
9.500959
9.53167
9.525911
9.497121
9.510556
9.539348
9.532692
9.560694
9.3641615
9.342967
9.360309
9.415058
9.374517
9.364865
9.348163
9.336557
9.241779
9.208898
9.133462
9.145068
9.133462
9.052224
8.914893
8.895552
8.901163
8.895349
8.899225
8.908915
8.881783
8.883721
8.924272
8.947573
8.906796
9.001942
9.019418
9.003883
9.013592
9.013592
9.042802
8.949416
8.947471
8.945525
8.937743
8.928016
8.970818
9.007782
8.9980545
9.013618
9.038911
9.033074
9.033074
9.037037
9.081871
9.066277
9.116959
9.091618
9.076023
9.066277
9.054581
9.09375
9.09375
9.046875
9.0546875
9.035156
9.037182
9.046967
9.017682
8.98622
8.980315
9.001972
9.003953
9.011858
9.031621
9.051383
9.057312
9.057312
9.061386
9.061508
9.075546
9.063619
9.170974
9.198807
9.184891
9.218688
9.220675
9.1992035
9.161355
9.167665
9.141717
9.1656685
9.095808
9.08982
9.031936
9.004
9.036
9.046
9.048
9.042
9.026
9.012
8.988
8.946
8.938
8.938
8.896
8.932
8.89
9.012
9.012
9.024
9.046
9.034
8.95
8.934
8.918
8.932
8.958
8.987976
8.991984
9.022044
9.026052
9.032064
9.084337
9.090362
9.142858
9.122736
9.120968
9.127016
9.104838
9.102822
9.118952
9.090726
9.10303
9.10101
9.084848
9.048485
9.060606
9.042424
9.026262
9.014141
8.989899
9.004041
8.927273
8.973738
8.995952
8.945233
8.914807
8.920893
8.874239
8.8722105
8.874239
8.880324
8.851927
8.845841
8.843813
8.845841
8.841785
8.79716
8.801217
8.851927
8.849898
8.841785
8.845841
8.813388
8.810976
8.819106
8.869654
8.898167
8.959267
8.930754
8.96945
8.967414
9.004073
8.979633
8.98167
8.973523
8.991854
8.991854
9.026477
9.0
9.042857
8.889796
8.885715
8.893878
8.8408165
8.814285
8.832653
8.82449
8.804082
8.814285
8.822449
8.830612
8.8102045
8.842536
8.862705
8.858606
8.829918
8.838115
8.877049
8.852459
8.803279
8.776639
8.797132
8.793033
8.829918
8.840164
8.793033
8.808642
8.764949
8.758763
8.742268
8.729897
8.742268
8.791753
8.764949
8.746391
8.742268
8.729897
8.7175255
8.748453
8.723711
8.705154
8.698969
8.643299
8.63299
8.630165
8.667356
8.67562
8.665289
8.642562
8.634297
8.566115
8.57438
8.571428
8.585921
8.548655
8.571428
8.602485
8.614907
8.710145
8.714286
8.726141
8.717842
8.684648
8.623701
8.5842
8.575884
8.588358
8.625779
8.685416
8.697917
8.691667
8.652083
8.672234
8.718163
8.734864
8.728033
8.742678
8.737946
8.754202
8.819327
8.850841
8.84874
8.834034
8.823529
8.840336
8.836135
8.8
8.793249
8.78481
8.782701
8.782701
8.8312235
8.805907
8.845991
8.85865
8.86076
8.869198
8.85654
8.837553
8.866526
8.908898
8.908898
8.93856
8.919492
8.93644
8.940678
8.919492
8.955414
8.910828
8.96603
8.946921
8.940426
8.980851
8.987234
8.938298
8.925373
8.931769
8.91258
8.92094
8.903846
8.955032
8.955032
8.948608
8.931478
8.929337
8.9379015
8.751606
8.734475
8.715203
8.71092
8.738758
8.732334
8.708779
8.719486
8.794433
8.785868
8.798284
8.770387
8.748927
8.729613
8.583691
8.637339
8.667382
8.669528
8.645923
8.67382
8.72043
8.733334
8.741936
8.774194
8.778495
8.834409
8.825807
8.858065
8.847312
8.8494625
8.8577585
8.838362
8.840173
8.794816
8.792657
8.74514
8.734342
8.753779
8.762419
8.771058
8.773218
8.730021
8.706264
8.680346
8.62987
8.627706
8.601731
8.660173
8.655844
8.658009
8.644252
8.616052
8.6052065
8.579176
8.571739
8.563044
8.567391
8.532609
8.582608
8.57826
8.57826
8.606522
8.594771
8.594771
8.612201
8.535948
8.514161
8.507626
8.45098
8.437908
8.448802
8.477024
8.498906
8.49453
8.5185995
8.512035
8.5185995
8.490153
8.490153
8.455142
8.448578
8.437636
8.437636
8.435449
8.39825
8.435449
8.49453
8.474726
8.459341
8.471366
8.5
8.566079
8.557269
8.5837
8.603524
8.603524
8.612335
8.601321
8.601321
8.599119
8.598234
8.642385
8.657837
8.721854
8.758849
8.70354
8.690266
8.716814
8.741151
8.794248
8.824834
8.849224
8.88
8.877778
8.908889
8.88
8.822222
8.762222
8.788889
8.782222
8.748889
8.72
8.693334
8.697104
8.663697
8.657016
8.628062
8.649553
8.609375
8.572707
8.612975
8.601789
8.654709
8.656951
8.636771
8.630045
8.641255
8.67713
8.742152
8.766816
8.753364
8.733184
8.804495
8.813483
8.831461
8.804054
8.790541
8.831081
8.817568
8.808558
8.799549
8.815315
8.846501
8.819004
8.789593
8.748869
8.77828
8.776018
8.818594
8.741497
8.7800455
8.777778
8.773243
8.773243
8.746032
8.773243
8.752834
8.763637
8.740909
8.788636
8.777273
8.729546
8.745455
8.753425
8.7739725
8.784897
8.803204
8.810069
8.76659
8.759726
8.732265
8.748283
8.732265
8.720824
8.711671
8.711671
8.693364
8.679634
8.610984
8.597254
8.638444
8.649885
8.622426
8.654462
8.604119
8.633867
8.624714
8.608696
8.627003
8.663615
8.665904
8.688787
8.654462
8.681192
8.669724
8.678899
8.676605
8.706422
8.729358
8.672018
8.652874
8.63908
8.625287
8.613793
8.609196
8.6
8.604598
8.685912
8.711316
8.709007
8.732101
8.727483
8.720554
8.729167
8.810185
8.831018
8.828704
9.092808
9.120649
9.120649
9.1299305
9.148492
9.1299305
9.12761
9.153132
9.134571
9.132251
9.11601
9.076566
9.067286
9.095128
9.078886
9.106729
9.093023
9.104651
9.158139
9.183721
9.195349
9.197675
9.22093
9.20979
9.35514
9.324766
9.285047
9.31542
9.348131
9.392524
9.299066
9.259346
9.281031
9.257611
9.4262295
9.423887
9.482435
9.488263
9.504695
9.5
9.57277
9.577465
9.612676
9.593897
9.619719
9.644706
9.672941
9.667453
9.676123
9.669031
9.689573
9.733967
9.748219
9.773809
9.804762
9.785714
9.757143
9.735714
9.740477
9.711905
9.733334
9.730952
9.716666
9.747017
9.718377
9.704058
9.720764
9.71599
9.725537
9.717704
9.772727
9.787082
9.77512
9.741627
9.741627
9.720096
9.715311
9.691387
9.700957
9.727273
9.739235
9.732058
9.710526
9.748804
9.787082
9.758373
9.710526
9.722488
9.705742
9.691387
9.626794
9.638756
9.657895
9.655502
9.619617
9.624402
9.586124
9.610048
9.61244
9.614833
9.617225
9.64354
