4.365
5.487
6.51
7.298
7.835
8.202
8.767
9.168
9.605
9.669
9.926
10.096
10.206
10.28
10.33
10.339
10.157
10.255
10.294
10.245
10.1
9.985
10.015
10.18
10.056
10.056
10.132
10.152
10.081
9.941
9.883
9.846
9.828
9.835
10.032
9.953
9.905
10.107
10.029
9.969
10.097
9.954
9.98
10.066
10.243
10.281
10.24
10.224
10.249
10.09
10.01
9.915
9.83
9.948
9.994
10.08
10.269
10.296
10.236
10.121
9.881
9.977
9.939
10.016
10.151
10.223
10.248
10.248
10.161
10.022
9.866
10.018
9.929
10.113
10.189
10.118
10.193
10.241
10.25
10.119
10.074
10.209
10.321
10.443
10.578
10.572
10.371
10.146
10.097
10.133
10.021
9.88
9.659
9.51
9.558
9.235
8.845
8.384
7.637
7.009
