0
0
0
0
22
8
12
12
7
14
21
14
16
2
6
12
13
4
9
3
10
2
5
3
4
5
3
5
5
3
2
2
12
8
0
11
2
2
3
9
1
8
2
2
0
1
1
4
7
0
3
0
2
3
0
0
3
0
4
0
2
5
2
5
2
1
4
10
1
1
11
1
1
5
0
1
7
0
0
5
1
0
1
2
3
1
0
0
1
1
3
0
0
0
0
0
0
3
6
0
0
1
4
0
0
0
0
2
0
0
6
0
2
2
0
0
1
2
1
0
0
0
1
0
0
0
1
1
0
0
0
0
0
1
2
1
0
0
0
2
2
7
0
1
1
0
0
0
0
5
0
0
0
0
0
0
1
0
0
0
0
2
0
0
0
0
2
0
0
0
2
1
0
0
0
1
0
1
1
1
0
2
1
1
0
0
0
0
2
0
0
0
1
0
0
0
1
0
0
0
1
0
3
0
0
1
1
0
3
0
0
0
0
0
0
4
0
0
1
0
0
0
0
0
2
0
0
0
1
0
0
2
0
0
4
0
0
0
0
0
0
0
0
0
0
0
1
0
0
0
0
1
0
0
0
0
0
0
1
0
0
0
0
0
0
1
0
0
0
0
0
0
1
0
0
0
0
0
0
1
0
0
3
0
2
0
1
0
0
1
0
0
3
1
0
1
0
0
0
0
0
0
0
2
0
0
0
0
0
0
0
0
0
0
0
0
0
0
1
0
0
1
0
0
3
0
0
1
0
0
0
0
0
0
0
0
0
0
0
0
0
0
0
1
2
0
3
0
0
0
0
0
0
0
0
0
0
0
0
0
0
0
0
1
0
0
0
0
0
0
0
0
0
0
0
0
0
0
0
0
0
0
0
0
0
0
0
0
1
0
0
0
0
0
0
1
0
0
0
0
0
0
0
0
0
0
0
0
0
0
0
0
0
0
0
0
0
0
0
0
0
0
0
0
0
0
0
0
0
0
0
0
0
0
0
0
0
0
0
0
0
0
0
0
0
0
0
0
0
0
0
0
0
0
0
0
0
0
0
0
0
0
0
0
0
0
0
0
1
0
0
0
0
0
0
0
0
0
0
0
0
0
0
0
0
0
0
0
0
0
0
0
0
0
0
0
0
0
0
6
