27.836
33.023
41.758
48.745
54.73
61.312
68.398
74.043
81.602
87.132
91.516
95.684
100.437
104.937
109.278
113.268
117.393
121.129
124.802
128.518
132.209
135.945
139.467
143.334
147.166
151.07
155.093
160.213
164.435
168.726
172.776
177.301
181.575
186.369
190.893
195.154
199.496
204.415
208.745
213.456
218.435
223.294
227.863
232.573
238.036
243.259
248.795
254.268
259.467
265.661
271.518
284.078
289.889
296.284
302.792
308.843
315.231
321.63
327.495
334.242
341.156
347.758
355.058
361.483
369.105
376.697
385.139
392.581
400.207
408.715
416.675
424.843
432.488
440.26
447.472
455.709
464.275
473.506
481.732
491.212
500.059
512.059
521.3
531.125
540.819
549.924
559.529
569.493
579.22
588.756
598.783
608.202
616.537
625.82684
633.6256
640.7908
646.3253
651.45746
656.68365
661.07306
665.5996
659.7966
664.53204
669.2525
674.3427
683.9349
668.2515
692.51105
698.5962
704.8457
711.93085
719.09717
726.59216
734.42584
742.8657
750.7946
759.1423
767.78656
776.5491
787.6974
795.8657
805.3427
813.507
822.5331
830.19336
839.89777
847.6924
855.8948
863.9509
872.7064
881.1052
888.91583
897.2034
905.4008
914.33264
923.2054
931.32166
938.9018
947.43585
955.3637
963.5471
973.18536
981.6543
990.9579
1000.2345
1008.987
1017.0932
1025.3688
1032.9529
1040.1693
1046.981
1054.3988
1063.4819
1071.2565
1077.993
1086.9419
1094.5902
1101.6102
1109.3677
1116.5662
1123.0441
1129.8336
1137.2776
1145.2495
1152.5491
1159.3066
1166.0371
1173.1643
1179.7355
1185.8607
1191.7926
1198.7145
1205.2836
1211.97
1218.6031
1224.1162
1229.6643
1234.6664
1240.1493
1245.1553
1250.4069
1255.3126
1260.0631
1264.6102
1275.3086
1282.2816
1288.2986
1293.0581
1298.4229
1304.9209
1310.4819
1316.969
1322.6112
1327.495
1331.6884
1336.2054
1336.469
1341.5321
1345.9679
1350.3407
1354.1884
1358.1473
1363.9338
1369.0602
1373.2826
1377.1774
1380.6403
1383.7245
1388.1583
1392.3167
1396.531
1402.3938
1406.4729
1410.1603
1413.3347
1416.2766
1419.3467
1422.4298
1426.1152
1428.9719
1432.3527
1434.5511
1436.7054
1438.8778
1440.6533
1442.7736
1444.8247
1447.2996
1450.2946
1451.3567
1453.1564
1454.1042
1457.2595
1461.1272
1465.9359
1470.1593
1475.1974
1478.8798
1482.9879
1487.6703
1490.7395
1497.9329
1501.9438
1505.2505
1508.5631
1509.9369
1511.8907
1514.6804
1518.0652
1521.8116
1526.7715
1529.3958
1531.4398
1534.445
1537.0992
1539.1833
1541.2104
1544.0391
1546.0171
1546.7916
1548.7064
1550.0721
1550.0902
1549.7445
1549.3336
1550.0681
1550.2435
1549.9438
1551.9058
1553.9429
1555.1443
1558.3807
1560.6543
1562.8577
1565.9679
1568.1002
1570.481
1571.4579
1572.8517
1574.6693
1575.9288
1579.0731
1580.3357
1576.5902
1580.5942
1580.1725
1580.5266
1581.0461
1582.651
1582.5076
1582.0942
1577.685
1577.996
1578.6168
1578.4243
1576.0371
1575.6335
1572.1055
1576.7208
1577.008
1577.8344
1578.5492
1578.6014
1577.2169
1576.1335
1578.256
1581.2148
1581.745
1582.3876
1581.0171
1583.8813
1584.5577
1585.1005
1586.0543
1585.8875
1585.6593
1584.404
1584.4352
1583.8965
1584.6161
1584.9176
1586.0603
1586.4644
1586.4542
1587.607
1588.1146
1589.3065
1590.2915
1591.0361
1589.1125
1589.4241
1589.3126
1589.6251
1589.5085
1589.2583
1589.7277
1590.9508
1591.7568
1591.7507
1592.1849
1592.1075
1592.0834
1588.793
1587.3597
1586.9036
1587.4171
1586.1237
1585.2804
1584.179
1583.4784
1582.0764
1582.4739
1581.8622
1580.0704
1579.6938
1578.137
1577.2427
1577.0947
1574.8992
1571.6946
1569.7833
1567.7863
1565.0483
1560.1704
1558.1804
1556.9092
1555.3844
1555.3784
1555.8063
1556.3707
1555.0172
1555.7717
1554.7202
1553.2778
1552.3889
1551.8041
1552.5956
1551.369
1551.0526
1550.1567
1548.7158
1548.2123
1547.4838
1545.9677
1544.7356
1543.4772
1541.9878
1540.6809
1537.1996
1534.1499
1533.215
1530.7465
1520.132
1516.4213
1516.2733
1514.629
1514.4913
1512.4883
1510.5992
1507.1383
1504.6674
1502.3105
1502.0398
1499.7706
1497.5056
1495.0347
1490.7737
1488.452
1487.143
1486.7689
1485.3374
1483.9877
1482.957
1480.7635
1479.3787
1479.0922
1475.1945
1473.3439
1470.3556
1470.0841
1465.2451
1463.0902
1462.12
1463.5966
1465.4132
1466.3618
1469.6526
1470.3319
1469.517
1468.1583
1466.8304
1465.851
1463.5118
1465.2911
1463.3292
1464.4537
1464.4166
1463.1813
1464.1102
1466.1505
1464.8835
1464.7969
1464.7845
1463.6835
1461.8773
1459.8876
1459.7812
1455.838
1453.0485
1450.1011
1449.1228
1448.159
1447.1715
1446.063
1446.187
1446.1136
1445.3961
1444.1561
1442.9794
1441.5791
1440.2329
1439.3298
1438.75
1437.188
1436.35
1433.2097
1428.5088
1427.0831
1425.1039
1425.529
1423.788
1421.7245
1420.3971
1415.9023
1415.4086
1414.686
1413.0083
1414.336
1414.2769
1414.2227
1412.9188
1412.4963
1414.3854
1407.635
1406.6997
1414.4425
1415.8712
1414.8356
1414.599
1414.8899
1415.2571
1412.3025
1412.3881
1414.6312
1404.6965
1403.3513
1402.1371
1400.0507
1400.2455
1398.7205
1397.7098
1396.881
1395.425
1400.773
1400.2039
1404.2462
1406.6124
1412.4484
1415.7129
1413.987
1417.2035
1418.1853
1418.5281
1419.5022
1419.2192
1415.4191
1415.4363
1414.6469
1415.2235
1418.0671
1418.6915
1420.7533
1421.3337
1420.6497
1420.5065
1418.4274
1418.7068
1417.6655
1414.7872
1416.9696
1418.812
1418.6061
1418.049
1416.5713
1413.3384
1411.2385
1410.0033
1410.8484
1409.881
1406.6376
1406.7631
1398.3367
1399.2214
1400.3578
1398.6422
1398.956
1398.4609
1397.6046
1396.2313
1394.6542
1393.0353
1392.0353
1394.105
1392.8431
1392.9989
1391.346
1389.1442
1389.5864
1389.0377
1386.8878
1383.711
1382.0189
1380.8417
1377.7937
1377.6573
1375.9475
1373.6573
1372.4883
1367.8246
1369.6018
1367.7069
1368.4221
1368.5997
1367.5874
1363.7971
1366.6027
1366.0955
1365.5214
1364.8894
1363.0417
1359.6509
1361.6912
1363.8142
1362.9049
1363.466
1361.4059
1360.5851
1359.1066
1359.7639
1360.252
1362.1854
1362.5868
1362.5994
1360.5936
1363.5995
1362.9885
1361.4714
1360.6666
1360.1709
1358.3027
1357.5057
1357.8439
1357.1285
1351.7402
1352.3629
1353.3599
1351.0485
1348.1372
1346.7244
1348.5548
1349.1074
1347.2612
1347.5475
1346.9271
1346.1886
1342.9352
1341.3627
1341.913
1341.2761
1339.4083
1340.6946
1339.1812
1339.4872
1340.0477
1339.0361
1337.049
1334.8439
1333.5374
1332.4836
1333.3469
1331.6133
1331.5006
1329.3883
1328.4847
1327.6354
1329.8849
1328.6945
1327.3055
1328.2788
1327.3816
1326.6298
1325.6191
1325.0023
1323.2194
1324.3293
1323.5383
1326.5148
1325.3953
1326.1403
1324.157
1322.5505
1320.7432
1321.3036
1320.2893
1319.9214
1320.1108
1319.3182
1320.3496
1326.488
1322.4916
1321.515
1320.6354
1321.4614
1319.6012
1318.2543
1316.7662
1317.702
1317.8877
1316.2971
1314.4662
1315.2745
1318.9332
1319.1262
1322.916
1323.218
1320.0852
1319.1769
1311.4225
1306.1027
1304.0171
1300.5587
1300.2534
1299.0944
1300.6393
1299.6687
1301.5442
1302.3604
1305.0714
1305.9703
1304.4073
1303.563
1303.126
1301.6827
1302.0024
1300.7343
1300.87
1302.6791
1302.6427
1301.2023
1300.0248
1294.5608
1295.0348
1293.7528
1292.1168
1289.4596
1288.663
1286.0535
1284.2227
1282.6301
1281.7372
1280.1357
1278.1956
1276.858
1277.9451
1277.0
1276.2476
1278.8073
1280.1377
1279.1077
1281.187
1280.1041
1276.7616
1277.6289
1277.262
1275.4962
1276.2711
1276.6881
1275.4349
1272.6165
1271.0912
1271.8416
1272.1143
1274.9504
1274.5776
1276.3759
1275.4094
1273.4713
1273.2545
1269.1151
1265.9412
1266.8054
1265.3411
1264.459
1263.1295
1261.2705
1257.5372
1257.1027
1257.0424
1257.7992
1256.4916
1255.6473
1255.3204
1256.9717
1257.467
1258.9819
1257.6029
1255.1061
1253.2937
1251.1669
1251.9779
1250.4164
1245.1284
1242.323
1235.5979
1234.0352
1231.0819
1229.1405
1227.2068
1228.7236
1211.4629
1210.3416
1211.1735
1212.3629
1214.6335
1214.7749
1215.9895
1218.6558
1215.4658
1214.5605
1211.7882
1211.8301
1210.191
1208.7444
1206.498
1203.494
1195.2827
1196.8927
1194.5629
1191.6887
1189.408
1186.89
1184.2782
1183.3496
1182.6486
1181.4111
1180.3992
1181.1875
1179.6144
1177.8671
1177.5939
1177.6813
1176.5387
1175.56
1176.012
1177.3436
1176.0361
1178.9785
1178.0216
1179.9216
1181.4851
1179.9661
1182.9619
1180.4905
1177.2772
1176.2961
1177.4231
1174.6653
1173.7057
1172.5422
1172.2432
1167.9932
1167.6202
1166.8674
1165.2008
1168.7866
1168.9918
1169.6886
1169.5233
1170.3013
1173.4758
1172.1562
1172.3306
1171.4972
1173.223
1175.3717
1173.663
1173.7153
1172.1583
1169.8917
1168.8623
1165.8984
1166.1462
1165.6462
1163.9526
1161.149
1161.1509
1139.8657
1139.3706
1142.007
1142.5913
1143.0015
1143.2465
1143.0028
1140.2327
1139.3136
1137.8729
1137.0028
1135.7068
1133.7479
1129.6926
1126.415
1126.8125
1126.6998
1125.2717
1124.027
1123.1366
1122.1409
1118.2773
1120.1669
1127.5507
1127.7728
1121.2103
1123.0143
1118.692
1117.1132
1116.6012
1118.1738
1118.19
1116.9525
1118.3694
1116.8483
1113.8408
1114.7823
1113.7693
1114.5342
1115.5044
1115.7635
1118.2767
1119.1129
1119.2173
1124.3516
1124.1152
1125.3018
1126.36
1125.4733
1125.3507
1124.6995
1124.3025
1124.7955
1123.9343
1122.4694
1119.5261
1121.8799
1120.6285
1121.4398
1110.7897
1112.4658
1113.1885
1121.628
1121.626
1086.4595
1087.0842
1088.6212
1089.477
1089.342
1086.882
1089.7396
1090.9365
1087.4349
1087.449
1088.076
1090.6224
1089.4883
1089.1422
1091.011
1091.4788
1092.4701
1094.2472
1093.6835
1094.3076
1097.5491
1097.3243
1097.0664
1095.432
1098.0095
1096.4048
1096.8219
1095.6439
1093.0143
1093.5812
1095.0623
1084.1873
1081.6624
1081.8638
1081.194
1078.2997
1080.4758
1084.7609
1084.651
1086.1246
1084.6699
1085.0323
1086.039
1084.551
1082.5737
1080.7277
1081.2208
1078.9595
1077.5284
1081.1287
1078.0912
1077.1077
1074.8907
1071.677
1069.3181
1069.1683
1067.031
1063.5686
1058.7892
1056.768
1057.8312
1055.8702
1052.381
1049.8766
1047.1497
1046.2405
1045.5479
1043.5017
1042.0924
1044.5775
1045.7356
1046.9901
1047.0
1046.4934
1044.0199
1043.3019
1042.1625
1040.8003
1036.599
1032.7238
1033.47
1032.7579
1029.6094
1027.5059
1027.0234
1027.0486
1022.2781
1020.38525
1021.4832
1021.8087
1023.4353
1024.4023
1024.7374
1031.0792
1033.4476
1033.4071
1037.9609
1036.8489
1037.7534
1033.5884
1032.1616
1030.716
1029.9983
1032.7628
1031.0017
1032.4366
1030.7946
1029.952
1030.4271
1028.4186
1026.9502
1026.9862
1028.5388
1027.095
1026.2578
1025.6256
1025.0729
1026.0887
1024.7675
1023.8584
1023.521
1024.4606
1029.1215
1027.4929
1025.5951
1025.1497
1023.5352
1021.8011
1022.7201
1023.5044
1022.0282
1022.96466
1022.23676
1023.5168
1025.0178
1025.7794
1025.8096
1025.4413
1026.6755
1023.2139
1023.13367
1023.01605
1021.1355
1017.96436
1016.5829
1018.6619
1018.75134
1022.5404
1026.0739
1025.7351
1024.4108
1023.5405
1028.7351
1026.9062
1027.0271
1027.3038
1028.5953
1026.804
1029.7755
1026.7135
1026.4369
1026.3505
1024.1853
1021.9229
1020.0275
1019.06616
1019.13257
1060.3665
1059.1768
1060.7417
1060.3745
1061.8136
1062.8447
1063.1886
1068.2078
1068.2838
1070.2212
1070.3643
1068.9869
1071.5531
1073.8246
1073.1176
1071.3022
1069.5466
1068.9795
1069.5365
1067.4972
1065.9626
1066.1423
1066.3877
1064.8633
1065.2664
1064.8236
1067.0581
1068.0056
1066.6448
1065.2749
1063.7721
1062.7872
1070.0718
1071.75
1070.4128
1068.7008
1068.1193
1067.2106
1068.2985
1066.9563
1065.6312
1067.7295
1066.2267
1063.2686
1062.9524
1065.5057
1066.6921
1070.3352
1073.3857
1077.025
1077.7708
1079.4652
1080.8336
1084.4244
1082.8353
1081.7229
1082.3508
1081.8062
1082.781
1082.217
1081.06
1079.5834
1081.1844
1079.9553
1078.5243
1077.4059
1074.5088
1074.6174
1077.4338
1082.9863
1082.3326
1081.3835
1080.5166
1078.7887
1077.0392
1076.2955
1076.272
1075.4873
1073.6615
1073.9608
1072.3215
1071.3353
1069.0314
1067.6385
1066.5167
1067.876
1067.3583
1068.5444
1067.5957
1067.211
1065.5326
1067.3103
1068.3419
1071.0793
1070.1111
1069.2063
1066.5834
1067.2366
1065.006
1065.5359
1062.8785
1061.494
1064.0659
1058.844
1056.68
1055.556
1057.9216
1059.7887
1059.3541
1057.6036
1056.171
1055.843
1054.7358
1053.1028
1055.1863
1054.5769
1053.6863
1054.1396
1054.2413
1055.7906
1054.9857
1049.6708
1050.0143
1051.0449
1050.6796
1046.3511
1044.4694
1048.8131
1042.6632
1040.7926
1040.753
1039.4321
1043.2893
1044.2153
1041.5134
1037.5797
1039.4211
1037.3008
1036.834
1040.1708
1039.173
1036.7667
1039.8347
1037.0669
1036.3229
1035.1405
1033.1782
1030.7799
1031.7731
1031.8948
1033.1709
1031.5211
1035.4979
1028.1526
1028.4979
1027.769
1027.2224
1028.5657
1029.6731
1029.2399
1028.8196
1030.5914
1030.483
1029.0085
1028.1724
1027.1191
1028.3718
1018.27563
1016.9295
1016.4466
1016.03845
1015.2329
1015.94434
1014.3576
1018.6731
1018.9828
1016.0344
1022.0563
1020.2987
1022.5445
1026.2004
1025.9281
1046.0438
1045.6893
1045.989
1047.0372
1048.8662
1049.9297
1047.8638
1045.5802
1046.1956
1047.4242
1047.3539
1045.8704
1045.9231
1044.3143
1044.2153
1043.3912
1041.2704
1042.945
1041.7489
1040.9009
1040.4097
1045.0155
1045.1527
1041.5354
1044.8022
1045.1337
1044.6681
1044.2628
1042.628
1041.8663
1040.078
1038.7083
1038.196
1037.2672
1037.2917
1038.1741
1039.208
1042.1505
1040.5011
1037.8068
1034.0989
1030.3752
1027.9056
1029.0631
1026.3289
1024.0
1027.3733
1025.8868
1023.8168
1024.4354
1022.0136
1021.82275
1020.85
1021.0
1020.795
1020.6187
1022.4211
1019.38214
1020.2706
1018.84406
1020.7465
1018.5645
1016.79724
1014.19586
1012.182
980.41016
979.07605
980.6028
979.4573
977.8453
976.866
978.39264
980.39954
982.09955
983.74243
982.3573
980.76514
981.51746
980.63635
986.1854
986.52234
986.0283
984.72406
985.21277
983.3144
981.078
981.35223
983.0758
981.86224
984.2619
981.3619
979.9405
980.16064
979.52277
978.22784
972.92566
974.9952
974.2716
973.5192
973.2236
972.21875
968.0048
964.8675
966.33093
970.1913
970.18445
972.4951
974.81665
972.83295
972.23096
972.0098
971.4128
970.80835
971.7838
972.6732
971.7248
970.4275
969.4545
968.7592
967.7715
970.8938
968.8148
965.65924
966.8889
969.1386
969.71783
970.19556
971.58417
971.79706
970.8391
974.16626
975.62036
976.393
975.7562
975.45386
971.26434
969.3392
969.14215
970.585
975.2538
974.66
974.7607
971.932
970.4307
969.82367
968.199
970.40656
968.6237
968.88605
970.9772
969.6244
971.0076
969.95166
965.6132
965.9796
966.301
961.7934
960.3291
959.7041
960.77496
961.0358
961.7724
959.2583
955.6036
954.8107
953.3836
950.51917
950.24554
951.56775
951.7187
954.3504
957.659
958.9743
959.8685
959.9382
960.7183
960.2403
958.2972
957.124
954.9044
954.8837
955.72095
956.9896
956.6969
955.34973
954.9404
954.8182
953.1558
953.5532
955.01825
958.34204
958.15405
957.9504
961.98425
961.6247
963.7
962.6158
960.88947
959.9184
966.7188
966.3511
971.39307
972.933
970.66486
969.20374
970.9677
970.27686
969.0511
968.60645
970.173
968.95135
971.9648
970.9919
972.7799
971.4239
970.5041
969.4196
967.2834
966.35425
973.81696
971.8306
969.73773
967.4235
965.7787
963.74316
960.28845
958.6429
955.24725
957.42426
959.5482
960.4006
960.5166
968.6685
966.68524
966.10864
965.81616
967.27856
964.8997
971.8067
970.86273
971.8599
973.8652
974.2051
980.0085
980.11334
978.74786
975.83
975.34845
972.2974
970.204
968.84705
961.8329
959.6289
958.6799
959.0085
957.796
957.3881
955.82385
958.42163
962.361
959.41547
959.58044
958.092
956.7931
955.62646
954.5546
952.38794
953.91064
959.0348
958.89276
957.9304
957.2058
959.67444
959.81683
960.0029
962.04083
953.1866
953.895
956.87134
959.63635
962.48676
965.93494
969.34717
969.4214
969.6439
971.3452
972.0119
973.747
974.5536
982.5539
981.7096
981.2844
982.012
981.81683
988.0364
986.39514
986.3161
992.7751
992.1277
994.8628
994.3293
991.7165
986.3232
974.3445
972.57623
971.2317
972.896
970.3914
972.5859
971.684
969.1539
972.00616
971.20746
977.96576
977.12775
977.0031
976.20874
976.6978
975.5296
979.162
982.6312
984.7367
982.88403
983.37933
986.49054
986.7925
989.0757
998.0478
1000.50635
998.8854
997.03516
996.5623
1003.86816
1002.32153
1004.5161
1006.40454
1005.0453
1003.8641
1003.0162
1002.08417
1002.52924
1001.6396
1000.2825
998.4675
1003.1759
1003.6026
1000.6732
1000.817
1001.6667
1003.98035
1000.7967
1000.5738
1006.82117
1011.04333
1011.17
1010.04
1007.60333
1010.96655
1014.10065
1015.9327
1016.6431
1016.7609
1017.1616
1015.49493
1016.2256
1018.87164
1020.2847
1023.7993
1021.5238
1021.7381
1025.3993
1025.4574
1026.9349
1023.0993
1029.0138
1029.0966
1033.2986
1033.1805
1032.4896
1036.8433
1036.8014
1035.0592
1033.2195
1031.2927
1035.4491
1035.1088
1030.4948
1028.6267
1028.901
1028.5674
1029.4556
1025.4697
1023.27856
1020.52856
1021.2464
1020.3393
1023.4122
1022.7527
1023.1219
1023.8459
1025.8489
1026.9749
1031.4425
1032.8849
1033.5107
1035.0396
1035.1547
1036.2986
1034.195
1033.2274
1032.5234
1035.0508
1035.2537
1033.9457
1032.5471
1030.7898
1028.1812
1027.7717
1027.6522
1025.3986
1023.4457
1023.56885
1032.0073
1031.2372
1030.2408
1028.5511
1027.5985
1027.9088
1027.3723
1026.7335
1026.3503
1023.6314
1026.6593
1024.6483
1024.4066
1023.0073
1021.1172
1025.8597
1024.3911
1022.7491
1021.1771
1019.6273
1017.7749
1015.6236
1012.26935
1012.9336
1013.58887
1011.1963
1009.0296
1005.2889
1001.2
997.86664
996.77405
996.5926
994.5074
1000.68286
1000.80597
1018.58954
1017.6082
1018.69403
1018.4739
1017.291
1015.89923
1013.209
1011.8955
1008.3545
1007.32465
1006.07837
1005.2985
1002.76495
1002.1194
1000.7873
999.36566
998.91046
1002.35583
998.80524
997.6292
996.0936
997.8801
997.8389
1000.2659
1003.4173
1003.2068
1002.4511
1007.19244
1008.7962
1009.4528
1011.26416
1010.3359
1009.81885
1008.4981
1008.3561
1017.5496
1016.41986
1013.3168
1011.8626
1011.355
1010.6374
1007.8931
1004.0496
1000.9809
999.7214
998.4771
997.2175
997.4885
997.458
1000.6475
999.21075
999.0
999.72034
999.1494
1002.3077
996.80383
996.2162
992.0116
990.93024
989.8682
991.2451
992.144
989.9922
989.33466
987.25684
984.81323
979.4864
979.89105
978.92993
978.07007
977.1751
974.9261
974.5097
974.16345
973.214
972.44745
971.22955
973.8016
975.6304
980.35547
979.9531
979.2617
978.58594
979.53906
980.5039
978.91016
978.1367
975.73047
974.2617
971.0781
970.9336
968.1406
967.5156
964.1797
972.66144
962.3583
958.4269
959.8498
968.3785
972.028
974.43774
973.31323
972.4458
973.30524
972.8233
973.53815
974.6466
974.08435
974.91534
975.2258
975.22986
979.9919
980.5182
979.8178
976.498
975.48987
973.1862
970.51013
967.42914
970.46344
970.9756
976.09015
974.1803
970.61884
974.63934
977.9672
979.2336
984.90533
986.27985
990.2562
991.34296
992.3182
990.0992
989.5207
990.0537
989.0413
992.917
995.02905
966.38586
965.3444
1006.87866
1006.5356
1012.45605
1028.2354
1032.8016
1033.7806
1033.4261
1031.7131
1036.4026
1034.0593
1034.4788
1034.945
1033.8602
1032.5974
1030.1907
1030.8644
1032.3983
1032.6567
1027.3729
1027.0763
1028.5297
1034.0
1034.3915
1034.7617
1036.0936
1037.9617
1037.6511
1039.4744
1040.188
1037.812
1038.2051
1038.5171
1043.0901
1042.6138
1042.7769
1041.6223
1041.9313
1045.8534
1042.8147
1043.8018
1043.3406
1042.9913
1041.4957
1040.4009
1044.6034
1046.6034
1047.0518
1050.1466
1052.819
1051.5431
1051.8232
1054.935
1052.4589
1055.5652
1058.3931
1061.7544
1059.9474
1054.4386
1053.1096
1052.5482
1049.2894
1051.5922
1051.614
1051.7632
1056.1586
1058.4735
1061.8973
1062.25
1065.8973
1064.7188
1064.9509
1063.6697
1065.4553
1065.7053
1063.9688
1063.683
1062.9375
1062.5491
1065.4843
1064.7803
1064.3722
1068.7162
1069.6127
1076.0316
1074.0728
1037.8545
1033.5409
1031.0955
1032.6455
1039.6028
1038.5845
1059.5936
1060.1141
1060.0685
1079.8265
1082.0731
1085.6576
1088.548
1089.7946
1094.3165
1100.7926
1101.0737
1101.4977
1102.682
1100.2166
1105.2037
1104.463
1101.875
1099.2084
1097.6296
1094.1898
1090.5416
1087.5741
1092.7117
1095.6187
1095.8972
1098.0608
1109.7089
1112.3662
1113.4131
1113.3146
1110.7606
1111.5493
1111.3615
1107.4056
1107.7783
1108.9198
1109.25
1106.8254
1111.4265
1115.9762
1114.881
1116.5048
1114.3524
1112.9
1114.1095
1113.8524
1115.3857
1114.8667
1119.488
1118.2488
1117.268
1115.1531
1112.0095
