160.759
237.78
321.771
392.578
471.996
548.683
609.296
669.065
736.911
788.396
840.405
890.364
938.857
997.116
1038.936
1086.475
1145.188
1183.382
1225.71
1273.382
1318.192
1356.23
1391.689
1420.206
1449.657
1486.118
1519.491
1548.86
1570.526
1584.955
1600.983
1615.078
1634.518
1641.979
1653.639
1666.693
1675.291
1684.993
1695.068
1705.068
1712.632
1715.744
1723.384
1721.446
1725.578
1727.197
1723.793
1722.186
1712.931
1700.68
1684.155
1668.694
1659.803
1654.108
1660.272
1665.919
1663.74
1659.13
1650.501
1644.294
1638.515
1629.154
1621.338
1611.244
1602.702
1588.26
1577.163
1570.392
1556.096
1540.765
1513.976
1489.514
1463.886
1435.219
1409.235
1384.401
1360.397
1332.995
1304.488
1274.046
1236.267
1203.969
1165.066
1117.754
1063.862
1007.297
947.25
882.387
814.989
744.215
672.566
598.87
524.073
451.085
379.041
307.211
242.045
179.401
122.899
63.412
