TOTAL_BASES	EXPECTED_DISTINCT
0	0
10000000.0	9668880.0
20000000.0	19156570.0
30000000.0	28533190.0
40000000.0	37815440.0
50000000.0	46998570.0
60000000.0	56095760.0
70000000.0	65088500.0
80000000.0	74013910.0
90000000.0	82843440.0
100000000.0	91603560.0
110000000.0	100276250.0
120000000.0	108880750.0
130000000.0	117401440.0
140000000.0	125846560.0
150000000.0	134216960.0
160000000.0	142526850.0
170000000.0	150754940.0
180000000.0	158925710.0
190000000.0	167024570.0
200000000.0	175055120.0
210000000.0	183018980.0
220000000.0	190922490.0
230000000.0	198761360.0
240000000.0	206545590.0
250000000.0	214250680.0
260000000.0	221913540.0
270000000.0	229511880.0
280000000.0	237045050.0
290000000.0	244529650.0
300000000.0	251950200.0
310000000.0	259326020.0
320000000.0	266642680.0
330000000.0	273911260.0
340000000.0	281115930.0
350000000.0	288269790.0
360000000.0	295376180.0
370000000.0	302431520.0
380000000.0	309442010.0
390000000.0	316388530.0
400000000.0	323294690.0
410000000.0	330153020.0
420000000.0	336960410.0
430000000.0	343728590.0
440000000.0	350441790.0
450000000.0	357112170.0
460000000.0	363729420.0
470000000.0	370317560.0
480000000.0	376855700.0
490000000.0	383339940.0
500000000.0	389792250.0
510000000.0	396201230.0
520000000.0	402569380.0
530000000.0	408890480.0
540000000.0	415168680.0
550000000.0	421415500.0
560000000.0	427616030.0
570000000.0	433784720.0
580000000.0	439903050.0
590000000.0	445990760.0
600000000.0	452040720.0
610000000.0	458046580.0
620000000.0	464020940.0
630000000.0	469958630.0
640000000.0	475858120.0
650000000.0	481717120.0
660000000.0	487548290.0
670000000.0	493339320.0
680000000.0	499098870.0
690000000.0	504812790.0
700000000.0	510507720.0
710000000.0	516165820.0
720000000.0	521783070.0
730000000.0	527373300.0
740000000.0	532932000.0
750000000.0	538451190.0
760000000.0	543941350.0
770000000.0	549400570.0
780000000.0	554836000.0
790000000.0	560232890.0
800000000.0	565599180.0
810000000.0	570929860.0
820000000.0	576242620.0
830000000.0	581517300.0
840000000.0	586760830.0
850000000.0	591986570.0
860000000.0	597164160.0
870000000.0	602327680.0
880000000.0	607458800.0
890000000.0	612566310.0
900000000.0	617638270.0
910000000.0	622690080.0
920000000.0	627708280.0
930000000.0	632705670.0
940000000.0	637666960.0
950000000.0	642613780.0
960000000.0	647532890.0
970000000.0	652417590.0
980000000.0	657284280.0
990000000.0	662114530.0
1000000000.0	666936150.0
1010000000.0	671717460.0
1020000000.0	676482050.0
1030000000.0	681221030.0
1040000000.0	685939440.0
1050000000.0	690617630.0
1060000000.0	695293340.0
1070000000.0	699934290.0
1080000000.0	704549730.0
1090000000.0	709144550.0
1100000000.0	713722760.0
1110000000.0	718267500.0
1120000000.0	722795190.0
1130000000.0	727293580.0
1140000000.0	731778610.0
1150000000.0	736237890.0
1160000000.0	740669180.0
1170000000.0	745092600.0
1180000000.0	749484530.0
1190000000.0	753858950.0
1200000000.0	758210780.0
1210000000.0	762541620.0
1220000000.0	766846400.0
1230000000.0	771143050.0
1240000000.0	775412970.0
1250000000.0	779661540.0
1260000000.0	783882080.0
1270000000.0	788102230.0
1280000000.0	792284290.0
1290000000.0	796452560.0
1300000000.0	800603610.0
1310000000.0	804741090.0
1320000000.0	808845610.0
1330000000.0	812939560.0
1340000000.0	817014110.0
1350000000.0	821069630.0
1360000000.0	825104390.0
1370000000.0	829120530.0
1380000000.0	833119020.0
1390000000.0	837105400.0
1400000000.0	841069550.0
1410000000.0	845012340.0
1420000000.0	848936930.0
1430000000.0	852849140.0
1440000000.0	856743930.0
1450000000.0	860617880.0
1460000000.0	864480200.0
1470000000.0	868318750.0
1480000000.0	872142990.0
1490000000.0	875951150.0
1500000000.0	879745510.0
1510000000.0	883522700.0
1520000000.0	887276430.0
1530000000.0	891015020.0
1540000000.0	894743090.0
1550000000.0	898454080.0
1560000000.0	902146350.0
1570000000.0	905826360.0
1580000000.0	909487790.0
1590000000.0	913130170.0
1600000000.0	916768090.0
1610000000.0	920382340.0
1620000000.0	923985060.0
1630000000.0	927567580.0
1640000000.0	931140690.0
1650000000.0	934697360.0
1660000000.0	938240110.0
1670000000.0	941764470.0
1680000000.0	945275480.0
1690000000.0	948773260.0
1700000000.0	952255100.0
1710000000.0	955726430.0
1720000000.0	959179420.0
1730000000.0	962620830.0
1740000000.0	966048540.0
1750000000.0	969462720.0
1760000000.0	972858130.0
1770000000.0	976244600.0
1780000000.0	979621400.0
1790000000.0	982972900.0
1800000000.0	986320470.0
1810000000.0	989652210.0
1820000000.0	992970230.0
1830000000.0	996271940.0
1840000000.0	999570020.0
1850000000.0	1002845400.0
1860000000.0	1006119290.0
1870000000.0	1009363650.0
1880000000.0	1012607270.0
1890000000.0	1015832540.0
1900000000.0	1019048380.0
1910000000.0	1022253950.0
1920000000.0	1025445730.0
1930000000.0	1028621750.0
1940000000.0	1031790780.0
1950000000.0	1034943290.0
1960000000.0	1038086050.0
1970000000.0	1041216780.0
1980000000.0	1044336910.0
1990000000.0	1047442630.0
2000000000.0	1050537290.0
2010000000.0	1053618030.0
2020000000.0	1056692100.0
2030000000.0	1059746970.0
2040000000.0	1062797820.0
2050000000.0	1065837530.0
2060000000.0	1068865560.0
2070000000.0	1071876380.0
2080000000.0	1074883050.0
2090000000.0	1077875120.0
2100000000.0	1080856710.0
2110000000.0	1083825290.0
2120000000.0	1086784420.0
2130000000.0	1089735850.0
2140000000.0	1092673410.0
2150000000.0	1095598560.0
2160000000.0	1098514720.0
2170000000.0	1101422720.0
2180000000.0	1104318570.0
2190000000.0	1107205440.0
2200000000.0	1110079290.0
2210000000.0	1112948750.0
2220000000.0	1115802190.0
2230000000.0	1118642550.0
2240000000.0	1121482120.0
2250000000.0	1124303860.0
2260000000.0	1127118930.0
2270000000.0	1129920590.0
2280000000.0	1132720720.0
2290000000.0	1135502760.0
2300000000.0	1138278250.0
2310000000.0	1141041900.0
2320000000.0	1143796740.0
2330000000.0	1146544810.0
2340000000.0	1149284060.0
2350000000.0	1152008410.0
2360000000.0	1154731410.0
2370000000.0	1157434670.0
2380000000.0	1160135690.0
2390000000.0	1162827850.0
2400000000.0	1165505220.0
2410000000.0	1168176310.0
2420000000.0	1170841640.0
2430000000.0	1173495060.0
2440000000.0	1176138950.0
2450000000.0	1178769210.0
2460000000.0	1181402650.0
2470000000.0	1184017580.0
2480000000.0	1186632350.0
2490000000.0	1189230020.0
2500000000.0	1191825550.0
2510000000.0	1194406580.0
2520000000.0	1196979850.0
2530000000.0	1199551530.0
2540000000.0	1202099610.0
2550000000.0	1204651420.0
2560000000.0	1207190750.0
2570000000.0	1209725670.0
2580000000.0	1212247690.0
2590000000.0	1214766850.0
2600000000.0	1217275160.0
2610000000.0	1219776420.0
2620000000.0	1222263870.0
2630000000.0	1224747180.0
2640000000.0	1227225870.0
2650000000.0	1229689590.0
2660000000.0	1232151460.0
2670000000.0	1234598540.0
2680000000.0	1237044670.0
2690000000.0	1239482610.0
2700000000.0	1241911750.0
2710000000.0	1244325070.0
2720000000.0	1246738590.0
2730000000.0	1249150670.0
2740000000.0	1251542040.0
2750000000.0	1253935610.0
2760000000.0	1256318090.0
2770000000.0	1258691230.0
2780000000.0	1261062880.0
2790000000.0	1263418960.0
2800000000.0	1265775800.0
2810000000.0	1268118660.0
2820000000.0	1270454700.0
2830000000.0	1272791880.0
2840000000.0	1275112440.0
2850000000.0	1277426990.0
2860000000.0	1279741240.0
2870000000.0	1282038720.0
2880000000.0	1284339350.0
2890000000.0	1286623840.0
2900000000.0	1288907020.0
2910000000.0	1291178660.0
2920000000.0	1293448500.0
2930000000.0	1295706080.0
2940000000.0	1297963110.0
2950000000.0	1300207340.0
2960000000.0	1302449100.0
2970000000.0	1304681130.0
2980000000.0	1306906700.0
2990000000.0	1309128130.0
3000000000.0	1311341070.0
3010000000.0	1313546850.0
3020000000.0	1315748560.0
3030000000.0	1317939970.0
3040000000.0	1320131080.0
3050000000.0	1322310910.0
3060000000.0	1324482250.0
3070000000.0	1326649580.0
3080000000.0	1328812450.0
3090000000.0	1330967160.0
3100000000.0	1333116030.0
3110000000.0	1335257620.0
3120000000.0	1337395070.0
3130000000.0	1339524780.0
3140000000.0	1341647480.0
3150000000.0	1343763010.0
3160000000.0	1345877790.0
3170000000.0	1347982820.0
3180000000.0	1350078110.0
3190000000.0	1352173670.0
3200000000.0	1354261810.0
3210000000.0	1356343230.0
3220000000.0	1358418410.0
3230000000.0	1360491430.0
3240000000.0	1362549490.0
3250000000.0	1364608040.0
3260000000.0	1366660910.0
3270000000.0	1368702690.0
3280000000.0	1370744500.0
3290000000.0	1372781390.0
3300000000.0	1374807820.0
3310000000.0	1376830630.0
3320000000.0	1378849060.0
3330000000.0	1380859720.0
3340000000.0	1382863240.0
3350000000.0	1384866560.0
3360000000.0	1386858920.0
3370000000.0	1388850490.0
3380000000.0	1390833620.0
3390000000.0	1392809700.0
3400000000.0	1394784590.0
3410000000.0	1396751720.0
3420000000.0	1398713000.0
3430000000.0	1400669080.0
3440000000.0	1402622160.0
3450000000.0	1404565810.0
3460000000.0	1406506950.0
3470000000.0	1408441710.0
3480000000.0	1410372280.0
3490000000.0	1412295720.0
3500000000.0	1414216260.0
3510000000.0	1416128300.0
3520000000.0	1418038590.0
3530000000.0	1419943540.0
3540000000.0	1421841420.0
3550000000.0	1423734540.0
3560000000.0	1425623770.0
3570000000.0	1427507240.0
3580000000.0	1429382150.0
3590000000.0	1431256230.0
3600000000.0	1433126340.0
3610000000.0	1434989250.0
3620000000.0	1436847330.0
3630000000.0	1438701450.0
3640000000.0	1440548460.0
3650000000.0	1442392610.0
3660000000.0	1444232530.0
3670000000.0	1446065960.0
3680000000.0	1447893840.0
3690000000.0	1449718960.0
3700000000.0	1451536950.0
3710000000.0	1453353680.0
3720000000.0	1455163580.0
3730000000.0	1456968690.0
3740000000.0	1458768740.0
3750000000.0	1460564570.0
3760000000.0	1462356120.0
3770000000.0	1464141780.0
3780000000.0	1465924490.0
3790000000.0	1467702590.0
3800000000.0	1469473720.0
3810000000.0	1471243770.0
3820000000.0	1473006800.0
3830000000.0	1474764960.0
3840000000.0	1476520220.0
3850000000.0	1478270720.0
3860000000.0	1480015660.0
3870000000.0	1481756510.0
3880000000.0	1483493970.0
3890000000.0	1485227180.0
3900000000.0	1486955090.0
3910000000.0	1488677890.0
3920000000.0	1490397630.0
3930000000.0	1492114120.0
3940000000.0	1493823160.0
3950000000.0	1495529670.0
3960000000.0	1497231210.0
3970000000.0	1498929400.0
3980000000.0	1500624060.0
3990000000.0	1502314060.0
4000000000.0	1503997800.0
4010000000.0	1505678240.0
4020000000.0	1507355830.0
4030000000.0	1509028480.0
4040000000.0	1510696220.0
4050000000.0	1512362150.0
4060000000.0	1514022590.0
4070000000.0	1515678450.0
4080000000.0	1517329500.0
4090000000.0	1518978070.0
4100000000.0	1520621120.0
4110000000.0	1522262310.0
4120000000.0	1523897530.0
4130000000.0	1525531810.0
4140000000.0	1527158470.0
4150000000.0	1528783960.0
4160000000.0	1530403490.0
4170000000.0	1532019980.0
4180000000.0	1533630280.0
4190000000.0	1535239780.0
4200000000.0	1536845110.0
4210000000.0	1538445210.0
4220000000.0	1540042360.0
4230000000.0	1541635260.0
4240000000.0	1543224450.0
4250000000.0	1544809310.0
4260000000.0	1546390240.0
4270000000.0	1547967940.0
4280000000.0	1549543770.0
4290000000.0	1551114510.0
4300000000.0	1552681140.0
4310000000.0	1554244410.0
4320000000.0	1555803510.0
4330000000.0	1557358790.0
4340000000.0	1558909710.0
4350000000.0	1560458700.0
4360000000.0	1562002590.0
4370000000.0	1563545220.0
4380000000.0	1565082340.0
4390000000.0	1566614630.0
4400000000.0	1568145710.0
4410000000.0	1569670660.0
4420000000.0	1571194950.0
4430000000.0	1572714500.0
4440000000.0	1574229840.0
4450000000.0	1575742870.0
4460000000.0	1577251960.0
4470000000.0	1578757130.0
4480000000.0	1580259120.0
4490000000.0	1581758550.0
4500000000.0	1583253160.0
4510000000.0	1584745090.0
4520000000.0	1586232880.0
4530000000.0	1587716930.0
4540000000.0	1589197900.0
4550000000.0	1590676830.0
4560000000.0	1592151450.0
4570000000.0	1593622050.0
4580000000.0	1595090130.0
4590000000.0	1596554510.0
4600000000.0	1598016300.0
4610000000.0	1599473740.0
4620000000.0	1600929640.0
4630000000.0	1602380940.0
4640000000.0	1603828370.0
4650000000.0	1605272540.0
4660000000.0	1606715570.0
4670000000.0	1608152910.0
4680000000.0	1609589400.0
4690000000.0	1611020150.0
4700000000.0	1612449760.0
4710000000.0	1613874860.0
4720000000.0	1615297950.0
4730000000.0	1616717300.0
4740000000.0	1618133750.0
4750000000.0	1619544980.0
4760000000.0	1620955110.0
4770000000.0	1622363130.0
4780000000.0	1623766000.0
4790000000.0	1625166390.0
4800000000.0	1626563020.0
4810000000.0	1627957670.0
4820000000.0	1629350200.0
4830000000.0	1630737680.0
4840000000.0	1632123460.0
4850000000.0	1633505610.0
4860000000.0	1634883700.0
4870000000.0	1636260140.0
4880000000.0	1637632980.0
4890000000.0	1639003560.0
4900000000.0	1640370240.0
4910000000.0	1641734790.0
4920000000.0	1643096440.0
4930000000.0	1644455010.0
4940000000.0	1645809130.0
4950000000.0	1647162210.0
4960000000.0	1648512320.0
4970000000.0	1649856600.0
4980000000.0	1651202160.0
4990000000.0	1652542620.0
5000000000.0	1653880980.0
5010000000.0	1655217370.0
5020000000.0	1656549210.0
5030000000.0	1657878230.0
5040000000.0	1659205310.0
5050000000.0	1660528150.0
5060000000.0	1661849780.0
5070000000.0	1663167400.0
5080000000.0	1664483470.0
5090000000.0	1665795550.0
5100000000.0	1667105770.0
5110000000.0	1668411900.0
5120000000.0	1669717360.0
5130000000.0	1671018290.0
5140000000.0	1672317890.0
5150000000.0	1673613970.0
5160000000.0	1674906720.0
5170000000.0	1676198610.0
5180000000.0	1677485920.0
5190000000.0	1678772470.0
5200000000.0	1680054640.0
5210000000.0	1681334500.0
5220000000.0	1682612090.0
5230000000.0	1683887090.0
5240000000.0	1685158560.0
5250000000.0	1686427620.0
5260000000.0	1687694900.0
5270000000.0	1688958400.0
5280000000.0	1690220570.0
5290000000.0	1691479470.0
5300000000.0	1692736250.0
5310000000.0	1693988980.0
5320000000.0	1695240980.0
5330000000.0	1696489690.0
5340000000.0	1697735770.0
5350000000.0	1698978980.0
5360000000.0	1700220010.0
5370000000.0	1701457890.0
5380000000.0	1702695430.0
5390000000.0	1703927430.0
5400000000.0	1705158970.0
5410000000.0	1706388060.0
5420000000.0	1707613800.0
5430000000.0	1708838720.0
5440000000.0	1710059020.0
5450000000.0	1711276950.0
5460000000.0	1712493810.0
5470000000.0	1713707680.0
5480000000.0	1714918990.0
5490000000.0	1716128510.0
5500000000.0	1717333570.0
5510000000.0	1718538490.0
5520000000.0	1719739730.0
5530000000.0	1720939040.0
5540000000.0	1722135590.0
5550000000.0	1723330710.0
5560000000.0	1724522650.0
5570000000.0	1725711760.0
5580000000.0	1726899840.0
5590000000.0	1728084260.0
5600000000.0	1729266180.0
5610000000.0	1730446560.0
5620000000.0	1731625900.0
5630000000.0	1732801830.0
5640000000.0	1733974540.0
5650000000.0	1735146120.0
5660000000.0	1736314960.0
5670000000.0	1737481560.0
5680000000.0	1738645300.0
5690000000.0	1739806780.0
5700000000.0	1740967160.0
5710000000.0	1742123930.0
5720000000.0	1743279030.0
5730000000.0	1744432450.0
5740000000.0	1745583160.0
5750000000.0	1746732500.0
5760000000.0	1747878140.0
5770000000.0	1749022290.0
5780000000.0	1750163770.0
5790000000.0	1751303560.0
5800000000.0	1752440740.0
5810000000.0	1753575470.0
5820000000.0	1754708360.0
5830000000.0	1755839520.0
5840000000.0	1756968270.0
5850000000.0	1758094640.0
5860000000.0	1759219680.0
5870000000.0	1760341000.0
5880000000.0	1761461060.0
5890000000.0	1762578910.0
5900000000.0	1763695690.0
5910000000.0	1764808520.0
5920000000.0	1765920310.0
5930000000.0	1767029010.0
5940000000.0	1768137300.0
5950000000.0	1769242440.0
5960000000.0	1770345150.0
5970000000.0	1771446160.0
5980000000.0	1772545750.0
5990000000.0	1773642920.0
6000000000.0	1774738070.0
6010000000.0	1775830660.0
6020000000.0	1776920920.0
6030000000.0	1778011100.0
6040000000.0	1779096420.0
6050000000.0	1780181500.0
6060000000.0	1781264050.0
6070000000.0	1782345110.0
6080000000.0	1783423630.0
6090000000.0	1784500060.0
6100000000.0	1785574800.0
6110000000.0	1786647130.0
6120000000.0	1787717420.0
6130000000.0	1788786150.0
6140000000.0	1789853030.0
6150000000.0	1790917010.0
6160000000.0	1791979900.0
6170000000.0	1793041680.0
6180000000.0	1794099920.0
6190000000.0	1795157110.0
6200000000.0	1796211630.0
6210000000.0	1797264970.0
6220000000.0	1798316240.0
6230000000.0	1799364670.0
6240000000.0	1800411900.0
6250000000.0	1801457440.0
6260000000.0	1802500720.0
6270000000.0	1803542530.0
6280000000.0	1804581780.0
6290000000.0	1805619890.0
6300000000.0	1806654620.0
6310000000.0	1807689580.0
6320000000.0	1808720620.0
6330000000.0	1809750860.0
6340000000.0	1810779540.0
6350000000.0	1811806490.0
6360000000.0	1812830910.0
6370000000.0	1813853060.0
6380000000.0	1814875030.0
6390000000.0	1815893660.0
6400000000.0	1816911140.0
6410000000.0	1817926670.0
6420000000.0	1818939720.0
6430000000.0	1819952120.0
6440000000.0	1820961460.0
6450000000.0	1821970250.0
6460000000.0	1822976010.0
6470000000.0	1823981020.0
6480000000.0	1824983040.0
6490000000.0	1825985150.0
6500000000.0	1826984460.0
6510000000.0	1827981480.0
6520000000.0	1828977370.0
6530000000.0	1829970950.0
6540000000.0	1830963740.0
6550000000.0	1831954790.0
6560000000.0	1832942940.0
6570000000.0	1833929400.0
6580000000.0	1834915300.0
6590000000.0	1835897970.0
6600000000.0	1836880460.0
6610000000.0	1837860410.0
6620000000.0	1838838460.0
6630000000.0	1839815130.0
6640000000.0	1840790420.0
6650000000.0	1841763100.0
6660000000.0	1842735080.0
6670000000.0	1843704530.0
6680000000.0	1844672590.0
6690000000.0	1845639860.0
6700000000.0	1846603500.0
6710000000.0	1847567340.0
6720000000.0	1848528340.0
6730000000.0	1849488360.0
6740000000.0	1850447140.0
6750000000.0	1851402580.0
6760000000.0	1852357640.0
6770000000.0	1853311030.0
6780000000.0	1854262100.0
6790000000.0	1855212010.0
6800000000.0	1856160940.0
6810000000.0	1857107080.0
6820000000.0	1858051660.0
6830000000.0	1858995550.0
6840000000.0	1859937400.0
6850000000.0	1860878100.0
6860000000.0	1861815260.0
6870000000.0	1862753110.0
6880000000.0	1863688290.0
6890000000.0	1864621970.0
6900000000.0	1865554130.0
6910000000.0	1866485050.0
6920000000.0	1867414020.0
6930000000.0	1868341410.0
6940000000.0	1869266820.0
6950000000.0	1870191420.0
6960000000.0	1871114560.0
6970000000.0	1872035090.0
6980000000.0	1872954910.0
6990000000.0	1873872800.0
7000000000.0	1874789800.0
7010000000.0	1875705040.0
7020000000.0	1876618710.0
7030000000.0	1877530040.0
7040000000.0	1878440890.0
7050000000.0	1879350100.0
7060000000.0	1880257100.0
7070000000.0	1881162880.0
7080000000.0	1882067010.0
7090000000.0	1882970110.0
7100000000.0	1883871070.0
7110000000.0	1884770770.0
7120000000.0	1885669280.0
7130000000.0	1886566650.0
7140000000.0	1887462400.0
7150000000.0	1888355480.0
7160000000.0	1889247930.0
7170000000.0	1890138820.0
7180000000.0	1891028740.0
7190000000.0	1891916810.0
7200000000.0	1892802570.0
7210000000.0	1893688270.0
7220000000.0	1894571680.0
7230000000.0	1895453890.0
7240000000.0	1896334640.0
7250000000.0	1897213530.0
7260000000.0	1898091740.0
7270000000.0	1898968430.0
7280000000.0	1899843380.0
7290000000.0	1900716630.0
7300000000.0	1901588830.0
7310000000.0	1902459120.0
7320000000.0	1903328850.0
7330000000.0	1904196610.0
7340000000.0	1905063030.0
7350000000.0	1905928170.0
7360000000.0	1906792130.0
7370000000.0	1907654330.0
7380000000.0	1908514970.0
7390000000.0	1909374600.0
7400000000.0	1910232630.0
7410000000.0	1911089030.0
7420000000.0	1911944770.0
7430000000.0	1912798680.0
7440000000.0	1913651260.0
7450000000.0	1914502930.0
7460000000.0	1915352210.0
7470000000.0	1916200700.0
7480000000.0	1917047690.0
7490000000.0	1917893700.0
7500000000.0	1918738330.0
7510000000.0	1919581120.0
7520000000.0	1920422500.0
7530000000.0	1921263660.0
7540000000.0	1922102110.0
7550000000.0	1922940250.0
7560000000.0	1923776360.0
7570000000.0	1924611450.0
7580000000.0	1925444870.0
7590000000.0	1926277960.0
7600000000.0	1927108700.0
7610000000.0	1927938360.0
7620000000.0	1928767040.0
7630000000.0	1929593960.0
7640000000.0	1930420040.0
7650000000.0	1931244420.0
7660000000.0	1932067780.0
7670000000.0	1932889740.0
7680000000.0	1933710600.0
7690000000.0	1934529820.0
7700000000.0	1935348280.0
7710000000.0	1936164930.0
7720000000.0	1936980060.0
7730000000.0	1937794790.0
7740000000.0	1938607820.0
7750000000.0	1939419520.0
7760000000.0	1940229940.0
7770000000.0	1941039410.0
7780000000.0	1941847200.0
7790000000.0	1942654020.0
7800000000.0	1943459120.0
7810000000.0	1944263150.0
7820000000.0	1945066740.0
7830000000.0	1945868030.0
7840000000.0	1946668680.0
7850000000.0	1947467630.0
7860000000.0	1948265820.0
7870000000.0	1949062390.0
7880000000.0	1949857910.0
7890000000.0	1950652420.0
7900000000.0	1951445520.0
7910000000.0	1952237440.0
7920000000.0	1953028370.0
7930000000.0	1953817630.0
7940000000.0	1954605620.0
7950000000.0	1955392840.0
7960000000.0	1956178840.0
7970000000.0	1956963450.0
7980000000.0	1957746920.0
7990000000.0	1958529150.0
8000000000.0	1959309850.0
8010000000.0	1960089940.0
8020000000.0	1960868820.0
8030000000.0	1961646120.0
8040000000.0	1962422530.0
8050000000.0	1963197620.0
8060000000.0	1963971630.0
8070000000.0	1964744410.0
8080000000.0	1965515910.0
8090000000.0	1966286410.0
8100000000.0	1967055880.0
8110000000.0	1967823780.0
8120000000.0	1968590830.0
8130000000.0	1969356560.0
8140000000.0	1970121340.0
8150000000.0	1970885200.0
8160000000.0	1971647230.0
8170000000.0	1972408360.0
8180000000.0	1973168750.0
8190000000.0	1973927540.0
8200000000.0	1974685410.0
8210000000.0	1975442120.0
8220000000.0	1976197800.0
8230000000.0	1976952190.0
8240000000.0	1977705460.0
8250000000.0	1978457690.0
8260000000.0	1979208770.0
8270000000.0	1979958460.0
8280000000.0	1980707550.0
8290000000.0	1981455130.0
8300000000.0	1982201980.0
8310000000.0	1982947420.0
8320000000.0	1983691780.0
8330000000.0	1984435300.0
8340000000.0	1985177610.0
8350000000.0	1985918760.0
8360000000.0	1986658590.0
8370000000.0	1987397570.0
8380000000.0	1988135530.0
8390000000.0	1988872100.0
8400000000.0	1989607820.0
8410000000.0	1990342500.0
8420000000.0	1991076220.0
8430000000.0	1991808490.0
8440000000.0	1992539990.0
8450000000.0	1993270310.0
8460000000.0	1993999360.0
8470000000.0	1994727580.0
8480000000.0	1995454990.0
8490000000.0	1996180870.0
8500000000.0	1996906120.0
8510000000.0	1997630240.0
8520000000.0	1998352900.0
8530000000.0	1999074510.0
8540000000.0	1999795820.0
8550000000.0	2000515340.0
8560000000.0	2001234170.0
8570000000.0	2001951610.0
8580000000.0	2002668670.0
8590000000.0	2003384090.0
8600000000.0	2004098700.0
8610000000.0	2004812260.0
8620000000.0	2005524830.0
8630000000.0	2006236210.0
8640000000.0	2006946730.0
8650000000.0	2007656410.0
8660000000.0	2008364660.0
8670000000.0	2009072200.0
8680000000.0	2009778670.0
8690000000.0	2010483910.0
8700000000.0	2011188430.0
8710000000.0	2011891840.0
8720000000.0	2012594150.0
8730000000.0	2013295700.0
8740000000.0	2013995980.0
8750000000.0	2014695440.0
8760000000.0	2015393620.0
8770000000.0	2016091150.0
8780000000.0	2016787520.0
8790000000.0	2017483030.0
8800000000.0	2018177560.0
8810000000.0	2018870960.0
8820000000.0	2019563470.0
8830000000.0	2020254920.0
8840000000.0	2020945380.0
8850000000.0	2021634890.0
8860000000.0	2022323500.0
8870000000.0	2023011060.0
8880000000.0	2023697740.0
8890000000.0	2024383450.0
8900000000.0	2025068060.0
8910000000.0	2025751850.0
8920000000.0	2026434650.0
8930000000.0	2027116380.0
8940000000.0	2027797410.0
8950000000.0	2028477310.0
8960000000.0	2029156330.0
8970000000.0	2029834170.0
8980000000.0	2030511300.0
8990000000.0	2031187420.0
9000000000.0	2031862610.0
9010000000.0	2032536760.0
9020000000.0	2033210240.0
9030000000.0	2033882370.0
9040000000.0	2034553980.0
9050000000.0	2035224370.0
9060000000.0	2035894210.0
9070000000.0	2036562760.0
9080000000.0	2037230360.0
9090000000.0	2037897230.0
9100000000.0	2038563220.0
9110000000.0	2039228180.0
9120000000.0	2039892120.0
9130000000.0	2040555300.0
9140000000.0	2041217510.0
9150000000.0	2041878680.0
9160000000.0	2042539190.0
9170000000.0	2043198610.0
9180000000.0	2043857430.0
9190000000.0	2044515030.0
9200000000.0	2045171750.0
9210000000.0	2045827610.0
9220000000.0	2046482570.0
9230000000.0	2047136500.0
9240000000.0	2047789650.0
9250000000.0	2048442040.0
9260000000.0	2049093460.0
9270000000.0	2049743950.0
9280000000.0	2050393700.0
9290000000.0	2051042350.0
9300000000.0	2051690160.0
9310000000.0	2052337330.0
9320000000.0	2052983360.0
9330000000.0	2053628610.0
9340000000.0	2054272940.0
9350000000.0	2054916340.0
9360000000.0	2055558890.0
9370000000.0	2056200640.0
9380000000.0	2056841520.0
9390000000.0	2057481640.0
9400000000.0	2058120750.0
9410000000.0	2058758990.0
9420000000.0	2059396550.0
9430000000.0	2060033190.0
9440000000.0	2060668620.0
9450000000.0	2061303600.0
9460000000.0	2061937690.0
9470000000.0	2062570800.0
9480000000.0	2063203040.0
9490000000.0	2063834490.0
9500000000.0	2064465140.0
9510000000.0	2065094850.0
9520000000.0	2065723930.0
9530000000.0	2066351990.0
9540000000.0	2066979150.0
9550000000.0	2067605580.0
9560000000.0	2068231220.0
9570000000.0	2068855980.0
9580000000.0	2069479790.0
9590000000.0	2070103010.0
9600000000.0	2070725190.0
9610000000.0	2071346730.0
9620000000.0	2071967370.0
9630000000.0	2072587160.0
9640000000.0	2073205980.0
9650000000.0	2073824240.0
9660000000.0	2074441620.0
9670000000.0	2075058120.0
9680000000.0	2075673780.0
9690000000.0	2076288720.0
9700000000.0	2076902790.0
9710000000.0	2077516030.0
9720000000.0	2078128610.0
9730000000.0	2078740260.0
9740000000.0	2079351160.0
9750000000.0	2079961200.0
9760000000.0	2080570400.0
9770000000.0	2081178900.0
9780000000.0	2081786600.0
9790000000.0	2082393520.0
9800000000.0	2082999590.0
9810000000.0	2083604860.0
9820000000.0	2084209380.0
9830000000.0	2084813060.0
9840000000.0	2085416020.0
9850000000.0	2086018170.0
9860000000.0	2086619570.0
9870000000.0	2087220100.0
9880000000.0	2087819920.0
9890000000.0	2088418880.0
9900000000.0	2089017190.0
9910000000.0	2089614690.0
9920000000.0	2090211360.0
9930000000.0	2090807270.0
9940000000.0	2091402400.0
9950000000.0	2091996820.0
9960000000.0	2092590450.0
9970000000.0	2093183230.0
9980000000.0	2093775350.0
9990000000.0	2094366700.0
10000000000.0	2094957250.0
10010000000.0	2095547120.0
10020000000.0	2096136160.0
10030000000.0	2096724400.0
10040000000.0	2097311970.0
10050000000.0	2097898740.0
10060000000.0	2098484740.0
10070000000.0	2099070070.0
10080000000.0	2099654620.0
10090000000.0	2100238380.0
10100000000.0	2100821500.0
10110000000.0	2101403720.0
10120000000.0	2101985340.0
10130000000.0	2102566140.0
10140000000.0	2103146240.0
10150000000.0	2103725510.0
10160000000.0	2104304050.0
10170000000.0	2104881980.0
10180000000.0	2105459110.0
10190000000.0	2106035500.0
10200000000.0	2106611200.0
10210000000.0	2107186140.0
10220000000.0	2107760390.0
10230000000.0	2108333850.0
10240000000.0	2108906560.0
10250000000.0	2109478670.0
10260000000.0	2110049990.0
10270000000.0	2110620550.0
10280000000.0	2111190430.0
10290000000.0	2111759580.0
10300000000.0	2112327990.0
10310000000.0	2112895800.0
10320000000.0	2113462770.0
10330000000.0	2114029090.0
10340000000.0	2114594660.0
10350000000.0	2115159530.0
10360000000.0	2115723710.0
10370000000.0	2116287170.0
10380000000.0	2116849960.0
10390000000.0	2117411980.0
10400000000.0	2117973380.0
10410000000.0	2118534050.0
10420000000.0	2119094020.0
10430000000.0	2119653260.0
10440000000.0	2120211810.0
10450000000.0	2120769730.0
10460000000.0	2121326910.0
10470000000.0	2121883380.0
10480000000.0	2122439140.0
10490000000.0	2122994260.0
10500000000.0	2123548660.0
10510000000.0	2124102380.0
10520000000.0	2124655440.0
10530000000.0	2125207850.0
10540000000.0	2125759500.0
10550000000.0	2126310490.0
10560000000.0	2126860810.0
10570000000.0	2127410450.0
10580000000.0	2127959370.0
10590000000.0	2128507670.0
10600000000.0	2129055290.0
10610000000.0	2129602200.0
10620000000.0	2130148470.0
10630000000.0	2130694070.0
10640000000.0	2131239000.0
10650000000.0	2131783240.0
10660000000.0	2132326830.0
10670000000.0	2132869750.0
10680000000.0	2133412010.0
10690000000.0	2133953580.0
10700000000.0	2134494520.0
10710000000.0	2135034780.0
10720000000.0	2135574380.0
10730000000.0	2136113370.0
10740000000.0	2136651650.0
10750000000.0	2137189310.0
10760000000.0	2137726290.0
10770000000.0	2138262590.0
10780000000.0	2138798270.0
10790000000.0	2139333320.0
10800000000.0	2139867710.0
10810000000.0	2140401440.0
10820000000.0	2140934500.0
10830000000.0	2141466940.0
10840000000.0	2141998750.0
10850000000.0	2142529890.0
10860000000.0	2143060400.0
10870000000.0	2143590290.0
10880000000.0	2144119510.0
10890000000.0	2144648130.0
10900000000.0	2145176080.0
10910000000.0	2145703380.0
10920000000.0	2146230060.0
10930000000.0	2146756120.0
10940000000.0	2147281530.0
10950000000.0	2147806330.0
10960000000.0	2148330470.0
10970000000.0	2148854000.0
10980000000.0	2149376920.0
10990000000.0	2149899190.0
11000000000.0	2150420860.0
11010000000.0	2150941870.0
11020000000.0	2151462280.0
11030000000.0	2151982060.0
11040000000.0	2152501220.0
11050000000.0	2153019780.0
11060000000.0	2153537690.0
11070000000.0	2154055020.0
11080000000.0	2154571710.0
11090000000.0	2155087790.0
11100000000.0	2155603240.0
11110000000.0	2156118110.0
11120000000.0	2156632330.0
11130000000.0	2157145980.0
11140000000.0	2157659000.0
11150000000.0	2158171410.0
11160000000.0	2158683230.0
11170000000.0	2159194440.0
11180000000.0	2159705030.0
11190000000.0	2160215030.0
11200000000.0	2160724430.0
11210000000.0	2161233220.0
11220000000.0	2161741420.0
11230000000.0	2162249020.0
11240000000.0	2162756000.0
11250000000.0	2163262430.0
11260000000.0	2163768220.0
11270000000.0	2164273440.0
11280000000.0	2164778030.0
11290000000.0	2165282080.0
11300000000.0	2165785510.0
11310000000.0	2166288360.0
11320000000.0	2166790610.0
11330000000.0	2167292280.0
11340000000.0	2167793370.0
11350000000.0	2168293860.0
11360000000.0	2168793800.0
11370000000.0	2169293120.0
11380000000.0	2169791860.0
11390000000.0	2170290030.0
11400000000.0	2170787620.0
11410000000.0	2171284630.0
11420000000.0	2171781060.0
11430000000.0	2172276930.0
11440000000.0	2172772200.0
11450000000.0	2173266890.0
11460000000.0	2173761030.0
11470000000.0	2174254570.0
11480000000.0	2174747560.0
11490000000.0	2175239980.0
11500000000.0	2175731820.0
11510000000.0	2176223090.0
11520000000.0	2176713790.0
11530000000.0	2177203940.0
11540000000.0	2177693520.0
11550000000.0	2178182520.0
11560000000.0	2178670970.0
11570000000.0	2179158850.0
11580000000.0	2179646180.0
11590000000.0	2180132940.0
11600000000.0	2180619160.0
11610000000.0	2181104800.0
11620000000.0	2181589880.0
11630000000.0	2182074420.0
11640000000.0	2182558390.0
11650000000.0	2183041820.0
11660000000.0	2183524690.0
11670000000.0	2184007000.0
11680000000.0	2184488760.0
11690000000.0	2184969990.0
11700000000.0	2185450650.0
11710000000.0	2185930770.0
11720000000.0	2186410330.0
11730000000.0	2186889360.0
11740000000.0	2187367830.0
11750000000.0	2187845780.0
11760000000.0	2188323150.0
11770000000.0	2188800000.0
11780000000.0	2189276310.0
11790000000.0	2189752080.0
11800000000.0	2190227300.0
11810000000.0	2190701980.0
11820000000.0	2191176130.0
11830000000.0	2191649750.0
11840000000.0	2192122830.0
11850000000.0	2192595360.0
11860000000.0	2193067370.0
