0
0
0
0
110
92
107
107
112
92
83
76
84
88
98
85
60
71
71
74
74
60
57
88
44
47
73
73
46
62
37
42
64
47
47
42
38
25
49
40
48
45
41
26
44
32
53
28
33
36
28
26
21
34
34
30
33
23
27
33
38
23
28
27
19
20
19
27
25
23
20
19
17
29
21
19
13
36
26
13
26
14
25
27
25
18
15
18
11
10
16
11
12
9
10
10
13
10
7
12
19
14
15
12
13
13
9
15
10
7
16
10
13
4
10
6
7
13
6
11
7
15
13
12
12
12
9
13
18
11
11
11
6
5
9
10
4
8
3
5
23
11
4
4
3
4
8
13
4
9
8
4
11
6
9
13
9
7
13
9
3
9
7
8
1
15
2
3
9
6
10
5
10
10
9
5
5
4
4
13
7
9
9
8
3
2
1
6
5
1
2
6
2
5
6
11
9
2
4
4
3
7
7
4
1
4
5
4
2
5
1
5
1
4
8
1
2
11
7
3
8
3
3
3
4
2
0
6
3
3
5
4
3
3
4
3
2
6
0
4
3
6
3
2
6
5
2
2
2
3
1
1
3
7
6
4
2
4
1
5
1
1
4
9
3
4
2
8
0
4
12
4
0
2
1
3
3
7
1
6
8
2
1
1
5
5
1
7
2
1
1
1
2
9
1
3
2
3
5
3
9
7
2
2
2
0
1
1
4
2
1
2
3
0
8
2
2
2
0
6
0
0
7
4
2
1
0
2
1
1
0
2
1
1
1
2
4
1
2
1
2
0
1
1
6
2
4
0
3
6
0
1
11
0
3
3
3
1
1
0
3
0
3
0
2
0
2
1
1
2
3
0
2
1
0
0
0
2
2
2
0
1
2
1
3
4
0
3
0
0
1
4
2
1
10
4
5
2
0
0
1
5
0
0
1
3
0
1
1
3
2
0
0
1
5
4
4
1
1
2
0
0
1
0
5
0
1
0
4
1
0
0
3
1
1
0
0
0
5
0
0
1
2
1
0
5
1
1
1
1
1
0
0
3
1
3
1
2
3
0
0
0
0
1
2
0
3
1
0
0
1
0
5
1
1
0
4
6
0
0
1
2
3
2
1
0
6
2
1
2
0
1
0
4
0
2
2
1
0
376
