2.221
3.448
3.938
4.169
4.446
4.483
4.431
4.379
4.283
4.214
4.049
4.127
4.217
4.192
4.018
4.042
4.047
4.037
4.055
4.022
3.941
3.825
3.737
3.777
3.793
3.832
3.925
3.944
3.952
3.87
3.9
4.015
4.012
3.828
3.844
3.836
3.862
4.041
4.04
3.996
3.987
4.08
4.168
4.082
3.959
3.921
3.895
3.912
3.915
3.865
3.818
3.649
3.701
3.696
3.81
3.786
3.742
3.817
3.885
3.859
3.768
3.832
3.981
4.035
4.069
4.095
4.044
4.053
4.071
4.225
4.22
4.267
4.284
4.286
4.23
4.165
4.203
4.358
4.553
4.574
4.693
4.834
4.939
5.083
5.34
5.468
5.562
5.778
5.84
5.839
6.043
6.159
6.107
6.153
6.013
5.859
5.4
4.407
2.97
1.405
