0.868
0.948
1.017
1.065
1.133
1.183
1.232
1.276
1.34
1.373
1.399
1.423
1.459
1.486
1.51
1.532
1.582
1.601
1.616
1.645
1.662
1.691
1.714
1.753
1.772
1.794
1.827
1.842
1.872
1.907
1.929
1.952
1.974
2.001
2.048
2.07
2.099
2.128
2.17
2.195
2.217
2.257
2.278
2.317
2.353
2.389
2.417
2.46
2.5
2.54
2.566
2.605
2.633
2.654
2.689
2.733
2.793
2.814
2.859
2.909
2.942
2.984
3.027
3.058
3.092
3.143
3.194
3.262
3.296
3.331
3.361
3.404
3.449
3.484
3.5105104
3.5545545
3.6426427
3.6966968
3.7657657
3.8228228
3.8608608
3.9029028
3.9649649
4.0220222
4.068068
4.135135
4.2262263
4.292292
4.3713713
4.4224224
4.4714713
4.5255256
4.5635633
4.6056056
4.6466465
4.6706705
4.6966968
4.71972
4.7755513
4.768537
4.774549
4.770541
4.794589
4.811623
4.814629
4.8677354
4.8877754
4.8967934
4.9388776
4.965932
4.991984
5.02505
5.057114
5.0851703
5.1092186
5.1282563
5.1422844
5.199399
5.268537
5.328657
5.3677354
5.4188375
5.507014
5.5330663
5.5871744
5.6342688
5.6429286
5.7001004
5.7091274
5.7372117
5.766299
5.8174524
5.8635907
5.895687
5.9066267
5.956827
5.990964
6.0271087
6.079317
6.1144576
6.138554
6.191767
6.2592964
6.2894473
6.3447237
6.3829145
6.4130654
6.4311557
6.4134808
6.4668007
6.522133
6.5633802
6.6136823
6.646881
6.693159
6.7384305
6.7474847
6.798793
6.830986
6.8480887
6.8541245
6.89336
6.9054327
6.94165
6.9668007
6.945674
6.967807
6.968813
7.022133
7.050302
7.0925555
7.10664
7.120724
7.146881
7.155936
7.174044
7.1589537
7.173038
7.192153
7.2022133
7.2374244
7.258551
7.2615695
7.2867203
7.3199196
7.3008046
7.3229375
7.2927566
7.285714
7.294769
7.3239436
7.3158956
7.304829
7.328974
7.361167
7.3772635
7.362173
7.360161
7.330986
7.352113
7.365191
7.385312
7.380282
7.410463
7.4175053
7.4305835
7.4134808
7.445674
7.428571
7.423541
7.442656
7.503018
7.5201206
7.5452714
7.5462775
7.584507
7.589537
7.5975857
7.6136823
7.5704226
7.576459
7.5694165
7.5372233
7.614688
7.5905433
7.5905433
7.6046276
7.609658
7.619718
7.6257544
7.67002
7.6861167
7.688129
7.6981893
7.71831
7.720322
7.732394
7.72334
7.722334
7.726358
7.7474847
7.72837
7.7082496
7.705231
7.6841044
7.671026
7.6780686
7.683099
7.6851106
7.66499
7.6227365
7.6358147
7.6529174
7.673038
7.665996
7.6237426
7.607646
7.5965796
7.619718
7.6006036
7.61167
7.5995975
7.6187124
7.646881
7.633803
7.6519113
7.65996
7.673038
7.6770625
7.6770625
7.667002
7.6458755
7.6549296
7.633803
7.607646
7.5774646
7.5402412
7.5412474
7.5472836
7.5724344
7.5653925
7.588531
7.5784707
7.5603623
7.5201206
7.5402412
7.5342054
7.5110664
7.4899397
7.4758554
7.438632
7.416499
7.4175053
7.362173
7.3470826
7.3511066
7.3641853
7.361167
7.336016
7.3249497
7.3108654
7.2927566
7.3158956
7.3189135
7.3229375
7.303823
7.3058352
7.2897387
7.3018107
7.3058352
7.304829
7.253521
7.231388
7.241449
7.2565393
7.246479
7.244467
7.220322
7.219316
7.193159
7.2525153
7.221328
7.2293763
7.191147
7.17002
7.1589537
7.174044
7.1841044
7.174044
7.169014
7.1569414
7.1589537
7.1488934
7.138833
7.1257544
7.112676
7.0824947
7.093561
7.10664
7.0684104
7.080483
7.0744467
7.076459
7.0724344
7.059356
7.0694165
7.0674043
7.055332
7.0412474
7.0291753
7.0432596
6.995976
6.977867
6.9657946
6.9607644
6.9346075
6.94668
6.95171
6.9325957
6.940644
6.9305835
6.9134808
6.8772635
6.870221
6.8692155
6.9024143
7.085513
7.0643864
7.036217
7.0432596
7.04829
7.022133
6.9899397
6.9879274
7.0140843
7.00503
7.0150905
7.0402412
6.996982
6.9979877
6.9899397
6.9627767
6.950704
6.94668
6.928571
6.9346075
6.9366198
6.9305835
6.945674
6.9577465
6.9557343
6.964789
6.9537225
6.9356136
6.940644
6.938632
6.928571
6.9325957
6.967807
6.9225354
6.9044266
6.9044266
6.9094567
6.9175053
6.8641853
6.836016
6.807847
6.8018107
6.7625756
6.7595572
6.7303824
6.748491
6.72334
6.4094567
6.4034204
6.4074445
6.411469
6.4004025
6.357143
6.331992
6.3410463
6.3551307
6.3420525
6.3229375
6.328974
6.352113
6.3541245
6.3410463
6.332998
6.330986
6.2927566
6.268612
6.27163
6.273642
6.251509
6.2344065
6.2424545
6.224346
6.221328
6.215292
6.231388
6.2293763
6.227364
6.2092557
6.214286
6.1941648
6.1981893
6.1820927
6.171026
6.1861167
6.169014
6.139839
6.141851
6.1257544
6.114688
6.1237426
6.0975857
6.0925555
6.071429
6.062374
6.031187
6.04829
6.032193
6.032193
6.00503
6.0100603
5.995976
6.0020123
6.003018
6.0120845
5.998993
6.0130916
6.0332327
6.062437
6.042296
6.0553875
6.035247
6.0040283
6.041289
6.021148
6.0090632
6.0
6.0040283
5.98288
5.97281
5.9496474
5.912387
5.9164147
5.8982882
5.885196
5.878147
5.8620343
5.883182
5.8892245
5.889113
5.8518147
5.849798
5.846774
5.829637
5.842742
5.862903
5.865927
5.993952
5.971774
6.001008
5.997984
5.9929366
5.9889
5.972755
5.965691
5.9707365
5.9535823
5.929364
5.9414735
5.948537
5.927346
5.9061556
5.8839555
5.8657923
5.8728557
5.889001
5.887992
5.877901
5.8567104
5.876892
5.8990917
5.8829465
5.9050503
5.861616
5.861616
5.8767676
5.9121213
5.922222
5.9050503
5.914141
5.9333334
5.939394
5.926263
5.889899
5.8858585
5.8989897
5.887879
5.9030304
5.914141
5.9070706
5.889899
5.8757577
5.866667
5.8686867
5.859596
5.8676767
5.883838
5.883838
5.857576
5.862626
5.8545456
5.871717
5.8747473
5.882828
5.8979797
5.919192
5.9151516
5.9282827
5.927273
5.922222
5.917172
5.921212
5.9333334
5.931313
5.922222
5.9080806
5.809091
5.7737374
5.768687
5.7727275
5.757576
5.7848487
5.792929
5.778788
5.7656565
5.788889
5.7939396
5.7818184
5.7868686
5.766667
5.7868686
5.80101
5.811111
5.8161616
5.832323
5.7959595
5.8
5.778788
5.7636366
5.762626
5.761616
5.759596
5.738384
5.737374
5.7393937
5.7222223
5.690909
5.6858587
5.680808
5.6656566
5.658586
5.676768
5.6545453
5.5
5.469697
5.48635
5.4974723
5.526795
5.521739
5.512639
5.4833164
5.470648
5.484818
5.5101213
5.4969635
5.4757085
5.463563
5.4757085
5.4817815
5.480769
5.4605265
5.4696355
5.476721
5.4625506
5.4524293
5.4423075
5.444332
5.444332
5.4251013
5.4251013
5.4342103
5.4331985
5.4352226
5.4190283
5.410931
5.387652
5.2803645
5.275304
5.2550607
5.2591095
5.282675
5.309017
5.314083
5.3181357
5.2998986
5.2938194
5.282675
5.278622
5.295846
5.3232017
5.3221884
5.337728
5.342799
5.3326573
5.3022313
5.2829614
5.2799187
5.2791877
5.2720814
5.2690353
5.28934
5.288325
5.28934
5.2720814
5.2649746
5.2639594
5.2639594
5.271066
5.253807
5.2467003
5.261929
5.2598987
5.281218
5.2690353
5.252792
5.2558374
5.271066
5.2568526
5.2520328
5.2052846
5.203459
5.211597
5.1922684
5.1953206
5.241099
5.239064
5.2461853
5.250254
5.2716174
5.274669
5.2929807
5.311292
5.311292
5.301119
5.2929807
5.272635
5.3156824
5.3319755
5.352701
5.3669724
5.3588176
5.327217
5.324159
5.3109074
5.2976556
5.303371
5.290092
5.2747703
5.2655773
5.2798777
5.2982635
5.3207355
5.3146067
5.3146067
5.335036
5.3462715
5.364658
5.3207355
5.3094993
5.33095
5.3381
5.34525
5.3442287
5.3799796
5.3953013
5.38713
5.378958
5.3707867
5.3687434
5.3963227
5.383044
5.3656793
5.3432074
5.340143
5.3299284
5.342186
5.3370786
5.3374233
5.3374233
5.3374233
5.322086
5.3210635
5.332651
5.330604
5.363357
5.368475
5.381781
5.3541455
5.364381
5.363357
5.3398156
5.3357215
5.334698
5.330604
5.3408394
5.3336744
5.3336744
5.3449335
5.3510747
5.3490276
5.334698
5.26305
5.254862
5.2599797
5.2579327
5.265369
5.2510247
5.2389746
5.2533336
5.2
5.174359
5.1825643
5.1138463
5.1107693
5.1241026
5.114872
5.105641
5.1128206
5.116923
5.1179485
5.140513
5.1251283
5.1066666
5.100513
5.0923076
5.0984616
5.074872
5.0451283
5.027721
5.0123205
4.976386
4.989733
4.99076
4.9876795
5.008222
4.992806
4.995889
5.0
4.9897227
4.9804525
4.994856
5.001029
5.0185184
5.005144
5.0020576
4.995885
4.9938273
4.995885
4.987654
4.983539
4.9855967
4.945473
4.9485598
4.946502
4.920782
4.952675
4.941358
4.9516463
4.940329
4.9074073
4.9063787
4.8868313
4.9002056
4.8528805
4.847737
4.839506
4.839506
4.8487654
4.8333335
4.809671
4.81893
4.8446503
4.8374486
4.8425927
4.8539095
4.8333335
4.845679
4.8333335
4.835391
4.846708
4.8528805
4.8158436
4.829218
4.8290424
4.7971163
4.784758
4.7734294
4.7754893
4.7744594
4.7631307
4.7651906
4.795057
4.804124
4.7989693
4.815464
4.8237114
4.817526
4.8101134
4.8152733
4.8132095
4.8152733
4.827657
4.8627453
4.860681
4.877193
4.8833847
4.879257
4.863777
4.856553
4.860681
4.841073
4.8421054
4.8503613
4.8586173
4.835913
4.8194013
4.8090816
4.7966976
4.8008256
4.790506
4.763674
4.786378
4.794634
4.7688336
4.763674
4.749226
4.750258
4.75645
4.7605777
4.7966976
4.794634
4.7997937
4.8183694
4.835913
4.8390093
4.860537
4.853306
4.839876
4.835744
4.8450413
4.840909
4.8634953
4.835574
4.850052
4.8728023
4.8790073
4.877973
4.8945193
4.886246
4.886246
4.8634953
4.8883142
4.892451
4.8914165
4.9152017
4.9078674
4.8943005
4.906736
4.888083
4.904663
4.8715024
4.862176
4.85285
4.85285
4.9056993
4.915975
4.917012
4.906639
4.9315352
4.9647303
4.9719915
4.975104
4.9771547
4.955348
4.9418483
4.9075804
4.8825364
4.891892
4.89605
4.906445
4.914761
4.9012475
4.8804574
4.8950105
4.887734
4.8866944
4.912682
4.91684
4.9177938
4.907388
4.9011445
4.8938603
4.873049
4.8616023
4.85744
4.852237
4.8407907
4.855359
4.825182
4.812695
4.8012486
4.783559
4.758585
4.7762747
4.76795
4.7627473
4.7523413
4.751301
4.742976
4.751301
4.7502604
4.745057
4.7221646
4.725
4.709375
4.76875
4.788542
4.7760415
4.76875
4.7708335
4.7458334
4.7447915
4.7385416
4.7395835
4.75
4.7541666
4.726042
4.710417
4.657977
4.62878
4.6586637
4.664927
4.6430063
4.653445
4.6503134
4.664927
4.6461377
4.639875
4.639875
4.6221294
4.625261
4.6221294
4.6263046
4.620042
4.5970774
4.591858
4.588297
4.571578
4.585162
4.600836
4.600836
4.61442
4.6102405
4.5966563
4.5768027
4.572623
4.5638075
4.5554395
4.5627613
4.547071
4.543933
4.58682
4.580544
4.5700836
4.5658994
4.5638075
4.5706806
4.5895286
4.6031413
4.6198955
4.6136127
4.616754
4.616754
4.6174006
4.636268
4.6509433
4.6624737
4.667715
4.667715
4.639413
4.6257863
4.6174006
4.6358867
4.616999
4.597062
4.6117525
4.6117525
4.6023083
4.598111
4.6086044
4.633788
4.6211963
4.6243443
4.636936
4.626443
4.626443
4.6358867
4.623295
4.627492
4.6159496
4.603358
4.5792236
4.567681
4.55404
4.5655823
4.5561385
4.558237
4.545645
4.5393496
4.5330534
4.5330534
4.530955
4.529412
4.5483193
4.571429
4.559874
4.5367646
4.5241594
4.5189075
4.5283613
4.512605
4.494748
4.480042
4.47479
4.462185
4.4411764
4.464774
4.480547
4.4815984
4.4879074
4.4858046
4.456362
4.463722
4.437434
4.4185066
4.39327
4.3859096
4.391167
4.3690853
4.3617244
4.354364
4.3638277
4.3638277
4.402734
4.4100947
4.417455
4.414301
4.413249
4.43428
4.42061
4.416404
4.4185066
4.4153523
4.4090433
4.40694
4.4153523
4.4258676
4.4395375
4.3890643
4.4100947
4.4058886
4.4121976
4.4090433
4.391167
4.356467
4.39327
4.378549
4.386316
4.3842106
4.386316
4.374737
4.3726315
4.3877764
4.3719707
4.360379
4.3677554
4.3730245
4.3656483
4.364979
4.3945146
4.3808017
4.3818564
4.378692
4.382911
4.373418
4.3333335
4.382911
4.392405
4.400844
4.3839664
4.3945146
4.3660336
4.364979
4.3548045
4.359408
4.369979
4.350951
4.398942
4.4084654
4.437037
4.4449153
4.4618645
4.4894066
4.467161
4.4523306
4.4385595
4.4459743
4.434322
4.454449
4.451271
4.451271
4.4449153
4.447034
4.423729
4.3898306
4.394068
4.4131355
4.447034
4.4449153
4.4290257
4.451271
4.447034
4.4396186
4.454449
4.4385595
4.450212
4.4555087
4.4369035
4.414634
4.4097667
4.3970275
4.4246283
4.4123273
4.420829
4.4431458
4.4357066
4.449522
4.4357066
4.431456
4.437234
4.4340425
4.4223404
4.424307
4.411514
4.3944564
4.3742003
4.3720684
4.3859277
4.363539
4.3742003
4.350746
4.3208957
4.3422174
4.3400855
4.336887
4.337953
4.3208957
4.301706
4.3091683
4.271855
4.2739873
4.261194
4.270789
4.282516
4.293177
4.2846484
4.292111
4.270789
4.24307
4.2441363
4.249467
4.2515993
4.223881
4.2217484
4.211087
4.196162
4.230277
4.2334757
4.214286
4.19403
4.2070436
4.2059765
4.2241197
4.21238
4.211313
4.230523
4.208111
4.2209177
4.2059765
4.213447
4.1824975
4.1963716
4.170758
4.1568837
4.1721926
4.1700535
4.1625667
4.148663
4.1368985
4.1048126
4.1272726
4.102674
4.109091
4.1037436
4.0898395
4.100535
4.1016045
4.089936
4.0845823
4.083512
4.0888653
4.0963597
4.101713
4.108137
4.095289
4.098501
4.095289
4.0749464
4.056745
4.04818
4.056806
4.040729
4.051447
4.0310826
4.0300107
4.050375
4.0428724
4.069668
4.084673
4.0878887
4.086817
4.034298
4.055794
4.064378
4.0343347
4.0429187
4.074034
4.083691
4.089056
4.080472
4.0772533
4.074034
4.085837
4.078326
4.082618
4.055794
4.0697427
4.059013
4.0772533
4.0675964
4.0504293
4.064378
4.0493565
4.02897
4.022532
4.030043
4.032189
4.0504293
4.0493565
4.056867
4.0418453
4.0343347
4.0236053
4.0171676
4.0128756
4.048283
4.0396996
4.064378
4.101931
4.10515
4.111588
4.118026
4.1233907
4.1555796
4.1738195
4.2038627
4.1770387
4.160944
4.1675615
4.175081
4.1546726
4.149302
4.121375
4.131042
4.138561
4.1353383
4.140709
4.131042
4.1535983
4.1430106
4.1623654
4.167742
4.204301
4.1946235
4.274194
4.2806454
4.2924733
4.278495
4.267742
4.255914
4.251613
4.2612906
4.248387
4.278495
4.266667
4.2817206
4.272336
4.2938643
4.32831
4.330463
4.339074
4.330463
4.334769
4.326157
4.346609
4.354144
4.351991
4.353068
4.3875136
4.393972
4.3653016
4.3814654
4.387931
4.419181
4.4040947
4.378233
4.3807983
4.3840346
4.364617
4.3520517
4.3315334
4.3502703
4.343784
4.3405404
4.3556757
4.3535137
4.2987013
4.3062773
4.3030305
4.319264
4.3203464
4.316017
4.3206935
4.325027
4.325027
4.3369446
4.3239436
4.314193
4.263272
4.2459373
4.250271
4.23727
4.217768
4.2264357
4.2058506
4.2080173
4.212351
4.2026
4.2210183
4.214518
4.261105
4.286334
4.291757
4.31128
4.2993493
4.289588
4.2906723
4.277657
4.248373
4.2497287
4.245652
4.226087
4.2440085
4.2233114
4.212418
4.1962924
4.1842966
4.1679387
4.166848
4.1679387
4.1932316
4.2021856
4.2032785
4.221858
4.226477
4.2199125
4.236324
4.214442
4.238512
4.2571115
4.227571
4.230011
4.2124863
4.2179627
4.192771
4.1796274
4.1776314
4.189011
4.1725273
4.179121
4.1923075
4.187912
4.172717
4.1562157
4.1718063
4.1751103
4.1797132
4.1666665
4.164641
4.1558013
4.1348066
4.116022
4.125
4.141593
4.130531
4.130531
4.121816
4.1118493
4.0708747
4.087583
4.085366
4.0742793
4.0986695
4.0899
4.0876803
4.0699224
4.0577135
4.052164
4.054384
4.055494
4.055494
4.05
4.061111
4.0333333
4.0266666
4.0311112
4.0466666
4.071111
4.0733333
4.06
4.0533333
4.0488887
4.034483
4.0255837
4.015573
4.0200224
4.0011134
4.004454
4.0167036
4.0089087
4.021158
4.0467706
4.0612473
4.0445433
4.0657015
4.0501113
4.0334077
4.040089
4.041249
4.0367894
4.0033445
3.9810479
3.9765887
3.9654403
3.9777036
3.942029
3.9431438
3.921962
3.942029
3.9464884
3.9442587
3.9654403
3.9832776
4.006689
4.013378
4.0289855
4.03233
4.075808
4.059086
4.0625
4.051339
4.0390625
4.0457587
4.026786
4.0412946
4.024554
4.044643
4.0614524
4.042458
4.0201116
4.0402236
4.0335197
4.025698
4.003352
3.9865923
3.9888268
4.0055866
4.025698
4.031285
4.014525
4.0
3.9809844
4.0033555
4.013423
4.0167785
4.0111856
4.02349
4.020157
4.017917
4.0246363
4.0459127
4.06383
4.058231
4.0627804
4.0661435
4.044843
4.0650225
4.0795965
4.0807176
4.0717487
4.113229
4.113229
4.099776
4.102018
4.1244392
4.131166
4.117713
4.122197
4.087542
4.0617285
4.0493827
4.0460157
4.0325475
4.0258136
4.037037
4.037037
4.0292134
4.013483
4.011236
4.022472
4.013483
3.994382
3.9955056
4.011236
4.005618
3.9966292
3.9910111
4.024719
4.005618
4.007865
3.975281
3.949438
3.9404495
3.9460673
3.9336333
3.9505062
3.943757
3.9426322
3.951631
3.9482565
3.9730034
3.9696288
3.9505062
3.9583802
3.9471316
3.943757
3.9245496
3.926802
3.8952703
3.8986487
3.8975224
3.8963964
3.8851352
3.86456
3.8814898
3.8758464
3.876975
3.8939052
3.911964
3.8984199
3.8961625
3.8905191
3.8871331
3.8656886
3.8666666
3.8836157
3.8757062
3.879096
3.8700564
3.858757
3.8440678
3.8531075
3.8779662
3.8881357
3.8757062
3.876836
3.858757
3.8531075
3.8350282
3.838418
3.8372881
3.8361583
3.8338983
3.818079
3.80452
3.8112993
3.8316383
3.8327684
3.818079
3.818079
3.8067796
3.7875707
3.7751412
3.7706215
3.778531
3.779661
3.7853107
3.7740114
3.7627118
3.7638419
3.742373
3.7367232
3.722034
3.701695
3.6644068
3.6531074
3.6666667
3.6519773
3.6519773
3.677966
3.6926553
3.7333333
3.741243
3.761582
3.7567873
3.7553794
3.7440543
3.7599094
3.7610419
3.7553794
3.756512
3.7610419
3.7621744
3.788222
3.788222
3.7780294
3.7961495
3.7780294
3.7689695
3.8015873
3.812925
3.7993197
3.8095238
3.825
3.8363636
3.8136363
3.793182
3.7920454
3.7875
3.7704546
3.759091
3.7863636
3.7772727
3.7724688
3.7767653
3.7608202
3.7562642
3.7525656
3.7682648
3.7588573
3.76
3.7428572
3.752
3.791762
3.7723112
3.8077803
3.8009152
3.7974827
3.8043478
3.7974827
3.805492
3.8283753
3.8180778
3.8178694
3.8396335
3.8636885
3.8682704
3.863532
3.8704128
3.8623853
3.8566513
3.8486238
3.8337157
3.827784
3.8300803
3.8461537
3.8413794
3.8632183
3.8689656
3.8770115
3.840046
3.8548386
3.8640554
3.8502305
3.8698156
3.8513825
3.8502305
3.8548386
3.8686635
3.8686635
3.873272
3.860599
3.8663595
3.8824885
3.908986
3.891705
3.891705
3.8986175
3.923963
3.919355
3.9308755
3.9458525
3.952765
3.9642446
3.9803696
3.9907622
3.934104
3.9410405
3.920231
3.9074075
3.9186993
3.9081395
3.9046512
3.8872094
3.860465
3.8848836
3.894186
3.877907
3.8709302
3.8556461
3.8568103
3.8714952
3.8668225
3.853972
3.848131
3.849299
3.8549707
3.8619883
3.8526316
3.8362572
3.8409357
3.831579
3.8116958
3.8105264
3.7953217
3.7868853
3.8161592
3.8056207
3.8056207
3.8173301
3.810082
3.8194606
3.8429074
3.8253224
3.817116
3.8288393
3.8323565
3.852286
3.8274648
3.8227699
3.8227699
3.8155112
3.8282354
3.8247058
3.8388236
3.8292108
3.8254716
3.8122787
3.8004723
3.8002365
3.787234
3.7624114
3.7671394
3.8085105
3.7919621
3.7801418
3.8037825
3.8033175
3.8021326
3.792654
3.8327403
3.8054566
3.7900355
3.8232503
3.8279953
3.826809
3.8695138
3.8552787
3.8540926
3.8540926
3.8351128
3.837485
3.831554
3.8659549
3.881376
3.8884935
3.9003558
3.9098458
3.9074733
3.9097388
3.917955
3.921522
3.9250891
3.9142857
3.9119048
3.9035714
3.9238095
3.892857
3.9071429
3.9333334
4.1215734
4.1394515
4.1179976
4.1073985
4.1230583
4.0955796
4.11244
4.0921054
4.0861244
4.0921054
4.0729666
4.075449
4.1161675
4.11497
4.102994
4.129341
4.1356544
4.1476593
4.129652
4.130852
4.1045675
4.1021633
4.1069713
4.1131167
4.116727
4.120482
4.120482
4.1084337
4.1049457
4.1230397
4.1206274
4.1461353
4.13422
4.133172
4.11138
4.1234865
4.122424
4.0872726
4.072727
4.0826244
4.0777645
4.0692587
4.0461726
4.0583234
4.101096
4.0317073
4.0597563
4.067155
4.086691
4.080586
4.106227
4.074572
4.014688
3.996328
3.980416
3.986536
3.9914215
3.9791667
3.9963236
3.987745
4.025767
4.062731
4.075031
4.0036945
4.013547
4.0
3.9889026
4.0036993
4.027127
4.0493217
4.0172625
4.0172625
4.0197287
4.007398
4.007398
3.9975338
3.9975338
3.9864366
3.9815042
3.9815042
3.972873
3.9419754
3.9518518
3.945679
3.930864
3.9320989
3.9148147
3.9233623
3.935723
3.9443758
3.9233623
3.9369593
3.924505
3.9257426
3.929368
3.9330854
3.9081886
3.9416873
3.9625936
3.937656
3.9401495
3.935162
3.925187
3.9426434
3.9163547
3.9163547
3.895
3.91125
3.92375
3.9025
3.88375
3.88375
3.9286609
3.904881
3.916145
