0
0
0
0
59
45
48
46
52
37
25
41
28
21
31
31
28
19
31
24
22
20
28
17
24
19
34
14
14
22
18
23
27
32
19
7
22
12
24
17
17
19
13
26
20
10
21
8
6
17
8
12
15
2
3
9
3
19
6
6
22
6
3
10
3
6
3
6
5
7
6
13
3
9
6
3
11
5
3
7
5
1
7
3
13
1
11
2
12
5
4
3
3
11
4
7
2
5
4
4
0
2
7
8
4
1
5
4
6
3
4
6
5
2
5
6
6
6
4
3
1
3
7
2
5
4
0
2
1
5
0
2
8
1
5
0
0
3
0
2
2
1
0
4
5
4
0
5
5
10
0
1
2
14
3
0
1
7
1
2
0
8
1
1
0
3
0
3
1
1
4
2
3
3
2
1
4
1
0
2
0
2
2
0
4
2
1
1
2
0
3
0
0
1
7
3
1
1
0
0
4
1
1
0
3
2
7
0
2
0
2
2
0
0
4
0
0
1
1
0
1
1
1
4
1
1
1
1
0
3
3
1
3
0
2
2
7
5
1
2
2
2
0
0
1
1
5
2
3
0
3
0
8
0
2
1
5
0
0
0
7
0
0
0
2
1
1
4
0
1
0
2
1
2
3
0
0
0
1
2
0
0
2
1
0
0
2
0
3
0
0
1
0
2
0
1
2
2
0
0
0
1
1
2
4
0
0
0
3
2
1
0
0
4
0
1
0
1
0
2
2
0
0
0
0
1
1
0
0
1
2
0
0
0
0
0
0
0
0
3
0
0
0
1
2
1
0
0
0
7
0
0
1
0
1
1
3
0
0
0
0
0
1
1
0
2
0
1
0
0
0
0
0
0
1
2
0
1
0
0
0
1
1
0
0
1
0
0
0
0
1
0
0
0
0
0
0
0
0
0
1
0
0
0
0
4
1
1
0
0
0
0
0
0
0
0
0
0
0
0
1
1
0
0
0
0
0
0
0
0
0
2
3
0
3
0
0
0
0
0
1
0
0
0
0
1
1
1
0
0
0
1
0
0
0
0
0
0
0
4
0
0
1
1
0
0
0
0
0
0
0
1
1
0
0
5
0
0
0
4
0
0
0
1
0
1
0
1
0
0
0
4
0
0
0
0
2
0
0
107
