0
0
0
0
28
38
31
28
37
36
29
27
22
40
28
18
27
19
24
27
19
17
29
23
14
17
21
10
18
12
14
18
13
3
20
11
21
14
15
11
11
9
17
15
15
21
12
12
11
14
15
8
8
13
12
8
13
9
8
10
16
22
26
10
9
7
11
11
11
8
7
14
5
8
12
9
7
7
11
6
4
11
10
6
5
5
8
5
2
9
7
3
8
5
4
10
1
3
5
1
7
5
7
5
5
1
3
4
5
5
4
10
1
3
5
5
5
4
3
5
5
4
6
3
10
4
4
9
4
3
2
4
3
3
2
3
1
1
6
3
2
5
3
2
1
1
4
2
5
6
3
4
1
4
2
5
1
4
1
2
3
3
4
3
5
3
2
1
0
3
1
1
3
5
1
2
1
2
5
1
2
2
3
4
3
4
1
3
3
0
0
2
1
0
2
0
1
1
1
2
2
3
1
1
0
3
2
1
4
0
3
0
3
1
1
3
1
1
4
1
0
1
0
2
0
0
2
0
1
1
0
2
1
1
6
4
1
3
4
1
0
3
7
2
3
4
0
2
1
0
3
3
0
0
2
3
1
0
0
0
0
0
1
0
7
2
1
1
0
0
2
1
0
1
0
0
0
2
0
0
0
0
0
2
0
1
0
4
0
0
3
1
2
1
0
0
1
1
1
0
0
1
0
0
1
0
0
0
0
0
0
0
0
1
0
1
2
0
0
1
2
1
3
0
2
1
1
0
0
0
0
0
1
2
0
2
2
0
0
0
2
1
1
0
1
0
0
0
0
2
0
1
0
1
0
1
0
0
0
0
1
0
0
0
0
0
0
0
0
2
1
0
0
0
2
0
1
1
1
1
2
1
1
0
1
1
0
0
0
0
1
0
0
0
0
0
0
0
0
0
1
2
0
0
0
0
0
0
1
1
1
0
1
0
1
1
1
0
2
0
3
0
1
0
1
1
0
1
1
0
0
0
0
1
0
0
0
1
0
2
3
0
0
1
0
0
0
0
0
0
0
0
0
0
0
0
1
0
0
1
0
0
1
0
0
0
0
2
1
0
0
0
1
0
0
1
0
0
0
0
1
0
0
1
0
0
0
0
1
0
0
0
0
0
0
0
1
1
1
68
