7.097
7.128
7.147
7.166
7.157
7.158
7.122
7.128
7.14
7.143
7.161
7.177
7.178
7.19
7.209
7.217
7.226
7.222
7.197
7.205
7.217
7.248
7.263
7.295
7.316
7.342
7.339
7.317
7.344
7.359
7.365
7.368
7.378
7.422
7.371
7.39
7.412
7.4
7.372
7.362
7.359
7.378
7.401
7.443
7.45
7.464
7.694
7.715
7.746
7.74
7.772
7.792
7.814
7.879
7.913
7.936
7.922
7.931
7.979
7.982
7.98
7.993
7.989
8.031
8.089
8.135
8.115
8.161
8.201
8.234
8.257
8.273
8.29
8.305
8.338
8.341
8.356
8.374
8.387
8.415
8.463
8.519
8.541
8.616
8.608
8.621
8.669
8.723
8.749
8.811
8.862
8.923
8.951
8.974
8.97
8.979
8.978
9.051
9.019
9.046
9.023
9.022
9.017
9.11
9.126
9.139
9.155
9.139
9.13
9.144
9.203
9.209
9.202
9.189
9.181
9.158
9.175
9.162
9.235
9.248
9.289
9.324
9.316
9.315
9.307
9.345
9.401
9.449
9.483
9.501
9.524
9.51952
9.536536
9.55055
9.631632
9.648648
9.641283
9.587349
9.6074295
9.616466
9.664659
9.657631
9.660643
9.684739
9.696787
9.648594
9.613454
9.584337
9.601406
9.693775
9.756024
9.802209
9.808233
9.79016
9.823293
9.815261
9.828313
9.865462
9.86747
9.851406
9.863454
9.854418
9.855422
9.812249
9.810241
9.833333
9.848393
9.874498
9.859438
9.864458
9.871486
9.899598
9.943775
9.948795
9.947791
9.955823
9.928643
9.9638195
9.972837
9.977867
9.940644
9.93662
9.98994
9.992958
9.971831
10.001006
9.962776
9.971831
9.951711
9.998994
10.009054
10.206238
10.176056
10.139839
10.151912
10.167002
10.140845
9.949698
9.917505
9.898391
9.859155
9.880281
9.8883295
9.939638
9.932528
9.862904
9.867944
9.88004
9.851814
9.836694
9.8286295
9.780242
9.8901205
9.900202
9.90625
9.9375
9.961694
9.9848795
9.972782
9.971774
9.980846
9.934476
9.917338
9.910282
9.8598795
9.883064
9.934476
9.910192
9.893038
9.868819
9.855701
9.843593
9.862765
9.869828
9.905147
9.974773
9.964683
9.996973
10.001009
9.80222
9.786075
9.778002
9.782039
9.767676
9.782828
9.890909
10.041414
10.020202
10.023232
10.049495
10.019192
10.120202
10.120202
10.141414
10.08999
10.137512
10.148635
10.167847
10.158907
10.124494
10.119433
10.169028
10.196356
10.192307
10.202429
10.152834
10.050608
10.015198
10.0172415
9.979716
9.9371195
9.921906
9.899594
9.90568
9.8954315
9.891371
9.84467
9.835533
9.828426
9.839594
9.836548
9.843655
9.867887
9.889228
9.846544
9.827236
9.763211
9.773374
9.803862
9.769074
9.803662
9.808749
9.825026
9.808749
9.91446
9.917515
10.041752
10.042769
10.038696
10.040733
9.99389
9.995927
9.983706
10.016294
10.032586
10.031569
10.010194
9.940877
9.948012
9.976555
9.97449
9.929592
9.949949
9.955056
9.905005
9.855828
9.882413
9.819302
9.89733
9.87885
9.879877
9.87256
9.908436
9.87963
9.950566
9.96904
9.898761
9.876939
9.847983
9.82213
9.807652
9.798346
9.805383
9.824017
9.779503
9.76501
9.815735
9.863354
9.802278
9.829192
9.813472
9.78342
9.813278
9.851505
9.829699
9.814122
9.776739
9.767152
9.77027
9.704474
9.698231
9.674297
9.678832
9.655532
9.646443
9.638075
9.667715
9.683106
9.706625
9.693685
9.735232
9.754757
9.766702
9.757962
9.771762
9.771762
9.806794
9.762208
9.751593
9.794681
9.878335
9.865385
9.910849
9.919354
9.9375
9.934196
10.018378
10.017298
9.912433
9.876623
9.908009
9.938178
9.91413
9.958695
9.995652
10.036997
10.054585
10.096175
10.089716
10.059211
10.061471
10.048299
10.003293
10.021954
10.048351
9.967033
9.98022
9.9956045
9.977998
9.971397
9.926211
9.9163
9.914097
9.933921
9.970264
9.962514
9.965821
9.964719
9.929282
9.912707
9.903761
9.930155
9.958889
9.96882
9.967706
9.956473
9.901676
9.909497
9.893855
9.9025755
9.895623
9.880898
9.869516
9.920135
9.944881
9.914414
9.873732
9.8444195
9.780158
9.773138
9.78781
9.79661
9.816949
9.986441
10.001133
9.976191
9.996594
9.975028
9.897611
9.897611
9.918858
9.931429
9.662472
9.668192
9.6807785
9.66055
9.671265
9.653625
9.808756
9.803922
9.792148
9.792148
9.834873
9.789839
9.849537
9.823871
9.832947
9.899072
9.947796
9.97093
9.990686
9.949883
9.939323
9.920467
9.806791
9.802108
9.79367
9.805392
9.83216
9.88615
9.81647
9.800472
9.802834
9.814421
9.799054
9.808511
9.851895
9.939573
9.885071
9.852906
9.902613
9.940476
9.938095
9.997613
9.965394
10.013158
9.989235
10.101796
10.079137
10.02641
10.018007
10.0625
10.132212
10.173077
10.196149
10.16747
10.116867
10.0951805
10.108827
10.087062
10.118501
10.121065
10.132281
10.149635
10.153285
10.190997
10.2475605
10.272284
10.469438
10.51348
10.517157
10.3554735
10.361624
10.312423
10.301724
10.307881
10.364982
10.342787
10.326757
10.32963
10.307787
10.326329
10.325062
10.313044
10.3109455
10.308457
10.317559
10.290524
10.113608
10.113608
10.103621
10.103621
10.137328
10.166042
10.165
10.120151
10.12766
10.006258
10.001251
10.006258
9.973717
9.909887
9.89612
9.8283205
9.834379
9.806775
9.831869
9.800502
9.806775
9.778894
9.763522
9.745592
9.788413
9.806818
9.857324
9.85101
9.902532
9.922785
9.907595
9.865823
9.891002
9.922687
9.95564
9.937659
9.9198475
9.9071245
9.913265
9.911878
9.885057
9.879949
9.814815
9.887468
9.933418
9.964103
9.898718
9.876765
9.87018
9.858612
9.8509
9.777635
9.791774
9.804376
9.842784
9.868557
9.863226
10.020672
10.0530405
10.064683
10.09185
10.093143
10.105059
10.068742
10.058441
10.127273
10.105469
10.1432295
10.222946
10.2607565
10.373368
10.39034
10.380078
10.383706
10.404731
10.429698
10.42707
10.412615
10.337713
10.31406
10.304862
10.238472
10.196311
10.150198
10.191041
10.035573
10.055409
10.056728
10.040897
10.014531
10.0291
10.021164
9.996026
9.988079
9.985431
10.037135
10.07427
10.096817
10.098404
10.06
10.046729
10.097593
10.104278
10.110963
10.093583
10.064171
10.026738
10.085791
10.116778
10.083446
10.132075
10.11725
10.118758
10.151147
10.186234
10.19973
10.205129
10.190284
10.162162
9.943167
9.97832
9.99729
9.994573
10.0
9.960651
9.975477
10.091781
10.100275
10.116758
10.141678
10.127923
10.11708
10.118457
10.139118
10.139118
10.157024
10.162984
10.188106
10.171508
10.141079
10.13278
10.137119
10.127424
10.14147
10.127778
10.2075205
10.221449
10.229051
10.195531
10.192738
10.174581
10.177374
10.131469
10.1020975
10.1036415
10.05042
10.0210085
10.012623
10.012623
10.046284
10.103932
10.112676
10.111424
10.079096
10.090524
10.089235
10.065156
10.031161
10.048227
10.002837
10.039717
10.005673
10.024148
10.041252
10.062589
10.098151
10.064102
10.177143
9.833811
9.845272
9.838109
9.784792
9.706475
9.755396
9.738817
9.731602
9.897399
9.876812
9.901163
9.864234
9.79854
9.770468
9.75
9.77193
9.783309
9.765739
9.771596
9.750733
9.755132
9.703813
9.669603
9.676946
9.697504
9.70044
9.672541
9.627941
9.596465
9.563422
9.5613
9.579882
9.5887575
9.571852
9.597037
9.682021
9.751488
9.755953
9.729167
9.71237
9.723881
9.731343
9.758982
9.73503
9.738024
9.766117
9.763909
9.769925
9.742857
9.722892
9.74247
9.6365
9.677225
9.676737
9.720544
9.708459
9.679274
9.694403
9.683812
9.672728
9.680303
9.709091
9.726859
9.703648
9.707763
9.701674
9.693598
9.675304
9.6839695
9.705973
9.691718
9.665645
9.701538
9.684615
9.664099
9.628659
9.640432
9.664606
9.689336
9.704791
9.75387
9.789474
9.7739935
9.745736
9.755039
9.75814
9.784162
9.787267
9.800933
9.741836
9.780374
9.807813
9.795313
9.86072
9.834116
9.816901
9.810345
9.821317
9.816614
9.757053
9.749216
9.702194
9.678683
9.711146
9.713837
9.754717
9.762579
9.785827
9.784252
9.79653
9.782334
9.7361765
9.725119
9.745656
9.762282
9.792393
9.788889
9.761905
9.723809
9.7
9.728572
9.666667
9.660317
9.623212
9.5469
9.5469
9.54531
9.557324
9.549363
9.556619
9.575758
9.596491
9.596491
9.5552
9.56
9.5808
9.514423
9.478331
9.479099
9.493569
9.522508
9.533011
9.542673
9.544427
9.641815
9.636364
9.630895
9.621139
9.793496
9.793496
9.760976
9.747968
9.746342
9.674797
9.656911
9.703583
9.717781
9.724307
9.694942
9.7079935
9.670473
9.637255
9.614379
9.638889
9.663399
9.633388
9.674304
9.673771
9.670492
9.626229
9.646962
9.679803
9.732348
9.799342
9.807249
9.759473
9.766063
9.7743
9.7808895
9.662251
9.706954
9.711921
9.645696
9.675497
9.703643
9.751244
9.761194
9.789037
9.818937
9.79402
9.812292
9.795681
9.770764
9.742525
9.764119
9.797005
9.783694
9.78
9.738334
9.783334
9.834724
9.826377
9.862876
9.886288
9.889447
9.886097
9.858824
9.89899
9.893939
9.893939
9.979798
9.93266
9.969697
10.005051
9.978114
9.952862
9.915825
9.907408
9.9696455
9.976391
9.994941
10.0101185
10.065878
10.065878
10.062606
10.028765
9.974576
10.098472
10.110544
10.051021
10.064736
10.068143
10.046075
10.054607
10.056314
10.027304
9.986348
9.996587
10.037607
10.018804
10.0240135
9.922681
9.93299
9.924398
9.93299
9.950171
9.95189
9.924398
9.919244
9.9054985
9.936426
9.931272
9.910653
9.878007
9.852234
9.893471
9.883162
9.890035
9.895189
9.9363165
9.991394
10.022375
10.022375
10.053356
10.093103
10.1
10.113793
10.060345
10.006897
10.0241375
10.043103
10.0241375
9.989637
9.962004
9.989637
9.968858
10.012132
9.907986
9.907826
9.881739
9.869565
9.791305
9.841463
9.86014
9.816434
9.823426
9.823426
9.800699
9.722028
9.671329
9.8758745
9.870402
9.879159
9.859649
9.868421
9.864912
9.889279
9.892795
9.903339
9.927944
9.862917
9.81898
9.782074
9.719577
9.664903
9.638448
9.59612
9.6102295
9.6049385
9.566137
9.566137
9.534391
9.541446
9.488536
9.420495
9.421239
9.447787
9.453097
9.445036
9.466312
9.468085
9.446809
9.437943
9.460993
9.553191
9.551418
9.567376
9.567376
9.597518
9.586145
9.579041
9.582593
9.612788
9.602132
9.595027
9.552398
9.60746
9.608541
9.626334
9.593583
9.667857
9.672629
9.690518
9.645796
9.679786
9.665474
9.612904
9.639785
9.632616
9.668459
9.639785
9.614696
9.648746
9.611111
9.591398
9.603943
9.584229
9.557347
9.551971
9.548388
9.530466
9.523297
9.512545
9.489247
9.4498205
9.413979
9.394265
9.387792
9.388489
9.392086
9.365108
9.354317
9.393885
9.408274
9.406475
9.462231
9.47482
9.4730215
9.453238
9.440647
9.437051
9.415467
9.420863
9.402878
9.402878
9.374101
9.383094
9.365108
9.402878
9.415467
9.348921
9.361511
9.367568
9.416216
9.437838
9.486486
9.493693
9.508108
9.464865
9.450451
9.448648
9.472924
9.521661
9.532491
9.5595665
9.564982
9.563177
9.593128
9.612319
9.583333
9.569873
9.586206
9.665455
9.663636
9.669091
9.68306
9.673953
9.639344
9.622951
9.626594
9.613843
9.5847
9.588343
9.59745
9.564663
9.576642
9.607664
9.633212
9.636861
9.636861
9.64416
9.664233
9.618613
9.580292
9.576642
9.534672
9.514599
9.534672
9.525547
9.518249
9.47532
9.457038
9.471663
9.409507
9.413162
9.301645
9.310786
9.323584
9.338208
9.325412
9.303473
9.318099
9.301645
9.296161
9.299817
9.357142
9.333333
9.366301
9.340659
9.318682
9.340659
9.324176
9.326007
9.318682
9.326007
9.29304
9.245872
9.245872
9.2605505
9.244037
9.207339
9.253211
9.242202
9.234862
9.222018
9.144954
9.115597
9.086239
9.047707
9.045872
9.036697
9.027523
9.277574
9.264706
9.231618
9.229779
9.257353
9.242647
9.233886
9.108656
9.248619
9.267035
9.241252
9.250461
9.256457
9.236162
9.214022
9.166052
9.162362
9.136532
9.136532
9.136784
9.151571
9.186691
9.147874
9.101664
9.09427
9.031424
9.0222225
9.007407
9.012963
9.059369
9.040816
9.014842
9.027829
9.016698
8.961039
8.9313545
8.957249
8.95539
8.988848
9.055762
9.080074
9.10987
9.074488
9.089385
9.218692
9.190654
9.188785
9.171963
9.130841
9.159176
9.181648
9.17603
9.193246
9.193246
9.219512
9.225141
9.227016
9.213883
9.208255
9.181989
9.195122
9.213883
9.21576
9.217636
9.253759
9.284369
9.294339
9.310019
9.3138
9.340264
9.351606
9.3724
9.383743
9.3534975
9.344046
9.310019
9.404537
9.398866
9.342155
9.323252
9.413989
9.415879
9.41966
9.383743
9.378072
9.3534975
9.36673
9.345936
9.342155
9.345936
9.302458
9.306238
9.283554
9.285444
9.224953
9.219281
9.232514
9.228733
9.238185
9.221172
9.227273
9.206439
9.164773
9.183712
9.147727
8.914773
8.954545
9.037879
9.018939
9.018975
9.017077
9.077947
9.060952
9.01912
8.996176
9.120459
9.114723
9.105163
9.124283
9.16826
9.179732
9.181644
9.141763
9.120689
9.113027
9.139847
9.128352
9.109196
9.142035
9.107486
9.12476
9.088292
9.0364685
9.191938
9.214972
9.226487
9.245682
9.232245
9.236084
9.232245
9.259117
9.274472
9.234165
9.273077
9.298652
9.359074
9.337838
9.42278
9.427466
9.4294
9.381044
9.242249
9.23062
9.261628
9.2984495
9.282946
9.273255
9.261628
9.255814
9.253876
9.291262
9.275728
9.275728
9.28932
9.2621355
9.26602
9.27767
9.282102
9.264591
9.285993
9.252918
9.258755
9.22179
9.250973
9.25731
9.233918
9.253411
9.282651
9.300195
9.251462
9.20078
9.14425
9.171875
9.171875
9.177734
9.197266
9.1875
9.1484375
9.136719
9.140625
9.125245
9.123287
9.158824
9.160785
9.166667
9.186275
9.164706
9.172549
9.17451
9.158824
9.176471
9.168628
9.252941
9.272549
9.288236
9.3294115
9.318271
9.316929
9.301181
9.297244
9.350393
9.264299
9.252465
9.270217
9.252465
9.282051
9.285996
9.293885
9.318182
9.333992
9.304951
9.293069
9.289109
9.29901
9.29505
9.285714
9.322067
9.361829
9.40159
9.354582
9.381238
9.387225
9.401197
9.407186
9.373254
9.363274
9.3572855
9.343313
9.409182
9.389221
9.385229
9.347305
9.31537
9.359282
9.86
9.874
9.8
9.78
9.769539
9.749499
9.765531
9.763527
9.807229
9.789157
9.809237
9.819277
9.813253
9.967872
10.032128
10.012048
9.913654
9.89336
9.889336
9.875
9.907258
9.915322
9.881048
9.868952
9.810484
9.84879
9.830646
9.824596
9.8286295
9.844444
9.80404
9.779798
9.767206
9.783401
9.7712555
9.799595
9.809716
9.88664
9.904859
10.016194
9.991903
9.989879
9.973684
9.983806
9.965517
9.997972
10.048681
10.048681
10.079107
10.150407
10.130081
10.126017
10.115853
10.152439
10.154471
10.164969
10.17108
10.148676
10.15102
10.128835
10.202454
10.182004
9.707566
9.668712
9.623722
9.67418
9.694673
9.715164
9.680327
9.661885
9.651639
9.678279
9.668033
9.6495905
9.618853
9.594262
9.592213
9.563524
9.57582
9.608606
9.584017
9.571721
9.597536
9.61191
9.556468
9.526749
9.529897
9.527835
9.482474
9.6907215
9.672165
9.703093
9.694845
9.735538
9.75
9.723141
9.721074
9.731405
9.78882
9.80083
9.707469
9.721992
9.717842
9.761411
9.917012
9.919087
9.958507
9.981289
9.93763
9.925156
9.910417
9.8625
9.927083
9.929167
9.933333
9.929167
9.9375
9.960417
9.977083
9.933333
9.922916
9.93125
9.916667
9.90625
9.95625
9.979123
9.972803
9.920502
9.924686
9.870293
9.8305435
9.851153
9.844864
9.870021
9.851153
9.85325
9.884696
9.834381
9.84696
9.840336
9.886315
9.909473
9.930527
9.930527
9.896842
9.917894
9.953684
9.96
9.951579
9.983158
9.997894
10.0
9.96
9.976842
9.842105
9.837894
9.814736
9.75579
9.79114
9.780591
9.812236
9.797468
9.810126
9.812236
9.767933
9.797468
9.8312235
9.835095
9.836864
9.841102
9.832627
9.82839
9.817021
9.829787
9.880851
9.86383
9.946809
9.982979
9.993617
9.978724
9.980851
9.974468
10.0
9.989362
10.025532
10.055319
10.063829
10.051064
10.017021
9.951064
10.1
10.093617
10.070212
10.07234
10.068085
10.053191
10.029787
9.970213
9.940298
9.9424305
10.044871
9.995727
10.01282
10.044871
10.260684
10.278373
10.291221
10.301928
10.265525
10.291221
10.28908
10.297645
10.321199
10.27409
10.321199
10.27409
10.263383
10.1862955
10.190578
10.201284
10.237687
10.285408
10.285408
10.296138
10.302575
10.283262
10.349786
10.302575
10.350537
10.335484
10.350537
10.359139
10.395699
10.40215
10.410752
10.404301
10.445161
10.4236555
10.438709
10.148387
10.154839
10.118279
10.156989
10.182796
10.195699
10.208602
10.154839
10.152688
10.124731
10.118279
10.113978
10.098925
10.094624
9.954839
9.950538
9.974194
9.96129
9.982796
10.002155
9.967603
9.995681
9.984881
9.976242
10.015119
10.006479
10.00216
10.015119
10.047516
10.235421
10.200864
10.233261
10.1922245
10.174946
10.161987
10.183585
10.159827
10.153348
10.058315
10.069115
10.053996
10.049676
10.049784
10.08243
10.039045
10.08243
10.065076
10.036877
10.039045
10.021692
9.99783
10.023861
10.010846
10.008677
10.036877
9.965293
10.0
10.036877
10.039045
10.049891
10.032538
10.015184
10.028199
10.010846
9.952277
9.911063
9.850326
9.891541
9.822125
9.887201
9.574838
9.556521
9.563044
9.57826
9.536957
9.586057
9.559913
9.568627
9.567685
9.585153
9.606987
9.60917
9.576419
9.561135
9.604803
9.558952
9.550219
9.537118
9.52954
9.544858
9.512035
9.512035
9.5185995
9.599563
9.612692
9.628009
9.666667
9.714286
9.723077
10.028571
10.035165
10.083516
9.986814
9.964835
9.918502
9.87445
9.889868
9.918323
9.913907
9.920529
9.922737
10.013274
10.013274
9.997787
10.013333
9.955556
9.904445
9.851111
9.859688
9.848553
9.853006
9.848553
9.859688
9.908483
9.912947
9.917411
9.892858
9.863839
9.868303
9.850447
9.859375
9.848214
9.828125
9.875
9.866072
9.870536
9.837053
9.863839
9.885906
9.870246
9.878923
9.878923
9.878923
9.887893
9.898876
9.903371
9.923424
9.925675
9.981941
10.009029
10.038462
10.113379
10.120181
10.092971
10.092971
10.077098
10.097727
10.056948
10.0593605
10.075342
10.061644
10.09589
10.043379
10.022831
9.96347
9.972603
10.038991
10.034404
10.059633
9.896789
9.889908
9.857799
9.908257
9.951835
9.958715
9.956422
9.919724
9.894495
9.912844
9.8807335
9.855505
9.821101
9.772936
9.724771
9.715596
9.643678
9.643678
9.648276
9.63908
9.597701
9.6705065
9.706697
9.709007
9.709977
9.748837
9.762791
9.783721
9.75814
9.7
9.648837
9.213953
9.232558
9.202326
9.130233
9.169767
9.195349
9.155814
9.137851
9.170561
9.109813
9.093458
9.10514
9.058412
9.079625
9.08216
9.133802
9.112941
9.155294
9.16
9.174118
9.176471
9.190588
9.211764
9.216981
9.226951
9.267773
9.255924
9.248816
9.28199
9.296208
9.29147
9.2725115
9.28673
9.28199
9.247031
9.261283
9.280285
9.31829
9.301662
9.364285
9.326191
9.309524
9.536993
9.508353
9.50358
9.494034
9.539379
9.515513
9.459331
9.441247
9.402878
9.453238
9.398082
9.366906
9.357314
9.383693
9.378897
9.430288
9.427885
9.387019
9.408654
9.387019
9.367788
9.324519
9.318841
9.379227
9.381642
9.381642
9.862319
9.833333
9.855072
9.84058
9.90799
9.871671
9.837772
9.828087
9.828087
9.917676
10.237288
10.266991
10.257281
10.315534
10.313107
10.339806
10.354369
10.355231
10.381995
10.3309
10.319512
10.304878
10.27561
10.204878
10.202439
10.153659
10.190244
10.160975
10.12225
10.110024
10.127139
10.141809
10.161369
10.1002445
10.075794
10.05868
10.090465
10.144255
10.186275
10.240196
10.269608
10.296569
10.240196
10.259804
10.274509
10.240196
10.156863
10.120098
10.090686
10.083333
10.078431
10.066176
10.0220585
10.009804
9.970589
9.921569
9.948529
9.933824
9.904411
9.926471
9.938725
