4.845
6.157
7.381
8.504
9.055
9.15
9.361
9.613
9.731
9.936
10.359
10.651
10.847
11.023
11.028
10.95
10.9
10.864
10.937
11.044
11.224
11.463
11.466
11.147
11.025
10.866
10.811
10.781
10.815
10.778
10.667
10.622
10.95
10.893
10.996
11.115
10.739
10.755
10.636
10.554
10.506
10.467
10.689
10.757
10.807
10.703
10.731
10.645
10.782
10.653
10.68
10.572
10.302
10.26
9.961
10.033
10.269
10.495
10.552
10.569
10.57
10.383
10.46
10.465
10.495
10.364
10.369
10.307
10.379
10.36
10.24
10.127
10.115
10.37
10.501
10.666
10.717
10.571
10.441
10.404
10.233
10.239
10.122
10.148
10.242
10.244
10.289
10.422
10.358
10.204
10.382
10.32
10.044
9.933
9.61
9.431
9.19
8.534
7.673
7.024
