0
0
0
0
17
16
14
17
24
29
14
15
12
29
11
18
12
12
16
9
10
8
6
12
14
9
17
7
7
8
6
10
11
6
8
9
10
7
5
5
7
6
6
5
9
6
7
3
7
2
8
2
8
6
1
4
4
2
6
4
2
3
5
6
6
5
6
3
4
2
5
5
5
0
5
4
3
9
3
1
4
5
4
5
1
4
2
4
2
1
1
2
3
2
2
2
1
2
2
0
1
3
3
3
2
1
1
1
3
2
4
1
2
1
2
3
1
3
4
1
1
0
1
5
1
2
4
0
2
0
2
2
2
0
1
2
1
0
3
2
2
2
0
1
1
1
0
0
2
2
0
0
1
1
2
2
3
0
0
1
1
2
1
1
1
0
0
0
1
3
0
1
0
0
0
0
1
0
1
0
0
2
2
0
0
1
0
0
0
0
2
0
0
1
0
0
0
1
0
1
1
2
1
0
0
0
0
0
0
1
3
2
1
1
1
1
0
1
0
0
1
1
0
0
0
0
0
0
1
0
0
0
0
0
0
0
0
0
0
1
2
0
0
0
0
1
0
0
1
0
0
0
0
0
0
0
0
0
0
0
0
0
0
1
0
0
0
2
1
1
0
0
0
1
1
0
0
0
1
0
0
0
0
1
0
0
0
1
0
0
0
1
0
0
0
0
0
1
0
0
0
0
1
0
0
0
0
0
0
0
0
0
0
0
1
0
0
0
0
0
1
0
0
1
0
1
0
0
0
0
0
0
0
0
0
0
0
0
0
0
0
0
0
0
0
0
0
0
1
0
0
0
0
0
0
1
0
0
0
0
0
0
0
0
0
1
0
1
0
0
1
0
1
1
0
0
2
0
1
0
0
0
0
0
0
1
0
0
0
0
0
0
0
0
1
0
0
0
0
1
0
0
0
2
0
0
1
0
1
0
0
0
0
0
0
0
0
0
0
2
0
0
0
0
0
1
0
0
0
0
1
0
0
0
0
1
1
0
1
0
0
0
0
0
0
0
0
1
0
0
0
0
2
0
0
0
0
0
0
0
0
0
0
0
0
0
0
0
0
0
0
0
0
0
0
0
0
0
1
0
0
0
0
0
1
0
0
0
0
0
0
0
0
0
0
0
0
0
0
28
