17.479
21.802
25.505
28.86
31.667
33.071
33.845
35.178
36.456
38.131
39.924
40.636
41.279
41.865
42.302
42.772
42.981
42.981
43.491
43.984
44.437
44.515
44.799
45.433
45.928
46.058
46.165
46.427
46.766
47.507
47.841
47.719
47.479
47.387
47.094
47.517
47.965
47.99
47.995
47.539
47.388
47.425
47.232
47.46
47.51
47.761
47.95
47.821
47.681
47.548
47.811
48.55
48.793
48.918
49.007
48.524
48.025
48.137
48.535
48.496
48.596
48.261
47.948
47.504
47.152
47.367
46.909
46.987
46.677
45.76
45.112
44.741
44.768
44.681
45.069
45.68
45.879
45.842
45.938
45.811
45.864
45.619
45.601
45.256
44.179
43.599
43.502
43.421
42.977
42.455
41.877
40.855
39.802
38.976
37.88
36.44
34.736
32.467
29.813
27.404
