26.804
27.0
27.075
27.262
27.361
27.426
27.481
27.544
27.583
27.648
27.701
27.74
27.805
27.872
27.919
27.967
28.031
28.092
28.14
28.172
28.327
28.434
28.481
28.5
28.605
28.764
28.795
28.856
28.794
28.774
28.827
28.889
29.049
29.147
29.26
29.328
29.385
29.48
29.541
29.641
29.862
29.942
29.968
30.06
30.147
30.189
30.345
30.457
30.492
30.654
30.754
30.907
30.958
31.147
31.26
31.426
31.622
31.734
31.769
31.751
31.79
31.841
31.971
31.984
32.064
32.211
32.469
32.585
32.779
32.862
32.93
33.029
33.074
33.158
33.272
33.497
33.603
33.756
33.941
34.047
34.182
34.274
34.428
34.523
34.523
34.617
34.776
34.853
34.941
35.021
35.054
35.194
35.278
35.359
35.494
35.627
35.792
35.918
35.95
36.05
36.172
36.289
36.447
36.572
36.823
36.822
36.914
36.947
36.999
37.107
37.206
37.259
37.364
37.473
37.537
37.576
37.543
37.789
37.538
37.629
37.913
37.973
38.043
37.948
38.074
37.894
37.823822
37.95095
37.977978
38.01101
38.213215
38.39039
38.61762
38.560562
38.482483
38.555557
38.577576
38.495495
38.502502
38.77778
38.78779
38.853855
38.952953
38.974976
39.004005
39.014015
39.046047
39.09009
39.224224
39.246246
39.286285
39.395397
39.377377
39.374374
39.33934
39.36036
39.42843
39.383385
39.384384
39.507507
39.782784
39.8989
40.08208
40.22022
40.282284
40.387386
40.452454
40.452454
40.473473
40.588177
40.54509
40.661324
40.72645
40.945892
40.993988
41.091183
41.063126
41.27984
41.295887
41.33735
41.421688
41.358433
41.321285
41.497993
41.522087
41.51004
41.59739
41.517067
41.452263
41.57588
41.698494
41.79598
41.821106
41.801006
41.764824
41.809044
41.744724
41.607647
41.70292
41.75428
42.093655
42.100704
42.00302
42.032227
42.31319
42.155087
42.223564
42.263103
42.330647
42.541332
42.038307
42.013103
42.05746
42.04234
41.989918
42.10999
42.147327
42.226036
42.26539
42.39758
42.43189
42.523712
42.601414
42.54894
42.599396
42.610493
42.748737
42.821392
43.005047
43.02321
42.91322
42.82341
42.808273
42.42684
42.46014
42.47124
42.57114
42.480324
42.51766
42.47326
42.53784
42.58426
42.597378
42.648838
42.748737
42.825428
43.074673
43.23209
43.312817
43.27346
43.257317
43.32089
43.32997
43.46216
43.51564
43.656914
43.414734
43.43996
43.496468
43.511112
43.47273
43.3798
43.250504
43.223232
43.172726
43.30606
43.239395
43.232323
43.289898
43.326263
43.255554
43.260605
43.3202
43.365658
43.381817
43.38586
43.357937
43.401417
43.26997
43.28817
43.23559
43.295246
43.48988
43.463562
43.479755
43.51822
43.55015
43.635258
43.516716
43.4154
43.314083
43.340427
43.31003
43.342453
43.359676
43.177303
43.401215
43.38298
43.462006
43.381966
43.279636
43.26572
43.254562
43.324875
43.33401
43.479675
43.827236
43.830284
43.836384
43.821136
43.745934
44.048832
44.02238
43.97355
43.956257
44.069176
44.01119
44.021362
43.984726
43.8666
43.85947
44.00611
44.057083
43.892967
43.895004
43.782875
43.633026
43.538227
43.64658
43.638405
43.611847
43.69663
43.81818
43.949898
43.89673
43.812885
43.64315
43.625767
43.708588
43.767895
43.73006
43.71341
43.75435
43.839138
43.817623
43.803078
43.62564
43.537437
43.51077
43.459957
43.52464
43.52929
43.577595
43.446045
43.27441
43.335735
43.262615
43.33299
43.220848
43.21259
43.22394
43.224976
43.281734
43.206398
42.99381
43.133125
43.14964
43.106403
43.148914
43.107548
43.18323
43.112835
43.11399
42.9171
42.81658
42.727177
42.612034
42.407677
42.396267
42.306335
42.47975
42.286606
42.1838
42.30905
42.384132
42.05741
42.018787
41.93096
41.830544
41.8733
41.94136
41.700523
41.754974
41.677486
41.627224
41.600628
41.598534
41.472748
41.548218
41.548794
41.444912
41.42437
41.292324
41.17245
41.270813
41.175106
40.68499
40.4926
40.404232
40.333687
40.385593
40.540913
40.435707
40.455803
40.273987
40.133404
40.125935
40.106724
40.1238
40.102566
39.957172
39.986065
40.14791
40.08691
40.031116
39.957035
39.99785
40.049515
40.0183
39.975243
39.94504
39.938576
39.929882
39.857605
39.7851
39.805614
39.815334
39.845573
39.85205
40.028137
40.018417
40.03575
40.108814
40.066376
40.015232
40.062023
40.027233
39.92157
39.93784
40.087337
40.119255
40.12171
39.916485
40.02536
40.13576
40.311604
40.526024
40.477825
40.331112
40.375973
40.312153
40.261986
40.23523
40.28125
40.61607
40.850445
40.80357
40.84152
40.911633
40.88367
40.92937
40.90471
40.512905
40.436935
40.487034
40.505074
40.511288
40.576748
40.51131
40.56561
40.5771
40.453514
40.497734
40.398865
40.394318
40.41932
40.392044
40.41932
40.547836
40.48861
40.394527
40.41277
40.3379
40.319633
40.339043
40.321144
40.502865
40.519497
40.52867
40.510323
40.671642
40.662457
40.61751
40.536865
40.385235
40.425606
40.504036
40.512703
40.535797
40.713295
40.7815
40.67361
40.710648
40.709152
40.79722
40.8223
40.93256
40.934807
40.910362
40.9895
41.149708
40.866512
40.895786
40.90398
40.92623
40.884075
41.055035
41.23302
41.113583
41.11241
41.01639
40.942554
40.882767
41.008224
41.056404
41.03298
40.837456
40.8125
40.91371
40.888626
40.97038
40.918148
40.918148
41.089073
41.083332
41.122765
40.81623
40.81123
40.79162
40.918564
40.893158
40.9988
40.99279
40.95668
40.966267
40.908432
40.97222
41.066505
40.948006
41.012108
40.935757
40.843636
40.786407
40.720535
40.829685
40.90876
40.92195
40.881706
40.85
40.814632
40.82561
40.847187
40.86186
40.814953
40.793865
40.692024
40.73678
40.725708
40.747536
41.119606
41.196297
41.149567
40.98513
41.08809
41.17413
41.078358
40.97136
41.14125
41.195
41.186718
41.222084
41.273525
41.11809
41.20403
41.20328
41.083862
41.063614
41.017857
41.05499
41.049934
41.183804
41.091377
41.007732
41.024517
41.2093
41.242893
41.190166
41.1022
41.073833
41.044098
41.07672
41.10273
41.222656
41.23729
41.210182
41.421467
41.32199
41.23953
41.23198
41.220474
41.289856
41.402905
41.376488
41.364597
41.334213
41.236458
41.27947
41.157825
41.15538
41.189083
41.15333
41.157333
41.18667
41.178665
41.145332
41.168
41.132
41.05207
41.101467
41.11379
41.02276
40.906292
40.936996
40.829758
40.986576
40.99597
40.879196
40.78331
40.814014
40.74124
40.736843
40.699055
40.7473
40.76081
40.58108
40.57027
40.6
40.525677
40.405148
40.386703
40.640816
40.51705
40.547066
40.60959
40.48697
40.482143
40.487637
40.421486
40.374657
40.32138
39.96547
39.984787
40.29363
40.418056
40.379166
40.485397
40.54103
40.375523
40.399166
40.37691
40.329624
40.406685
40.491642
40.52022
40.530727
40.551678
40.57762
40.518883
40.438374
40.330532
40.19888
40.168304
40.14205
40.12412
40.17514
40.210453
40.209038
40.29787
40.24858
40.263157
39.92735
39.945713
39.982834
39.9299
40.025826
39.906742
40.044605
40.079136
40.116547
40.1534
40.123188
40.110306
40.08866
39.972385
40.027615
40.07122
40.131004
40.01019
39.902473
39.800583
39.909355
39.900585
39.79063
39.672035
39.734215
39.70692
39.770252
39.733433
39.73599
39.751846
39.610947
39.321007
39.253334
39.213333
39.24926
39.45104
39.478455
39.43388
39.447918
39.392857
39.47164
39.522453
39.545727
39.5
39.42943
39.474476
39.394894
39.527107
39.61991
39.65408
39.539394
39.521214
39.407578
39.350533
39.261795
39.30289
39.461185
39.307926
39.32317
39.39329
39.399082
39.594803
39.612556
39.367535
39.366005
39.327717
39.527607
39.55368
39.466972
39.501537
39.32923
39.33898
39.26852
39.266975
39.36392
39.395023
39.35514
39.398438
39.440624
39.41471
39.32551
39.40945
39.32126
39.228348
39.287067
39.391785
39.376583
39.18829
38.849445
38.843105
38.869633
38.813694
38.571655
38.496014
38.464115
38.440193
38.420128
38.38978
38.450478
38.5152
38.472
38.361736
38.30386
38.305466
38.385853
38.332256
38.312904
38.47488
38.523502
38.424637
38.392857
38.435772
38.540718
38.508972
38.498367
38.383987
38.39216
38.52295
38.591805
38.655174
38.673233
38.657894
38.685337
38.624382
38.2916
38.215816
38.228996
38.25331
38.293533
38.531666
38.72241
38.770905
38.76382
38.984924
39.0201
39.048656
39.045303
38.947987
39.028667
38.993256
39.030407
39.0473
38.996616
39.064297
39.096447
39.11337
39.140438
39.329933
39.378193
39.370308
39.50512
39.437607
39.338463
39.26154
39.266666
39.260273
39.231163
39.64151
39.668953
39.686108
39.756012
39.733677
39.877586
39.82556
39.84602
39.79931
39.81629
40.055458
40.048527
40.14435
40.083477
40.17073
40.106274
40.07143
39.8554
39.888306
39.81818
39.83916
39.737305
39.617542
39.573685
39.582455
39.622807
39.61579
39.570175
39.47193
39.44737
39.570175
39.613358
40.005283
39.896126
40.118164
40.210247
40.173145
40.274338
40.36106
40.304424
40.327435
40.38584
40.304424
40.36814
40.4
40.47695
40.427303
40.324467
40.27305
40.363476
40.409573
40.37766
40.28064
40.305508
40.27176
40.17762
40.05338
40.103386
40.08556
40.146168
40.039215
40.11786
40.13393
40.127014
40.221825
40.302326
40.40787
40.460575
40.489246
40.506283
40.56115
40.636692
40.731533
40.517117
40.43063
40.232433
40.205406
40.28933
40.613018
40.655796
40.641304
40.514492
40.536232
40.541817
40.598183
40.490875
40.493603
40.446068
40.249084
40.192307
40.242203
40.237133
40.194855
40.119484
40.097427
39.8125
39.84191
39.608456
39.78269
39.627995
39.435425
39.369686
39.360443
39.45
39.55948
39.71136
39.785847
39.867783
39.8473
39.84515
40.00746
40.009327
39.936565
39.923508
39.99254
39.916046
40.0597
39.979477
39.968285
40.237385
40.218693
40.363297
40.42884
40.554306
40.55056
40.54869
40.574905
40.468166
40.472797
40.47467
40.43715
40.4906
40.528194
40.617702
40.583805
40.51789
40.532955
40.548023
40.443398
40.51894
40.467804
40.448864
40.407196
40.403408
40.395832
40.416668
40.535103
40.57116
40.59393
40.490494
40.48479
40.507603
40.539925
40.680607
40.665398
40.680607
40.771862
40.809887
40.86502
40.840305
40.9981
40.811787
40.52281
40.47719
40.488594
40.555134
40.526615
39.980988
39.891636
39.887833
39.927757
39.910645
39.925854
39.88023
39.96768
40.013332
40.013332
40.08604
40.16826
40.21224
40.264366
40.243294
40.00192
39.986565
40.051823
40.512478
40.447216
40.420345
40.205376
40.142036
40.134357
40.136276
40.24568
40.190384
40.240383
40.18654
40.146152
40.115383
40.315384
40.373077
40.471153
40.465385
40.43654
40.38343
40.373795
40.339115
40.26397
40.30058
40.23314
40.21002
40.3166
40.405407
40.31467
40.395752
40.626694
40.622826
40.59381
40.350098
40.31528
40.357834
40.330753
40.43411
40.410854
40.418606
40.40116
40.53204
40.512623
40.56893
40.61942
40.62136
40.63301
40.782524
40.78835
40.74708
40.669262
40.768482
40.822956
40.83463
40.871346
41.0
41.017544
41.007797
41.02729
41.021442
41.128654
41.14425
41.16797
41.15625
41.19922
41.25636
41.85323
41.89041
41.85294
41.870586
41.72549
41.768173
41.91552
41.858547
41.5167
41.469547
41.467583
41.40668
41.210217
41.312378
41.389
41.445972
41.720474
41.732285
41.80512
41.80512
41.75
41.757874
41.927166
41.86811
41.854332
41.95858
41.88363
41.82643
41.78501
41.72332
41.772728
41.82016
41.857426
41.883167
41.90693
41.916832
41.827724
41.87129
41.82574
41.78812
41.752476
41.79208
41.79802
41.70099
41.637623
41.61706
41.65278
41.640873
41.64881
41.59127
41.569443
41.49206
41.42857
41.357853
41.33797
41.24851
41.328686
41.31474
41.29482
41.266933
41.343315
41.371258
41.27944
41.281437
41.06986
41.11178
41.03992
41.063873
40.978043
41.02994
41.114227
41.090363
40.967873
40.94578
40.80522
40.80321
40.688755
40.726906
40.608433
40.628513
40.710262
40.674046
40.645874
40.655937
40.60161
40.71831
40.700203
40.692154
40.735886
40.798386
40.725807
40.673386
40.637096
40.586693
40.48387
40.489918
40.441532
40.423386
40.35484
40.356853
40.387096
40.27621
40.199596
40.080647
40.064648
40.066666
40.117172
40.421906
40.424797
40.39431
40.373985
40.335365
40.30488
40.123985
40.973576
40.84756
40.79675
40.76986
40.8
40.981632
41.077553
41.114285
41.169388
41.233128
41.257668
41.464214
41.39673
41.39673
41.449898
41.43558
41.537834
41.44581
41.345604
41.186092
41.17623
41.129097
41.07582
41.088116
41.065575
41.157787
41.299793
41.28542
41.195072
41.26078
41.21766
41.168377
41.433266
41.54321
41.537037
41.537037
41.522633
41.553497
41.48971
41.514404
41.42181
41.442387
41.401234
41.444443
41.411522
41.415638
41.366257
41.393005
41.3786
41.3107
41.46708
41.574074
41.471195
41.491768
41.491768
41.514404
41.45679
41.477367
41.58969
41.583504
41.608246
41.66804
41.651546
41.62474
41.529896
41.457733
42.109505
42.08471
42.05165
42.045456
42.061985
42.242237
42.25052
42.149067
42.171844
42.31677
42.140785
42.12422
42.10973
42.198757
42.072464
42.120083
41.538303
41.604553
41.59627
41.7971
41.801243
41.829876
41.89605
41.991684
42.18919
42.1289
42.21875
42.15
42.125
41.7286
41.705635
41.695198
41.601254
41.63048
41.64092
41.678497
41.688286
41.73431
41.91195
41.74633
41.794117
41.718487
41.76891
41.733192
41.7542
41.7479
41.714287
41.67857
41.792015
41.836136
41.87605
41.846638
41.783615
41.57563
41.161766
41.287815
41.27521
41.218487
41.237396
41.189075
41.264706
41.313026
41.30042
41.310925
41.376842
41.406315
41.425262
41.397896
41.362106
41.33684
41.277893
41.303158
41.386074
41.411392
41.350212
41.246834
41.263714
41.28059
41.30169
41.28903
41.62368
41.572937
41.55814
41.54757
41.59831
41.585625
41.562366
41.545456
41.55391
41.693447
41.646935
41.697674
41.70613
41.577168
41.570824
41.615223
41.615223
41.621563
41.62368
41.604652
41.636364
41.38689
41.34884
41.444916
41.60085
41.77707
41.762207
41.760086
41.7431
41.56051
41.630573
41.68936
41.67234
41.651062
41.612766
41.687233
41.68511
41.595745
41.61915
41.61915
41.688698
41.616203
41.646057
41.673775
41.577824
41.3774
41.56077
41.8081
41.880596
41.829426
41.84648
41.818764
41.79744
41.88486
41.91471
41.93376
42.040684
42.09422
42.130623
42.023556
42.047108
42.047108
41.985012
41.944324
41.929337
41.985012
41.88223
41.813705
41.81156
41.854076
41.813305
41.851933
41.987125
41.933475
42.008583
42.030045
42.002148
42.21552
42.198277
42.261337
42.28726
42.24622
42.14039
42.28726
42.290043
42.27922
42.25974
42.257576
42.577923
42.484848
42.544468
42.45336
42.42733
42.42733
42.39913
42.331886
42.352173
42.380436
42.43261
42.486958
42.513042
42.586956
42.578262
42.705883
42.586056
42.553375
42.47059
42.572987
42.610023
42.580788
42.530567
42.70022
42.811817
42.776806
42.88184
42.86652
42.93202
42.95395
42.92763
42.903507
43.00658
43.010963
42.995613
43.089912
43.0943
43.035088
43.017582
43.015385
42.907692
42.92967
42.764835
42.54185
42.4978
42.508812
42.596916
42.537445
42.414097
42.36784
42.38987
42.13245
42.066227
41.96247
42.024338
41.980087
42.03982
42.09513
42.232815
42.166298
42.175167
42.077606
42.141907
42.144123
42.34667
42.27111
42.255554
42.365257
42.39421
42.334076
42.327393
42.280624
42.238308
42.211582
42.27394
42.371937
42.349667
42.302895
42.27617
41.672607
41.67857
41.79018
41.580357
41.638393
41.653244
41.722595
41.715885
41.762863
41.706936
41.431767
41.46309
41.57271
41.671143
41.592842
41.619686
41.755604
41.93483
41.957302
42.008987
41.770786
41.87191
41.925674
41.923424
41.79955
41.81982
41.75225
41.844593
41.815315
42.006756
41.970722
42.186935
42.277027
42.30856
42.283783
42.204956
42.10811
42.112865
42.088036
42.121895
42.17156
42.259594
42.32054
42.388264
42.327312
42.255077
42.21219
42.22799
42.20993
42.081264
42.108353
42.106094
42.17607
42.17833
42.223476
42.276016
42.348415
42.35294
42.36199
42.19457
42.52941
42.829544
42.852272
42.90227
42.886364
42.86591
42.822727
42.854546
42.925
43.104546
43.297726
43.295456
43.23182
43.21818
43.40227
43.395454
43.41591
43.470455
43.46697
43.527397
43.43379
43.5137
43.472603
43.36986
43.33105
43.244293
43.05936
43.098175
43.111874
43.025116
43.025116
43.077625
43.04338
43.068493
43.077625
43.132725
43.06636
43.00229
42.977116
42.993134
42.963387
42.901604
42.949657
42.897026
42.88101
42.860413
42.844395
42.89679
42.928898
42.83945
42.83257
42.995403
43.08756
43.07852
43.025463
42.962963
43.018562
42.98608
43.00232
43.053364
43.03721
42.965115
42.872093
42.727905
42.723255
42.751163
42.739536
42.751163
42.80465
42.774418
42.546513
42.627907
42.59302
42.4093
42.31628
42.2907
42.20465
42.20465
42.327908
42.297676
42.234882
42.14651
42.144524
42.0979
41.99767
41.89044
41.871796
41.913754
41.811188
41.74126
41.592075
41.613052
41.55711
41.543125
41.797203
41.703964
41.71795
41.589745
41.405594
41.314686
41.23543
41.25874
41.146854
41.083916
40.983685
41.104897
41.06993
41.0
40.94872
40.778553
40.7669
40.65734
40.60606
40.596737
40.648018
40.706295
40.831776
40.85514
40.7757
40.71028
40.600468
40.537384
40.54673
40.537384
40.56075
40.45327
40.126167
40.201405
40.26932
40.224823
40.30211
40.2723
40.31925
40.294117
40.29647
40.290092
40.397163
40.427895
40.526066
40.50237
40.405212
40.51185
40.452606
40.405212
40.36256
40.41706
40.405212
40.42417
40.459717
40.63095
40.645237
40.57143
40.488094
40.45238
40.42857
40.488094
40.42143
40.385715
40.36905
40.37143
40.280952
40.38095
40.45714
40.490475
40.54762
40.70476
40.540478
40.566666
40.647617
40.62381
40.564285
40.55238
40.569046
40.67857
40.79286
40.973747
41.045345
40.983295
40.952267
41.276848
41.31742
41.34928
41.387558
41.430622
41.430622
41.485645
41.75359
41.698566
41.739235
41.96154
41.98077
42.048077
42.067307
42.088943
42.213943
42.38221
42.46875
42.54699
42.616867
42.58795
42.614456
42.698795
42.842995
42.92512
42.97826
42.934784
42.85472
42.825665
42.823246
42.74334
42.677967
42.627117
42.74092
42.784504
42.951458
42.936893
42.90534
42.9466
42.980583
43.012165
43.090023
43.114357
43.245743
43.14355
43.11922
43.177616
43.221413
43.072994
43.05596
42.9854
42.902676
42.783455
42.883213
43.04634
43.087807
42.980488
42.890244
42.92195
42.977997
43.002445
42.897312
42.963326
42.931374
42.85294
42.867645
42.786766
42.70343
42.688725
42.980343
43.002457
42.931206
42.987717
43.051598
43.169533
43.23587
43.211304
43.282555
43.51351
43.572483
43.522167
43.608376
43.591133
43.5665
43.463055
43.46798
43.53202
43.480297
43.49261
43.41379
43.36207
43.263546
43.238914
43.288177
43.28079
43.381775
43.3399
43.349754
43.285713
43.337437
43.268475
43.266666
43.23515
43.282177
43.160892
42.57921
42.381187
42.23515
42.351486
42.5
42.578552
42.55611
42.6125
42.5525
42.573936
42.250626
42.22055
42.22613
42.673367
42.670853
42.610554
42.58794
42.670853
42.670853
42.613064
42.4799
42.356785
42.452263
42.515076
42.4598
42.61713
43.327457
43.299747
43.214108
43.191437
43.163727
42.97985
42.97733
42.901764
42.83375
42.77834
42.939392
43.012627
43.040405
42.9899
42.96717
43.035355
43.118687
43.088383
43.141415
43.136364
43.344303
43.30886
43.411167
43.32995
43.253807
43.230965
43.159897
43.078682
43.124367
43.188293
43.170483
42.961834
42.908398
42.78626
42.829517
42.809162
42.87786
43.007633
43.063614
43.183674
43.20716
43.182053
43.07436
43.195374
43.29563
43.466496
43.45103
43.55039
43.400517
43.29199
43.21964
43.173126
43.26943
43.429688
43.783855
43.817707
43.75
43.67363
43.642296
43.590076
43.574413
43.545692
43.934727
43.99217
43.994778
43.885117
43.963448
43.64491
43.718014
43.788513
43.900784
44.08115
44.492146
44.51309
44.67454
44.650917
44.637794
44.50656
44.55118
44.637794
44.52231
44.68421
44.62895
44.644737
44.723682
44.813156
44.86842
44.889473
44.91316
44.963158
44.986843
45.084435
45.18783
45.092594
45.142857
45.193123
