0
0
0
0
19
22
32
20
19
24
15
20
26
22
24
11
21
16
19
6
6
10
12
19
13
6
15
13
11
8
8
13
5
4
10
14
10
11
4
7
6
6
6
5
8
9
4
3
4
6
3
4
8
5
6
7
1
2
4
7
3
4
5
5
2
3
3
1
2
3
4
7
3
4
3
3
5
4
4
5
6
1
4
0
2
2
3
7
4
5
5
1
4
3
0
1
2
3
3
3
1
1
1
3
0
3
6
5
3
3
5
3
1
4
4
5
0
4
2
2
4
2
2
0
1
2
1
1
0
3
2
1
1
3
1
2
1
2
2
3
2
2
1
1
3
2
2
0
1
2
1
1
1
1
0
1
2
0
0
1
0
0
0
2
0
0
0
3
0
1
0
1
2
0
1
2
1
3
1
2
0
0
1
1
0
3
1
1
0
0
2
0
1
0
0
2
0
0
1
0
0
1
0
2
0
1
1
1
0
0
1
0
2
0
0
3
0
1
0
0
0
0
1
0
1
0
2
0
0
1
1
0
0
0
0
1
0
0
0
0
0
0
0
1
0
0
0
0
1
0
0
0
0
1
0
1
1
0
0
0
0
0
0
1
0
4
0
0
1
1
0
0
0
0
0
0
0
0
0
0
0
0
0
0
0
0
0
1
0
0
0
0
2
0
0
1
0
0
0
1
0
1
0
0
0
1
1
0
2
0
0
0
0
0
2
2
0
0
0
0
0
1
0
0
0
0
1
0
0
0
0
0
0
0
0
0
0
0
0
1
0
0
0
0
0
0
0
0
0
0
1
0
0
0
0
0
1
0
0
1
0
1
0
3
0
0
2
0
1
0
0
1
1
1
0
0
0
0
1
0
0
0
0
0
0
0
0
0
1
0
0
0
0
1
0
1
0
0
0
0
0
0
0
0
1
0
1
0
0
0
1
0
0
0
0
2
0
0
0
0
0
0
0
0
0
0
0
0
0
0
0
0
0
0
0
0
0
0
0
0
0
0
0
0
0
0
0
0
0
0
0
0
0
0
0
0
0
0
0
0
0
0
0
0
0
0
0
0
0
0
0
0
0
0
0
0
0
0
0
0
0
0
0
0
0
1
0
0
0
0
0
0
1
0
0
0
0
0
0
11
