31.171
31.439
31.61
31.765
31.931
32.067
32.093
32.149
32.318
32.499
32.446
32.505
32.591
32.744
32.796
32.876
33.002
33.098
33.155
33.159
33.169
33.146
33.125
33.23
33.454
33.517
33.401
33.507
33.54
33.578
33.741
33.791
33.879
33.998
34.081
34.197
34.391
34.481
34.609
34.828
34.985
35.089
35.165
35.321
35.414
35.631
35.731
35.555
35.664
35.67
35.768
35.886
36.026
36.254
36.176
36.226
36.451
36.555
36.599
36.623
36.767
36.841
37.023
37.121
37.182
37.278
37.427
37.587
37.714
37.8
37.875
37.954
38.045
38.224
38.295
38.432
38.508
38.567
38.779
38.903
38.976
39.079
39.183
39.277
39.552
39.655
39.858
40.034
40.12
40.281
40.425
40.686
40.853
40.871
40.899
41.051
41.233
41.328
41.434
41.484
41.573
41.761
41.966
42.054
42.223
42.285
42.372
42.377
42.422
42.526
42.572
42.654
42.79
42.93
42.979
43.01
42.739
42.863
42.973
43.079
43.287
43.249
43.305
43.177
43.397
43.426
43.486
43.634
43.606
43.735
43.838
43.946
44.074
44.019
43.957
44.038
44.018
44.101
43.941
43.993
44.037
43.993996
43.923923
43.93093
44.025024
44.18919
44.24124
44.449448
44.48048
44.37838
44.175175
44.253254
44.257256
44.124123
44.253254
44.2973
44.384384
44.234234
44.25125
44.31131
44.331333
44.395397
44.41041
44.462463
44.365364
44.154156
44.172173
44.084084
44.19319
44.298298
44.433434
44.506508
44.624626
44.726727
44.824825
44.817818
45.153152
45.087086
45.237236
45.347347
45.41241
45.47948
45.62062
45.65065
45.3984
45.42843
45.533535
45.6006
45.61061
45.76877
45.625626
45.784786
45.613613
45.615616
45.847847
45.867867
46.126125
46.217216
46.306305
46.43744
46.713715
46.72973
46.67868
46.586586
46.54955
46.539078
46.531063
46.53407
46.43587
46.492985
46.54108
46.57014
46.62525
46.593185
46.63527
46.67936
46.697395
46.688377
46.82866
46.72445
46.72846
46.659317
46.727455
46.748497
46.85972
47.0511
47.159317
47.22445
47.19439
47.257515
47.176353
47.221443
47.31563
47.3998
47.544086
47.57515
47.48998
47.442326
47.42728
47.77934
47.797394
47.771313
47.77332
47.819458
47.818455
47.84739
47.6998
47.65763
47.761044
47.87751
47.6757
47.82229
47.848392
47.995983
48.11245
48.371487
48.363453
48.273094
48.452812
48.592964
48.71328
48.676056
48.81873
48.797585
48.644154
48.658268
48.47427
48.664986
48.698284
48.67911
48.656914
48.51414
48.478786
48.464645
48.19596
48.19293
48.227272
48.22222
48.23131
48.3202
48.435352
48.40404
48.47677
48.600605
48.60263
48.605663
48.590496
48.548027
48.465115
48.25379
48.265926
48.28846
48.284412
48.199394
48.068825
48.093117
48.177303
48.175278
48.02533
48.059776
47.91388
47.953396
47.907803
48.123608
48.245186
48.22921
48.168358
48.43712
48.559837
48.665314
48.57302
48.656853
48.6467
48.72792
48.737057
48.599594
48.672764
48.629066
48.695827
48.67345
49.01731
48.95112
49.00611
48.931633
49.0051
49.008163
48.907143
48.841835
48.84898
48.838776
48.837753
48.461697
48.617977
48.58938
48.594482
48.557713
48.55465
48.59816
48.620655
48.647903
48.489254
48.483112
48.411465
48.449795
48.356556
48.264343
48.301537
48.252308
48.32854
48.39609
48.281155
48.279095
48.339855
48.353245
48.327496
48.661854
48.631958
48.604122
48.523712
48.412373
48.307217
48.005154
47.94427
47.790504
47.66632
47.730373
47.695248
47.451912
47.568913
47.548187
47.43257
47.462097
47.448597
47.415367
47.478714
47.39668
47.423077
47.450573
47.39896
47.38646
47.33229
47.508335
47.647915
47.751823
47.91971
47.80292
47.861023
47.9477
47.858788
48.115547
48.25447
48.353313
48.389885
48.45627
48.62908
48.54373
48.520042
48.439873
48.296413
48.275608
48.254486
48.33827
48.405293
48.409523
48.337925
48.159958
48.16543
48.02121
48.04149
47.841488
47.904152
47.842216
47.768658
47.708954
47.70406
47.567307
47.488247
47.4877
47.548767
47.6706
47.6043
47.52473
47.645855
47.584232
47.537296
47.624866
47.661255
47.716145
47.729935
47.46746
47.697067
47.695984
47.73181
47.739132
47.653595
47.941113
47.762268
47.782513
47.676502
47.51641
47.54267
47.49069
47.53012
47.483025
47.3483
47.129246
47.189484
47.199562
47.297474
47.26235
47.324177
47.20682
47.10022
47.14774
47.172375
47.14696
47.054142
46.99558
47.066444
46.856983
47.014446
46.93889
47.016724
47.136314
47.085106
47.16928
47.16629
47.14173
47.217342
46.989864
47.00788
47.14915
47.065685
47.05442
47.160046
47.046593
47.18565
47.18814
47.1699
47.148403
47.20413
47.173164
47.047073
47.098965
47.12212
47.07143
47.142857
47.282585
47.238754
47.1188
47.08314
47.01501
47.062428
46.881943
46.71412
46.82986
46.969906
47.207657
47.12311
47.092915
46.916378
46.73574
46.770397
46.63127
46.731308
46.76285
46.882904
46.821804
46.881596
46.887455
47.002346
46.954224
46.926056
46.812206
46.913044
46.89189
46.90129
46.883667
46.888237
46.861176
46.92562
46.475178
46.54083
46.44852
46.325443
46.491707
46.459717
46.432465
46.60308
46.389088
46.33373
46.363094
46.310715
46.25714
46.300358
46.272076
46.342484
46.433174
46.15054
46.210526
46.238037
46.288624
46.297363
46.276978
46.30168
46.27557
46.284336
46.23522
46.114597
46.137516
46.29867
46.337772
46.488483
46.53818
46.461166
46.389565
46.45322
46.616787
46.565693
46.610233
46.588306
46.460316
46.526318
46.47246
46.409313
46.430145
46.485256
46.5
46.493217
46.391357
46.435104
46.560642
46.54208
46.623295
46.774193
46.81468
46.84453
46.741295
46.7699
46.733166
46.76808
46.57553
46.585518
46.609238
46.7594
46.664993
46.57538
46.520756
46.40428
46.191677
46.041615
46.060608
46.034134
46.053097
46.09608
46.062103
46.02788
45.987328
45.913704
45.925125
45.94275
45.947838
45.914757
45.96046
45.96556
45.955242
45.958973
45.865383
46.001286
46.22208
46.179718
46.296917
46.327763
46.47558
46.48134
46.439434
46.287373
46.332905
46.40129
46.31783
46.17487
46.16213
46.177692
46.176624
46.08961
46.438232
46.42523
46.53064
46.561928
46.408615
46.36209
46.458115
46.505898
46.45538
46.399475
46.348682
46.355263
46.286842
46.335968
46.370712
46.275726
46.400795
46.252647
46.246033
46.2
46.174202
46.155792
46.38933
46.353806
46.340454
46.304405
46.288383
46.42704
46.418232
46.420135
46.3651
46.34899
46.40134
46.369625
46.405914
46.46371
46.55316
46.648247
46.39946
46.385136
46.491894
46.44655
46.41599
46.25881
46.275066
46.265583
46.210026
46.31886
46.347828
46.372284
46.410328
46.56948
46.463215
46.435966
46.367847
46.449455
46.314636
46.30274
46.208218
46.09863
46.240055
46.45179
46.433884
46.44475
46.540802
46.582294
46.52216
46.44799
46.472954
46.212204
46.308334
46.389973
46.643856
46.663406
46.625698
46.550278
46.683914
46.672726
46.52168
46.47479
46.459385
46.44039
46.533707
46.433804
46.335213
46.3338
46.389282
46.330044
46.42918
46.49787
46.623043
46.480057
46.465813
46.51498
46.62518
46.528652
46.459885
46.393982
46.351505
46.189384
46.0964
45.94805
46.03618
46.04058
45.918724
45.921513
45.84884
45.704514
45.72449
45.491253
45.029156
45.07445
45.097954
45.2123
45.002937
44.99705
44.986687
44.860947
44.844444
44.79346
44.765232
44.876305
44.86438
44.907463
45.115616
45.073574
45.125
45.05572
44.91265
44.76018
44.719032
44.71407
45.022694
44.756428
44.80909
44.895138
44.87082
44.79787
44.721035
44.771343
44.717987
44.682926
44.667683
44.61832
44.609493
44.58346
44.623276
44.730476
44.81874
44.82181
44.603687
44.522274
44.462963
44.578053
44.633125
44.652714
44.829193
44.825817
44.81493
44.73406
44.854687
44.95768
44.971786
44.863636
44.90738
44.88697
44.982704
44.985806
45.22152
45.193344
45.061806
44.922344
44.83043
44.797146
44.861904
44.81717
44.54372
44.586647
44.66879
44.63376
44.5828
44.25796
44.21656
44.2608
44.330128
44.34455
44.320515
44.321545
44.250805
44.270096
44.42903
44.623585
44.915447
45.040783
45.078304
45.10621
45.080067
45.104748
45.159016
45.265575
45.365574
45.383606
45.303776
45.47204
45.546204
45.48099
45.49091
45.50248
45.52318
45.554634
45.754154
45.618332
45.570953
45.563545
45.613064
45.676716
45.721478
46.048656
46.122482
46.303032
46.403717
46.385136
46.535595
46.719387
46.738094
46.831635
46.827938
46.911415
46.921635
47.017036
46.86007
46.77094
46.764103
46.820206
46.84734
46.83705
46.67354
46.77797
46.69191
46.739204
46.70639
46.687393
46.70639
46.87543
46.822918
46.793404
46.78125
46.78087
46.73519
46.706806
46.712044
46.69755
46.723778
46.795456
46.824867
46.737305
46.836555
46.71529
46.65202
46.398945
46.46573
46.3884
46.46127
46.3351
46.332157
46.293285
46.26502
46.306736
45.880993
45.849022
45.86121
45.83274
45.83452
45.74377
45.683273
46.384342
46.497326
46.857143
46.826786
46.648212
46.969643
46.87857
46.839287
46.760715
46.899643
46.79032
46.810036
46.856632
46.899643
46.802868
46.806103
46.87253
46.72662
46.78919
46.794594
46.79964
46.77577
46.768536
46.882248
46.847828
46.936478
46.823956
46.829403
47.02541
46.99818
47.003635
47.009106
46.843067
46.86314
46.75
46.70803
46.70073
46.677006
46.605118
46.581352
46.50823
46.48446
46.48446
46.408424
46.277065
46.237568
46.10313
46.062614
46.134686
46.247234
46.180813
46.26987
46.192238
46.134933
46.11645
46.124073
46.037037
46.02778
46.105556
46.288887
46.426716
46.464684
46.62942
47.08209
47.14739
47.19776
47.166046
47.208954
47.152985
47.166046
47.25373
47.145523
47.134327
47.15485
47.199627
47.24254
47.12127
47.046642
47.070896
47.15485
47.192165
47.298508
47.342056
47.231777
47.241123
47.194393
47.19663
47.0618
47.03558
47.117977
47.011234
47.09756
47.020638
47.03377
47.093807
47.229324
47.19173
47.116543
47.327682
47.371
47.75568
47.098484
47.18182
47.265656
47.24668
47.07021
47.043644
46.920303
46.89184
46.882355
46.86148
46.64829
46.159695
46.140686
46.10076
46.165398
46.062737
46.091255
46.026615
46.08365
46.10076
46.041824
46.019012
46.039925
45.89143
45.889523
45.895237
45.942856
45.689526
45.62786
45.669846
45.814884
45.769085
45.687023
45.59733
45.64122
45.599236
45.75862
45.760536
45.72222
45.72553
45.975
45.790386
45.859344
45.828518
45.78998
45.859344
45.87476
46.086872
46.125484
46.059845
46.061775
46.096523
46.12162
46.26499
46.24178
46.11412
46.05609
46.02128
45.899418
45.831722
45.86654
45.883945
45.920696
45.976788
45.967117
45.94004
45.945736
45.85853
45.821705
45.88566
45.926357
46.15922
46.180584
46.091263
46.060196
46.118446
46.14757
46.069904
46.02136
46.00971
45.980583
46.017475
46.177044
46.28599
46.3249
46.245136
46.2607
46.26459
46.1751
46.101166
46.179337
46.308594
46.29883
46.28125
46.365948
46.330723
46.324852
46.33268
46.240704
46.285713
46.36986
46.317646
46.235294
46.30588
46.315685
46.362743
46.32941
46.495087
46.54617
46.58546
46.544205
46.49705
46.552063
46.62279
46.646366
46.640472
46.544205
46.51277
46.5501
46.500984
46.51277
46.416504
46.379173
46.52362
46.561024
46.59646
46.610237
46.584644
46.527557
46.675198
46.62008
46.649605
46.55118
46.250492
46.191322
46.015812
46.17426
46.112873
46.17624
46.10297
46.10099
46.07723
46.047523
45.958416
46.055447
46.061386
46.085148
45.99406
45.958416
45.93254
46.0
46.009922
46.097416
46.197212
46.237053
46.161354
46.3247
46.524952
46.566868
46.594
46.574
46.668
46.699398
46.61924
46.539078
46.571144
46.588352
46.53815
46.536144
46.594376
46.485943
46.44177
46.40763
46.353413
46.30522
46.222893
46.19718
46.126762
46.140846
46.14487
46.080482
46.142857
45.98189
45.881287
45.905434
45.828976
45.867203
45.818913
45.828976
46.018147
45.80404
45.79192
45.68485
45.652527
45.549496
45.49697
45.65992
45.635628
45.58097
45.534412
45.404858
45.334007
45.47059
45.513184
45.496956
45.498985
45.411766
45.383366
45.371197
45.290062
45.28252
45.313644
45.27495
45.32383
45.313644
45.19348
45.065174
45.124237
44.983707
44.95112
45.002037
44.98982
45.07332
45.14053
45.112015
45.050915
44.97556
45.232178
45.228107
45.21996
45.09165
45.020367
45.0611
45.107944
45.081467
45.044807
45.01018
44.985714
45.012245
45.140816
45.108162
45.157143
45.063267
45.1
45.10204
45.04286
45.040817
45.085888
45.11861
45.184048
45.141106
45.22495
45.329243
45.382412
45.302658
45.2045
45.202454
45.2454
45.35041
45.504097
45.481556
45.616016
45.77778
45.64403
45.633743
45.452675
45.27572
45.314816
45.168724
45.164608
45.242798
45.09465
45.166668
45.22222
45.203705
45.11317
45.15432
45.13786
45.065845
44.96907
45.024742
45.080578
45.05372
44.954544
44.954544
44.863636
44.927387
44.935684
44.997925
44.96888
44.985477
45.114582
45.108334
45.20711
45.241596
45.212185
45.214287
45.23158
45.210526
45.216843
45.303158
45.44842
45.453587
45.701904
45.581394
45.65962
45.724575
45.719746
45.734608
45.585987
45.62208
45.660297
45.62845
45.543526
45.484077
45.41189
45.346073
45.369427
45.414013
45.386414
45.428875
45.39278
45.39278
45.273884
45.287235
45.34755
45.353943
45.279316
45.364605
45.332623
45.396587
45.324093
45.21535
45.130062
45.044777
45.102345
45.096153
45.021366
45.166668
45.21199
45.14347
45.09422
45.014988
45.10515
45.154507
45.1309
45.09013
45.193134
45.175964
45.175964
45.13305
45.178112
45.25322
45.16953
45.096565
45.066525
45.128754
45.175964
45.175964
45.064377
45.00644
45.04292
45.019314
45.107296
45.113735
45.051502
45.12017
45.09013
45.08369
45.051502
45.023605
45.05365
45.09013
45.184948
44.918102
44.885777
44.88362
44.864223
44.806034
44.78448
44.87931
44.84698
45.0
44.771057
44.790043
44.744587
44.833332
44.690475
44.588745
44.597404
44.588745
44.691975
44.904556
44.878525
45.052174
45.01739
44.989132
45.002174
45.013042
45.002174
45.023964
45.222706
45.213974
45.283844
45.290394
45.31441
45.279476
45.253277
45.382095
45.425766
45.521835
45.48035
45.541485
45.66302
45.75
45.885715
45.8967
45.89011
45.78901
45.629955
45.68062
45.588104
45.62335
45.581497
45.599117
45.63797
45.682117
45.642384
45.693157
45.65563
45.66225
45.693157
45.792496
45.87638
45.83223
45.93157
45.988964
46.196903
46.163715
46.165928
46.294247
46.325222
46.349556
46.37832
46.252213
46.196903
46.117256
46.13717
46.150444
46.11062
46.03761
46.033184
46.011086
45.94235
45.960087
45.878048
45.725056
45.665188
45.73171
45.676273
45.718403
45.758316
45.649666
45.543236
45.452328
45.441242
45.465633
45.470066
45.40798
45.363636
45.30599
45.27051
45.250553
45.308887
45.226665
45.284443
45.351112
45.453125
45.535713
45.55134
45.53125
45.44643
45.66443
45.552574
45.628635
45.581654
45.829597
45.73094
45.79148
45.80493
45.901123
45.88989
45.777527
45.70337
45.557304
45.570786
45.44045
45.78652
45.777527
45.85811
45.91892
45.93018
45.63964
45.58108
45.326576
45.48984
45.469524
45.35666
45.436653
45.468327
45.43439
45.423077
45.44344
45.373302
45.24208
45.255657
45.187782
45.219456
45.221718
45.20362
45.404545
45.386364
45.388638
45.352272
45.44419
45.492027
45.580864
45.578587
45.53303
45.594532
45.56264
45.778538
45.591324
45.52055
45.429222
45.488583
45.44292
45.21233
45.12586
45.2357
45.366974
45.279816
45.27523
45.254585
45.300457
45.432182
45.526436
45.597702
45.662067
45.737328
45.75576
45.94213
46.048836
46.113953
46.21445
46.09557
46.191143
45.988346
46.009323
45.913754
45.853146
45.76457
45.72028
45.72494
45.897434
45.850815
45.81818
45.859814
45.693924
45.859486
45.80328
45.751755
45.674473
45.660423
45.683098
45.730045
45.644707
45.68868
45.57547
45.54481
45.529552
45.34752
45.414692
45.47981
45.71259
45.589073
45.888096
45.814285
45.816666
45.74524
45.611904
45.725536
45.797134
45.81623
45.806683
45.76611
45.79475
45.599045
45.736843
45.729664
45.763157
45.82734
45.645084
45.846153
45.879807
45.86779
45.85096
45.86747
45.968674
45.853012
45.821686
45.780724
45.47343
45.7029
45.768116
45.97826
46.019325
46.028984
46.101448
46.18116
46.246376
46.171497
46.15459
46.02174
45.94686
45.896133
45.89372
45.961353
45.93947
45.898304
45.93947
45.905567
45.81598
45.707024
45.66828
45.66586
45.62954
45.656174
45.7046
45.64407
45.598064
45.445522
44.941887
44.987892
44.94431
44.789345
44.77482
44.755447
44.866505
44.849514
44.78398
44.757282
44.74029
44.752426
44.82767
44.817963
44.85194
44.786407
44.774273
44.737865
44.652912
44.633495
44.669903
44.59223
44.640778
44.779125
44.8034
44.713593
44.691746
44.669903
44.582523
44.529125
44.53398
44.524273
44.514565
44.504856
44.56691
44.586376
44.656933
44.618004
44.642334
44.695866
44.793186
44.89781
44.839417
44.737225
44.703163
44.618004
44.55231
44.56691
44.583942
44.683697
44.59124
44.57317
44.67726
44.70171
44.67237
44.669926
44.656864
44.561275
44.526962
44.544117
44.54902
44.514706
44.585785
44.52451
44.5
44.57353
44.64706
44.82064
44.864864
44.91155
44.793613
44.825554
44.773956
44.70516
44.837837
44.82801
44.719902
44.673218
44.62162
44.651104
44.84275
44.805897
44.825554
44.832924
44.93596
44.87192
44.91358
45.032097
44.960495
44.938118
44.955444
45.034653
45.171215
45.104218
44.97767
44.945408
44.987595
45.039703
45.29602
45.28856
45.28358
45.208954
45.171642
45.17955
45.331673
45.421448
45.31172
45.3609
45.245613
45.19298
45.117794
45.17293
45.18045
45.057644
45.180904
45.203518
45.267002
45.27204
45.224182
45.173805
45.236774
45.256927
45.32242
45.324936
45.31738
45.24433
45.26952
45.277077
45.261963
45.397984
45.41562
45.38539
45.309822
45.32242
45.34005
45.26952
45.259445
45.239296
45.27456
45.282116
45.477272
45.409092
45.330807
45.386364
45.42785
45.554432
45.58228
45.53924
45.6972
45.760815
45.75827
45.70738
45.834606
46.114796
46.05102
45.97449
45.882652
45.872124
45.997444
45.92839
45.861893
45.884617
45.846153
45.58098
45.650387
45.573265
45.44987
45.4036
45.272495
45.241646
45.239075
45.195374
45.15681
45.216496
45.208763
45.012886
44.68299
44.698452
44.670105
44.657215
44.572166
44.438145
44.309277
44.628864
44.821705
44.762276
44.749355
44.633076
44.699482
44.738342
44.751297
44.794804
44.787014
44.672726
44.67448
44.609375
44.5625
44.351562
44.260418
44.104168
44.039062
44.007812
43.91645
43.861618
43.86423
43.7859
43.67624
43.56397
43.496082
43.586388
43.54712
43.60105
43.54331
43.510525
43.48421
43.528946
43.539474
43.66491
43.51715
43.32454
43.419525
43.38889
43.31217
43.368702
43.371353
43.43236
43.387268
43.37666
43.424404
43.43236
43.331566
43.312996
43.88329
43.954906
43.88329
43.835545
43.843502
43.7374
43.70822
43.679047
43.699467
43.712765
43.504
43.525333
43.586666
43.58556
43.50535
43.56952
43.665775
43.73262
43.73797
43.609627
43.639038
43.566845
43.606953
43.6123
43.727272
43.64706
43.572193
43.580215
43.508022
43.52941
43.572193
43.55615
43.502674
43.438503
43.406418
43.545456
43.355614
43.453083
43.493298
43.655914
43.8814
43.808624
43.857143
43.768192
43.75202
43.698112
43.60647
43.648647
43.554054
43.625
43.72752
43.735695
43.697548
43.604904
43.59673
43.405994
43.400543
43.54918
43.562843
43.70137
43.70137
43.5726
43.580822
43.59726
43.673973
43.627396
43.68219
43.734245
43.747944
43.903847
44.673077
45.035713
44.98901
45.115383
45.487602
45.480663
45.52486
45.546963
45.739613
45.855957
45.788887
45.855556
45.81389
45.802776
45.794445
45.697224
45.65
45.613888
45.586113
45.657383
45.735374
45.70752
45.816154
45.908077
45.84401
45.99162
46.178772
46.25419
46.385475
46.40782
46.626404
46.514046
46.466293
46.477528
46.53652
46.8338
47.118645
47.17514
47.189266
47.24859
47.23729
47.35593
47.466103
47.435028
47.463276
47.552406
47.558075
47.628895
47.69972
48.161472
48.042492
47.92068
48.122158
48.21307
48.13068
