17.79
22.185
26.117
29.527
31.919
33.486
35.453
37.562
39.555
41.108
43.35
44.15
45.255
45.614
46.193
46.921
47.461
47.864
48.481
48.61
48.821
49.525
49.969
50.416
50.933
51.777
52.319
52.393
52.628
53.084
53.668
54.086
53.973
54.245
54.381
54.427
54.423
54.774
54.777
54.715
54.291
54.185
54.473
54.965
54.767
54.602
54.346
54.235
53.594
53.513
53.874
53.957
54.434
54.576
54.662
54.452
53.923
53.968
53.845
53.646
53.627
53.648
53.385
53.469
53.255
53.033
52.567
52.586
52.397
51.918
51.805
51.972
52.123
52.407
52.164
51.579
51.004
50.629
50.772
50.401
50.189
49.802
49.575
49.623
49.942
49.595
49.322
48.339
47.738
47.821
47.734
46.739
45.739
44.859
43.505
42.11
40.22
37.805
34.739
32.057
