## htsjdk.samtools.metrics.StringHeader		
# MeanQualityByCycle --CHART_OUTPUT Sample1_uncollapsed_FM_mean_quality_by_cycle.pdf --INPUT /var/lib/cwl/stg9a6368fe-9709-4de4-a257-3f1d3ccbc31e/Sample1_uncollapsed_FM.bam --OUTPUT C-4A5HWK-N019-d13_uncollapsed_FM_mean_quality_by_cycle.txt --TMP_DIR /tmp --REFERENCE_SEQUENCE /var/lib/cwl/stg4b7ba519-8180-4fbd-85e9-ef0a6f5fb948/hg19_virus.fasta --ALIGNED_READS_ONLY false --PF_READS_ONLY false --ASSUME_SORTED true --STOP_AFTER 0 --VERBOSITY INFO --QUIET false --VALIDATION_STRINGENCY STRICT --COMPRESSION_LEVEL 2 --MAX_RECORDS_IN_RAM 500000 --CREATE_INDEX false --CREATE_MD5_FILE false --GA4GH_CLIENT_SECRETS client_secrets.json --help false --version false --showHidden false --USE_JDK_DEFLATER false --USE_JDK_INFLATER false		
## htsjdk.samtools.metrics.StringHeader		
# Started on: Sun Nov 10 00:44:46 GMT 2024		
		
		
## HISTOGRAM	java.lang.Integer	
CYCLE	MEAN_QUALITY	MEAN_ORIGINAL_QUALITY
1	36.651047	36.651047
2	36.633885	36.651047
3	36.641816	36.651047
4	36.646748	36.651047
5	36.619589	36.651047
6	36.635057	36.651047
7	36.567987	36.651047
8	36.551073	36.651047
9	36.59156	36.651047
10	36.630056	36.651047
11	36.579782	36.651047
12	36.625048	36.651047
13	36.619609	36.651047
14	36.541919	36.651047
15	36.561001	36.651047
16	36.618005	36.651047
17	36.604381	36.651047
18	36.591884	36.651047
19	36.578789	36.651047
20	36.544183	36.651047
21	36.54017	36.651047
22	36.545655	36.651047
23	36.506431	36.651047
24	36.528763	36.651047
25	36.525389	36.651047
26	36.513703	36.651047
27	36.510839	36.651047
28	36.506279	36.651047
29	36.491809	36.651047
30	36.481931	36.651047
31	36.486668	36.651047
32	36.458752	36.651047
33	36.452861	36.651047
34	36.44713	36.651047
35	36.437626	36.651047
36	36.427217	36.651047
37	36.415161	36.651047
38	36.400408	36.651047
39	36.394487	36.651047
40	36.37319	36.651047
41	36.357193	36.651047
42	36.347067	36.651047
43	36.340981	36.651047
44	36.323631	36.651047
45	36.29519	36.651047
46	36.263344	36.651047
47	36.232693	36.651047
48	36.270681	36.651047
49	36.251882	36.651047
50	36.246192	36.651047
51	36.194822	36.651047
52	36.208218	36.651047
53	36.079528	36.651047
54	36.086053	36.651047
55	36.08548	36.651047
56	36.097077	36.651047
57	36.121742	36.651047
58	36.08893	36.651047
59	36.029263	36.651047
60	36.078284	36.651047
61	36.076024	36.651047
62	35.981347	36.651047
63	36.031172	36.651047
64	36.019758	36.651047
65	36.008903	36.651047
66	35.994064	36.651047
67	35.977782	36.651047
68	35.922831	36.651047
69	35.946736	36.651047
70	35.922698	36.651047
71	35.906503	36.651047
72	35.843804	36.651047
73	35.850345	36.651047
74	35.845176	36.651047
75	35.797248	36.651047
76	35.832958	36.651047
77	35.836331	36.651047
78	35.805774	36.651047
79	35.741198	36.651047
80	35.787276	36.651047
81	35.765825	36.651047
82	35.738302	36.651047
83	35.74063	36.651047
84	35.743093	36.651047
85	35.740199	36.651047
86	35.722221	36.651047
87	35.703903	36.651047
88	35.690043	36.651047
89	35.67144	36.651047
90	35.641557	36.651047
91	35.658414	36.651047
92	35.630492	36.651047
93	35.599236	36.651047
94	35.603796	36.651047
95	35.585472	36.651047
96	35.573014	36.651047
97	35.556068	36.651047
98	35.526534	36.651047
99	35.43877	36.651047
100	35.474456	36.651047
101	35.474955	36.651047
102	35.486055	36.651047
103	35.414062	36.651047
104	35.424861	36.651047
105	35.379152	36.651047
106	35.30175	36.651047
107	35.354471	36.651047
108	35.269354	36.651047
109	35.32728	36.651047
110	35.285186	36.651047
111	35.268626	36.651047
112	35.198187	36.651047
113	35.229047	36.651047
114	35.223255	36.651047
115	35.226289	36.651047
116	35.227575	36.651047
117	35.225238	36.651047
118	35.206717	36.651047
119	35.129195	36.651047
120	35.119988	36.651047
121	35.112479	36.651047
122	35.076992	36.651047
123	35.053081	36.651047
124	35.000793	36.651047
125	35.00823	36.651047
126	34.996819	36.651047
127	34.933141	36.651047
128	34.945958	36.651047
129	34.948647	36.651047
130	34.924798	36.651047
131	34.870311	36.651047
132	34.85059	36.651047
133	34.791475	36.651047
134	34.749206	36.651047
135	34.719326	36.651047
136	34.776243	36.651047
137	34.725302	36.651047
138	34.637014	36.651047
139	34.608712	36.651047
140	34.574586	36.651047
141	34.56268	36.651047
142	34.555751	36.651047
143	34.500427	36.651047
144	34.52513	36.651047
145	34.54813	36.651047
146	33.798525	36.651047
147	36.396119	36.651047
148	36.323964	36.651047
149	36.332735	36.651047
150	36.332364	36.651047
151	36.260088	36.651047
152	36.29836	36.651047
153	36.2751	36.651047
154	36.284731	36.651047
155	36.283835	36.651047
156	36.282594	36.651047
157	36.280988	36.651047
158	36.263331	36.651047
159	36.243281	36.651047
160	36.232479	36.651047
161	36.241118	36.651047
162	36.214985	36.651047
163	36.208904	36.651047
164	36.201748	36.651047
165	36.112771	36.651047
166	36.121955	36.651047
167	36.147472	36.651047
168	36.125673	36.651047
169	36.115165	36.651047
170	36.108666	36.651047
171	36.104729	36.651047
172	36.078065	36.651047
173	36.003211	36.651047
174	36.015079	36.651047
175	36.023329	36.651047
176	36.034734	36.651047
177	36.003303	36.651047
178	35.999093	36.651047
179	35.956051	36.651047
180	35.969424	36.651047
181	35.9431	36.651047
182	35.925797	36.651047
183	35.918581	36.651047
184	35.885863	36.651047
185	35.871113	36.651047
186	35.855479	36.651047
187	35.847822	36.651047
188	35.825721	36.651047
189	35.753292	36.651047
190	35.749238	36.651047
191	35.700722	36.651047
192	35.694231	36.651047
193	35.666768	36.651047
194	35.612425	36.651047
195	35.608731	36.651047
196	35.611421	36.651047
197	35.591675	36.651047
198	35.55048	36.651047
199	35.475133	36.651047
200	35.508249	36.651047
201	35.479797	36.651047
202	35.445445	36.651047
203	35.445924	36.651047
204	35.399891	36.651047
205	35.388098	36.651047
206	35.319819	36.651047
207	35.296091	36.651047
208	35.33787	36.651047
209	35.314729	36.651047
210	35.214351	36.651047
211	35.260084	36.651047
212	35.213039	36.651047
213	35.183074	36.651047
214	35.193129	36.651047
215	35.142394	36.651047
216	35.106338	36.651047
217	35.099493	36.651047
218	35.064503	36.651047
219	35.020797	36.651047
220	35.034635	36.651047
221	34.999803	36.651047
222	34.962346	36.651047
223	34.918327	36.651047
224	34.865067	36.651047
225	34.768748	36.651047
226	34.786604	36.651047
227	34.833518	36.651047
228	34.812602	36.651047
229	34.726072	36.651047
230	34.695517	36.651047
231	34.71739	36.651047
232	34.642515	36.651047
233	34.629263	36.651047
234	34.628831	36.651047
235	34.632493	36.651047
236	34.49143	36.651047
237	34.501821	36.651047
238	34.454435	36.651047
239	34.426813	36.651047
240	34.348026	36.651047
241	34.395774	36.651047
242	34.381883	36.651047
243	34.272648	36.651047
244	34.200796	36.651047
245	34.170454	36.651047
246	34.184795	36.651047
247	34.239655	36.651047
248	34.220772	36.651047
249	34.275009	36.651047
250	34.14496	36.651047
251	34.14239	36.651047
252	34.031509	36.651047
253	34.012475	36.651047
254	34.001165	36.651047
255	34.003501	36.651047
256	33.859028	36.651047
257	33.956278	36.651047
258	33.838901	36.651047
259	33.835514	36.651047
260	33.818525	36.651047
261	33.798386	36.651047
262	33.800987	36.651047
263	33.72324	36.651047
264	33.660704	36.651047
265	33.683797	36.651047
266	33.602242	36.651047
267	33.619419	36.651047
268	33.536158	36.651047
269	33.579561	36.651047
270	33.529184	36.651047
271	33.47673	36.651047
272	33.413648	36.651047
273	33.487885	36.651047
274	33.431751	36.651047
275	33.413898	36.651047
276	33.35136	36.651047
277	33.354559	36.651047
278	33.247921	36.651047
279	33.251936	36.651047
280	33.254164	36.651047
281	33.211662	36.651047
282	33.126365	36.651047
283	33.119177	36.651047
284	33.048795	36.651047
285	32.951569	36.651047
286	32.810336	36.651047
287	32.764276	36.651047
288	32.678518	36.651047
289	32.77736	36.651047
290	32.773341	36.651047
291	32.736014	36.651047
292	31.774942	36.651047