24
45
111
114
114
114
129
156
159
174
180
204
207
210
213
216
216
216
234
243
243
243
243
246
249
252
252
255
258
261
261
261
276
279
282
282
282
282
285
288
288
288
297
297
300
303
303
303
306
306
315
318
318
324
327
327
330
330
330
336
336
336
345
345
351
351
354
357
360
363
366
366
369
369
381
381
387
387
390
393
393
393
393
393
396
402
405
408
411
414
426
429
429
432
438
438
438
444
447
450
456
459
465
471
477
477
483
492
495
498
498
498
498
501
501
504
507
513
516
522
525
528
528
531
531
540
543
543
543
546
546
549
552
555
558
558
558
561
567
570
570
573
576
579
582
582
585
588
594
597
597
597
600
600
603
603
606
606
609
615
618
624
630
630
633
633
642
642
645
648
651
654
657
666
669
675
684
684
690
690
693
696
699
699
702
702
708
711
711
717
723
729
735
735
735
735
738
747
750
753
756
756
756
759
762
762
762
765
768
774
774
783
783
786
786
792
798
801
804
807
807
822
828
831
834
837
837
846
852
855
855
861
861
864
867
867
867
870
870
873
876
882
885
891
894
900
903
903
903
906
906
906
906
930
936
942
942
945
945
951
954
960
963
963
966
966
969
969
969
972
975
975
981
987
987
987
990
990
996
999
1002
1002
1005
1017
1020
1023
1023
1026
1026
1026
1032
1035
1035
1038
1041
1041
1044
1050
1053
1053
1053
1056
1056
1059
1062
1062
1062
1062
1065
1065
1068
1080
1089
1092
1092
1095
1110
1113
1119
1134
1137
1137
1140
1143
1143
1146
1149
1149
1155
1167
1167
1170
1173
1173
1176
1194
1197
1206
1209
1212
1212
1242
1263
1266
1266
1272
1278
1284
1284
1293
1293
1302
1308
1314
1317
1320
1323
1329
1329
1338
1338
1353
1356
1359
1365
1365
1368
1371
1371
1374
1380
1383
1389
1395
1398
1401
1410
1419
1422
1434
1440
1443
1452
1464
1464
1464
1464
1467
1476
1482
1485
1494
1497
1503
1509
1509
1512
1515
1527
1539
1557
1563
1563
1566
1569
1575
1578
1581
1584
1596
1596
1605
1617
1617
1617
1620
1629
1635
1638
1644
1644
1647
1650
1656
1659
1668
1689
1692
1692
1695
1698
1707
1710
1716
1725
1731
1731
1737
1743
1746
1758
1767
1770
1779
1782
1785
1794
1803
1824
1824
1827
1833
1839
1839
1842
1848
1848
1857
1872
1878
1881
1887
1887
1893
1899
1902
1911
1920
1923
1932
1953
1953
1959
1974
1983
1992
1992
2010
2016
2037
2043
2085
2103
2130
2133
2157
2166
2166
2190
2199
2208
2211
2256
2259
2259
2268
2307
2307
2376
2394
2397
2433
2451
2475
2493
2511
2511
2517
2550
2619
2634
2646
2649
2703
2802
2802
2814
2871
2874
2997
3003
3072
3072
3090
3144
3156
3222
3261
3288
3327
3420
3423
3552
3765
3765
3924
3948
3984
4005
4044
4551
5598
