42
159
180
180
186
189
192
192
195
195
198
198
201
201
201
204
207
207
210
210
210
210
213
213
213
219
225
225
234
240
240
240
240
240
243
243
252
255
255
258
258
261
261
261
267
267
273
273
273
282
285
285
285
291
291
294
294
300
300
303
306
309
315
324
327
327
327
330
330
330
333
333
333
336
336
339
342
342
342
348
354
357
360
366
369
369
375
375
381
381
384
387
387
390
390
393
393
399
399
399
402
402
405
408
411
411
414
414
414
417
420
420
420
420
423
426
429
429
429
429
435
435
435
438
438
444
447
450
450
450
453
456
459
462
468
471
471
474
483
489
492
495
495
498
501
501
504
507
516
519
522
525
525
528
528
528
531
531
531
534
534
534
537
543
543
543
546
546
549
549
552
555
564
564
564
567
570
570
570
573
573
573
576
576
579
579
582
582
594
597
597
600
600
600
600
603
606
606
606
606
609
612
615
621
621
624
624
627
627
627
630
633
633
633
636
642
645
648
648
651
651
654
657
657
669
684
684
690
690
693
693
696
696
699
699
702
702
708
708
711
711
711
711
714
717
717
717
717
723
723
723
729
732
735
735
735
735
738
738
741
744
747
750
750
750
753
756
759
762
762
762
762
765
765
765
768
771
777
777
783
783
783
786
786
789
789
792
795
795
795
795
798
801
801
801
801
807
810
816
816
816
819
822
831
837
837
840
846
849
852
855
858
858
861
861
864
864
864
867
867
867
870
870
873
873
876
876
879
885
891
891
891
894
894
894
897
897
897
903
903
906
906
906
906
906
909
909
912
912
912
918
921
921
921
921
933
933
936
936
939
939
945
951
951
960
960
960
963
966
966
969
969
972
972
975
978
978
981
981
984
984
984
984
987
987
990
993
996
996
999
999
999
1002
1002
1005
1008
1008
1011
1011
1014
1017
1020
1020
1020
1023
1023
1026
1026
1026
1032
1035
1035
1035
1035
1038
1038
1038
1041
1044
1044
1044
1044
1047
1047
1050
1053
1056
1056
1056
1056
1062
1062
1062
1065
1065
1068
1068
1071
1071
1074
1080
1083
1086
1086
1086
1089
1089
1089
1092
1092
1107
1110
1113
1119
1128
1128
1128
1137
1140
1143
1143
1149
1149
1155
1155
1155
1167
1167
1167
1170
1173
1173
1176
1182
1182
1182
1185
1185
1185
1188
1191
1194
1194
1197
1197
1200
1206
1206
1212
1218
1218
1221
1227
1239
1239
1242
1242
1248
1251
1251
1257
1266
1266
1266
1269
1272
1275
1275
1281
1281
1284
1290
1293
1296
1296
1302
1305
1308
1314
1314
1317
1326
1326
1329
1332
1338
1347
1350
1356
1356
1359
1365
1368
1371
1374
1380
1383
1383
1386
1386
1392
1395
1404
1407
1410
1413
1413
1416
1416
1416
1419
1422
1428
1428
1428
1431
1437
1437
1440
1440
1452
1452
1455
1458
1467
1467
1470
1470
1473
1476
1476
1479
1479
1482
1485
1491
1491
1494
1494
1494
1494
1500
1503
1503
1509
1509
1518
1518
1521
1521
1521
1527
1530
1530
1539
1539
1539
1551
1563
1563
1566
1566
1569
1569
1578
1584
1587
1596
1602
1605
1605
1608
1608
1611
1614
1614
1617
1620
1620
1620
1629
1635
1638
1638
1641
1644
1644
1644
1647
1650
1656
1656
1659
1662
1665
1665
1668
1674
1674
1674
1674
1674
1686
1686
1689
1692
1695
1695
1698
1704
1710
1713
1716
1719
1725
1725
1731
1731
1731
1734
1737
1743
1746
1746
1752
1758
1764
1776
1779
1785
1785
1788
1788
1794
1803
1815
1824
1827
1836
1839
1842
1848
1872
1875
1875
1878
1881
1887
1893
1899
1902
1902
1905
1908
1911
1911
1911
1917
1920
1923
1923
1932
1941
1944
1950
1953
1959
1959
1965
1971
1983
1989
1989
1992
1992
2004
2004
2010
2019
2025
2037
2043
2049
2061
2067
2073
2079
2082
2094
2094
2100
2103
2109
2112
2130
2133
2148
2157
2163
2166
2166
2190
2199
2199
2208
2211
2211
2211
2217
2226
2229
2241
2250
2259
2280
2280
2283
2286
2307
2334
2346
2376
2379
2397
2430
2445
2466
2469
2487
2493
2493
2505
2511
2517
2523
2529
2532
2538
2550
2568
2580
2589
2604
2619
2634
2637
2640
2649
2667
2703
2709
2721
2733
2736
2763
2763
2763
2769
2772
2802
2814
2847
2871
2874
2892
2892
2895
2904
2913
2922
2922
2922
2940
2946
2952
2985
3000
3003
3021
3021
3027
3033
3033
3036
3045
3057
3060
3066
3072
3090
3123
3135
3144
3150
3162
3195
3201
3222
3234
3297
3321
3321
3327
3348
3396
3423
3453
3555
3567
3828
3828
3843
3855
3870
3876
3948
3951
3984
4002
4017
4044
4080
4089
4095
4110
4122
4125
4170
4290
4386
4509
4551
4572
4581
4593
4596
4692
4707
4899
5043
5073
5514
5868
7035
7233
8439
14154
