180
183
183
183
189
189
192
198
198
201
207
210
210
210
213
213
213
213
213
213
216
216
219
219
222
225
234
240
240
240
240
240
249
255
255
255
255
258
258
261
261
261
264
267
270
270
270
270
270
270
270
273
273
273
276
282
285
285
291
291
291
291
291
294
294
297
297
300
300
303
306
312
315
324
327
327
327
327
330
330
330
330
333
333
333
336
336
336
336
342
348
351
354
360
369
369
375
375
381
381
381
387
387
390
390
390
393
399
399
402
402
402
402
405
408
411
414
417
417
420
420
420
420
423
429
429
429
432
435
435
435
438
438
441
444
447
447
450
450
453
456
456
459
459
462
462
471
471
474
480
483
483
489
492
492
495
498
501
501
501
504
507
507
516
522
525
525
525
528
528
528
531
531
531
534
534
534
534
537
543
543
546
549
549
552
558
564
564
564
567
570
570
573
573
576
576
579
582
582
585
594
594
597
597
600
600
600
603
603
606
606
609
612
615
618
621
624
624
627
627
630
633
633
633
633
636
636
642
645
645
648
648
651
651
651
654
657
669
684
684
690
690
693
693
696
696
699
699
702
702
702
711
711
711
717
717
723
723
723
729
735
735
735
735
735
738
738
741
741
744
744
747
750
750
753
753
756
759
762
762
762
762
765
765
765
768
771
774
777
777
783
783
783
786
786
789
789
795
795
795
795
798
798
801
801
801
807
810
813
816
816
816
819
822
831
831
837
840
846
849
849
852
855
855
858
858
861
861
864
864
867
867
867
867
870
870
873
876
876
879
885
891
891
894
894
897
897
903
903
906
906
906
906
909
912
912
912
918
918
921
921
933
933
936
936
936
936
939
939
942
945
945
945
948
951
951
960
960
963
966
966
966
969
972
972
972
975
978
981
981
984
984
984
987
987
987
990
993
996
999
999
1002
1005
1005
1008
1008
1011
1011
1014
1017
1017
1020
1020
1020
1023
1023
1026
1026
1026
1026
1026
1032
1035
1035
1035
1038
1041
1041
1041
1044
1044
1047
1047
1050
1053
1056
1056
1056
1056
1062
1062
1062
1065
1065
1065
1065
1068
1068
1071
1071
1074
1074
1080
1086
1086
1089
1089
1089
1092
1110
1113
1116
1119
1128
1128
1128
1131
1137
1137
1140
1143
1143
1143
1143
1146
1146
1149
1149
1155
1155
1155
1167
1167
1173
1173
1176
1182
1182
1185
1185
1188
1191
1194
1197
1200
1203
1206
1206
1206
1218
1221
1227
1239
1239
1242
1242
1248
1251
1251
1254
1257
1257
1266
1266
1266
1272
1275
1278
1278
1281
1284
1290
1293
1296
1296
1302
1308
1314
1314
1317
1326
1326
1329
1332
1338
1347
1347
1350
1356
1359
1362
1365
1368
1368
1371
1374
1380
1383
1383
1386
1386
1386
1389
1392
1395
1404
1407
1410
1413
1416
1416
1422
1428
1428
1431
1431
1437
1437
1440
1440
1443
1455
1458
1467
1467
1470
1470
1473
1476
1476
1479
1479
1482
1482
1485
1491
1491
1494
1494
1494
1500
1500
1503
1503
1509
1509
1509
1518
1518
1521
1521
1527
1530
1530
1530
1539
1539
1548
1563
1563
1566
1566
1566
1569
1569
1584
1587
1602
1605
1605
1608
1608
1611
1614
1614
1617
1620
1620
1620
1629
1632
1635
1638
1638
1644
1644
1644
1647
1650
1656
1656
1659
1662
1668
1674
1674
1674
1674
1674
1677
1686
1686
1689
1692
1695
1695
1698
1710
1710
1713
1716
1719
1719
1725
1725
1728
1731
1731
1731
1734
1737
1740
1743
1746
1746
1746
1749
1752
1758
1764
1776
1779
1785
1788
1794
1803
1815
1818
1824
1827
1836
1839
1839
1842
1848
1872
1875
1878
1881
1887
1893
1902
1905
1908
1911
1911
1914
1917
1920
1923
1923
1932
1941
1944
1950
1953
1959
1959
1965
1971
1974
1983
1989
1989
1989
2004
2004
2010
2025
2037
2043
2049
2061
2067
2073
2079
2082
2094
2094
2100
2103
2112
2130
2133
2148
2163
2166
2166
2190
2199
2202
2202
2208
2211
2211
2211
2217
2229
2241
2250
2259
2259
2280
2280
2283
2286
2307
2334
2346
2376
2376
2379
2397
2448
2466
2469
2487
2493
2493
2505
2511
2514
2517
2529
2532
2538
2544
2553
2556
2568
2568
2604
2619
2634
2637
2640
2649
2661
2694
2703
2709
2721
2733
2736
2763
2763
2763
2802
2814
2847
2871
2874
2892
2892
2895
2904
2922
2922
2922
2940
2946
2946
2952
2967
2985
2994
3000
3003
3021
3021
3027
3033
3033
3036
3045
3060
3066
3072
3090
3135
3144
3150
3162
3180
3201
3222
3234
3297
3327
3348
3396
3420
3423
3444
3453
3555
3567
3765
3828
3855
3876
3933
3951
3984
4002
4002
4005
4017
4044
4044
4089
4095
4110
4122
4125
4170
4290
4386
4509
4551
4572
4581
4593
4692
4707
4884
5043
5073
5514
5868
5874
7035
7233
8439
14154
