
SUMMARISING RUN PARAMETERS
==========================
Input filename: P1234_1021_2.fastq.gz
Trimming mode: paired-end
Trim Galore version: 0.4.1
Cutadapt version: 1.9.1
Quality Phred score cutoff: 20
Quality encoding type selected: ASCII+33
Adapter sequence: 'AGATCGGAAGAGC' (Illumina TruSeq, Sanger iPCR; auto-detected)
Maximum trimming error rate: 0.1 (default)
Minimum required adapter overlap (stringency): 1 bp
Minimum required sequence length for both reads before a sequence pair gets removed: 20 bp
Output file will be GZIP compressed


This is cutadapt 1.9.1 with Python 2.7.6
Command line parameters: -f fastq -e 0.1 -q 20 -O 1 -a AGATCGGAAGAGC P1234_1021_2.fastq.gz
Trimming 1 adapter with at most 10.0% errors in single-end mode ...
Finished in 413.27 s (15 us/read; 4.11 M reads/minute).

=== Summary ===

Total reads processed:              28,300,555
Reads with adapters:                22,784,725 (80.5%)
Reads written (passing filters):    28,300,555 (100.0%)

Total basepairs processed: 3,480,968,265 bp
Quality-trimmed:              82,163,175 bp (2.4%)
Total written (filtered):  2,620,683,365 bp (75.3%)

=== Adapter 1 ===

Sequence: AGATCGGAAGAGC; Type: regular 3'; Length: 13; Trimmed: 22784725 times.

No. of allowed errors:
0-9 bp: 0; 10-13 bp: 1

Bases preceding removed adapters:
  A: 5.3%
  C: 63.2%
  G: 29.0%
  T: 2.5%
  none/other: 0.0%

Overview of removed sequences
length	count	expect	max.err	error counts
1	2342556	7075138.8	0	2342556
2	675034	1768784.7	0	675034
3	394022	442196.2	0	394022
4	254291	110549.0	0	254291
5	234976	27637.3	0	234976
6	249269	6909.3	0	249269
7	250865	1727.3	0	250865
8	236796	431.8	0	236796
9	282036	108.0	0	281355 681
10	257762	27.0	1	254583 3179
11	219194	6.7	1	216143 3051
12	319902	1.7	1	315842 4060
13	206454	0.4	1	202963 3491
14	333931	0.4	1	328553 5378
15	228659	0.4	1	225198 3461
16	249591	0.4	1	245639 3952
17	344176	0.4	1	339243 4933
18	198747	0.4	1	195340 3407
19	291123	0.4	1	286686 4437
20	264854	0.4	1	260851 4003
21	239999	0.4	1	236370 3629
22	281416	0.4	1	276906 4510
23	293178	0.4	1	288225 4953
24	298719	0.4	1	293593 5126
25	282911	0.4	1	278212 4699
26	309841	0.4	1	304783 5058
27	311808	0.4	1	306487 5321
28	351112	0.4	1	345707 5405
29	213360	0.4	1	209134 4226
30	523208	0.4	1	515364 7844
31	103507	0.4	1	101173 2334
32	365802	0.4	1	360629 5173
33	176088	0.4	1	173019 3069
34	323426	0.4	1	318287 5139
35	327477	0.4	1	321969 5508
36	686580	0.4	1	677888 8692
37	49623	0.4	1	48022 1601
38	328503	0.4	1	323992 4511
39	248337	0.4	1	244856 3481
40	251482	0.4	1	248094 3388
41	345356	0.4	1	341057 4299
42	267926	0.4	1	264202 3724
43	470483	0.4	1	464769 5714
44	221067	0.4	1	217870 3197
45	322809	0.4	1	317926 4883
46	354039	0.4	1	348767 5272
47	222305	0.4	1	219026 3279
48	206416	0.4	1	203260 3156
49	326507	0.4	1	322373 4134
50	180287	0.4	1	177510 2777
51	247359	0.4	1	244054 3305
52	208163	0.4	1	205247 2916
53	238474	0.4	1	235279 3195
54	271294	0.4	1	267810 3484
55	160235	0.4	1	158053 2182
56	215496	0.4	1	212485 3011
57	270465	0.4	1	266986 3479
58	226230	0.4	1	223692 2538
59	121396	0.4	1	119812 1584
60	194735	0.4	1	192509 2226
61	159734	0.4	1	157909 1825
62	168157	0.4	1	166151 2006
63	211442	0.4	1	209071 2371
64	150654	0.4	1	148944 1710
65	119193	0.4	1	117725 1468
66	147384	0.4	1	145765 1619
67	167967	0.4	1	166114 1853
68	111436	0.4	1	110086 1350
69	138786	0.4	1	137196 1590
70	144412	0.4	1	142700 1712
71	125223	0.4	1	123757 1466
72	131336	0.4	1	129836 1500
73	127224	0.4	1	125703 1521
74	127720	0.4	1	126195 1525
75	123221	0.4	1	121765 1456
76	120513	0.4	1	119053 1460
77	118479	0.4	1	117073 1406
78	123837	0.4	1	122253 1584
79	157111	0.4	1	153942 3169
80	653092	0.4	1	645747 7345
81	301514	0.4	1	297407 4107
82	115949	0.4	1	114281 1668
83	52721	0.4	1	51961 760
84	29438	0.4	1	29019 419
85	19422	0.4	1	19140 282
86	13429	0.4	1	13254 175
87	9998	0.4	1	9860 138
88	7426	0.4	1	7309 117
89	5868	0.4	1	5789 79
90	4318	0.4	1	4253 65
91	3479	0.4	1	3425 54
92	2844	0.4	1	2808 36
93	2554	0.4	1	2513 41
94	2085	0.4	1	2055 30
95	1715	0.4	1	1692 23
96	1657	0.4	1	1640 17
97	1392	0.4	1	1383 9
98	1647	0.4	1	1631 16
99	1543	0.4	1	1525 18
100	1232	0.4	1	1223 9
101	1354	0.4	1	1345 9
102	1576	0.4	1	1564 12
103	906	0.4	1	902 4
104	530	0.4	1	521 9
105	402	0.4	1	383 19
106	415	0.4	1	407 8
107	260	0.4	1	251 9
108	160	0.4	1	152 8
109	112	0.4	1	106 6
110	55	0.4	1	49 6
111	37	0.4	1	34 3
112	29	0.4	1	24 5
113	11	0.4	1	9 2
114	10	0.4	1	10
115	7	0.4	1	4 3
116	6	0.4	1	2 4
117	4	0.4	1	3 1
118	9	0.4	1	4 5
119	9	0.4	1	7 2
120	10	0.4	1	8 2
121	7	0.4	1	5 2
122	7	0.4	1	5 2


RUN STATISTICS FOR INPUT FILE: P1234_1021_2.fastq.gz
=============================================
28300555 sequences processed in total

Total number of sequences analysed for the sequence pair length validation: 28300555

Number of sequence pairs removed because at least one read was shorter than the length cutoff (20 bp): 303118 (1.07%)
