
SUMMARISING RUN PARAMETERS
==========================
Input filename: P1234_1017_2.fastq.gz
Trimming mode: paired-end
Trim Galore version: 0.4.1
Cutadapt version: 1.9.1
Quality Phred score cutoff: 20
Quality encoding type selected: ASCII+33
Adapter sequence: 'AGATCGGAAGAGC' (Illumina TruSeq, Sanger iPCR; auto-detected)
Maximum trimming error rate: 0.1 (default)
Minimum required adapter overlap (stringency): 1 bp
Minimum required sequence length for both reads before a sequence pair gets removed: 20 bp
Output file will be GZIP compressed


This is cutadapt 1.9.1 with Python 2.7.6
Command line parameters: -f fastq -e 0.1 -q 20 -O 1 -a AGATCGGAAGAGC P1234_1017_2.fastq.gz
Trimming 1 adapter with at most 10.0% errors in single-end mode ...
Finished in 485.35 s (14 us/read; 4.21 M reads/minute).

=== Summary ===

Total reads processed:              34,064,465
Reads with adapters:                28,267,690 (83.0%)
Reads written (passing filters):    34,064,465 (100.0%)

Total basepairs processed: 4,189,929,195 bp
Quality-trimmed:              99,671,520 bp (2.4%)
Total written (filtered):  2,977,821,097 bp (71.1%)

=== Adapter 1 ===

Sequence: AGATCGGAAGAGC; Type: regular 3'; Length: 13; Trimmed: 28267690 times.

No. of allowed errors:
0-9 bp: 0; 10-13 bp: 1

Bases preceding removed adapters:
  A: 4.2%
  C: 65.2%
  G: 28.5%
  T: 2.1%
  none/other: 0.0%

Overview of removed sequences
length	count	expect	max.err	error counts
1	2376959	8516116.2	0	2376959
2	658165	2129029.1	0	658165
3	387556	532257.3	0	387556
4	261291	133064.3	0	261291
5	242839	33266.1	0	242839
6	257341	8316.5	0	257341
7	263687	2079.1	0	263687
8	248789	519.8	0	248789
9	297884	129.9	0	297338 546
10	269994	32.5	1	267142 2852
11	230689	8.1	1	227826 2863
12	331458	2.0	1	327572 3886
13	225647	0.5	1	222169 3478
14	352271	0.5	1	347163 5108
15	245117	0.5	1	241652 3465
16	268895	0.5	1	265051 3844
17	363241	0.5	1	358303 4938
18	216854	0.5	1	213610 3244
19	306655	0.5	1	302329 4326
20	289569	0.5	1	285563 4006
21	259754	0.5	1	256211 3543
22	307083	0.5	1	302497 4586
23	321313	0.5	1	316551 4762
24	325631	0.5	1	320549 5082
25	309970	0.5	1	305261 4709
26	340405	0.5	1	335186 5219
27	348730	0.5	1	343067 5663
28	394179	0.5	1	388624 5555
29	237781	0.5	1	233455 4326
30	581155	0.5	1	573134 8021
31	121815	0.5	1	119449 2366
32	406143	0.5	1	400735 5408
33	203348	0.5	1	200238 3110
34	357245	0.5	1	352104 5141
35	367467	0.5	1	361617 5850
36	766876	0.5	1	757789 9087
37	53992	0.5	1	52414 1578
38	380464	0.5	1	375613 4851
39	290711	0.5	1	286872 3839
40	276208	0.5	1	272803 3405
41	404786	0.5	1	400151 4635
42	302634	0.5	1	298779 3855
43	553343	0.5	1	547127 6216
44	251218	0.5	1	247900 3318
45	394363	0.5	1	388851 5512
46	436522	0.5	1	430625 5897
47	276192	0.5	1	272542 3650
48	256280	0.5	1	252831 3449
49	420755	0.5	1	416111 4644
50	228262	0.5	1	225092 3170
51	320457	0.5	1	316517 3940
52	275124	0.5	1	271628 3496
53	314548	0.5	1	310738 3810
54	355117	0.5	1	351027 4090
55	222209	0.5	1	219479 2730
56	294898	0.5	1	291298 3600
57	370350	0.5	1	366197 4153
58	321327	0.5	1	318154 3173
59	176185	0.5	1	174133 2052
60	275807	0.5	1	273032 2775
61	234544	0.5	1	232081 2463
62	249384	0.5	1	246700 2684
63	308405	0.5	1	305236 3169
64	225381	0.5	1	223104 2277
65	174561	0.5	1	172690 1871
66	227344	0.5	1	225001 2343
67	268536	0.5	1	266002 2534
68	171918	0.5	1	170093 1825
69	223454	0.5	1	221223 2231
70	238740	0.5	1	236369 2371
71	208582	0.5	1	206327 2255
72	216594	0.5	1	214378 2216
73	213784	0.5	1	211626 2158
74	216774	0.5	1	214427 2347
75	216430	0.5	1	214149 2281
76	209504	0.5	1	207303 2201
77	212742	0.5	1	210402 2340
78	229961	0.5	1	227389 2572
79	304134	0.5	1	298725 5409
80	1454624	0.5	1	1440601 14023
81	668076	0.5	1	660128 7948
82	246236	0.5	1	243138 3098
83	108598	0.5	1	107238 1360
84	61396	0.5	1	60583 813
85	39989	0.5	1	39503 486
86	28717	0.5	1	28333 384
87	21054	0.5	1	20755 299
88	16111	0.5	1	15932 179
89	12534	0.5	1	12350 184
90	9180	0.5	1	9071 109
91	7291	0.5	1	7175 116
92	6266	0.5	1	6197 69
93	5071	0.5	1	4996 75
94	4312	0.5	1	4265 47
95	3422	0.5	1	3380 42
96	3115	0.5	1	3094 21
97	3042	0.5	1	3005 37
98	3377	0.5	1	3354 23
99	3121	0.5	1	3091 30
100	2715	0.5	1	2688 27
101	2893	0.5	1	2873 20
102	3407	0.5	1	3392 15
103	2032	0.5	1	2017 15
104	1278	0.5	1	1260 18
105	828	0.5	1	811 17
106	928	0.5	1	909 19
107	693	0.5	1	674 19
108	406	0.5	1	399 7
109	258	0.5	1	253 5
110	144	0.5	1	141 3
111	77	0.5	1	69 8
112	41	0.5	1	34 7
113	30	0.5	1	27 3
114	17	0.5	1	15 2
115	11	0.5	1	8 3
116	5	0.5	1	5
117	11	0.5	1	7 4
118	13	0.5	1	8 5
119	13	0.5	1	9 4
120	18	0.5	1	16 2
121	6	0.5	1	6
122	9	0.5	1	8 1
123	5	0.5	1	3 2


RUN STATISTICS FOR INPUT FILE: P1234_1017_2.fastq.gz
=============================================
34064465 sequences processed in total

Total number of sequences analysed for the sequence pair length validation: 34064465

Number of sequence pairs removed because at least one read was shorter than the length cutoff (20 bp): 500895 (1.47%)
