
SUMMARISING RUN PARAMETERS
==========================
Input filename: P1234_1006_2.fastq.gz
Trimming mode: paired-end
Trim Galore version: 0.4.1
Cutadapt version: 1.9.1
Quality Phred score cutoff: 20
Quality encoding type selected: ASCII+33
Adapter sequence: 'AGATCGGAAGAGC' (Illumina TruSeq, Sanger iPCR; auto-detected)
Maximum trimming error rate: 0.1 (default)
Minimum required adapter overlap (stringency): 1 bp
Minimum required sequence length for both reads before a sequence pair gets removed: 20 bp
Output file will be GZIP compressed


This is cutadapt 1.9.1 with Python 2.7.6
Command line parameters: -f fastq -e 0.1 -q 20 -O 1 -a AGATCGGAAGAGC P1234_1006_2.fastq.gz
Trimming 1 adapter with at most 10.0% errors in single-end mode ...
Finished in 446.64 s (14 us/read; 4.14 M reads/minute).

=== Summary ===

Total reads processed:              30,839,171
Reads with adapters:                16,979,898 (55.1%)
Reads written (passing filters):    30,839,171 (100.0%)

Total basepairs processed: 3,793,218,033 bp
Quality-trimmed:              67,004,848 bp (1.8%)
Total written (filtered):  3,259,810,071 bp (85.9%)

=== Adapter 1 ===

Sequence: AGATCGGAAGAGC; Type: regular 3'; Length: 13; Trimmed: 16979898 times.

No. of allowed errors:
0-9 bp: 0; 10-13 bp: 1

Bases preceding removed adapters:
  A: 8.1%
  C: 60.2%
  G: 26.7%
  T: 4.9%
  none/other: 0.0%

Overview of removed sequences
length	count	expect	max.err	error counts
1	3271905	7709792.8	0	3271905
2	1182543	1927448.2	0	1182543
3	419972	481862.0	0	419972
4	246078	120465.5	0	246078
5	203897	30116.4	0	203897
6	200743	7529.1	0	200743
7	213448	1882.3	0	213448
8	180547	470.6	0	180547
9	193704	117.6	0	193125 579
10	217288	29.4	1	215333 1955
11	136360	7.4	1	134808 1552
12	232413	1.8	1	230194 2219
13	160932	0.5	1	158743 2189
14	272239	0.5	1	268986 3253
15	156025	0.5	1	154067 1958
16	184610	0.5	1	182309 2301
17	254230	0.5	1	251258 2972
18	117602	0.5	1	116020 1582
19	198349	0.5	1	195938 2411
20	193100	0.5	1	190912 2188
21	151986	0.5	1	150179 1807
22	171859	0.5	1	169691 2168
23	180021	0.5	1	177643 2378
24	221889	0.5	1	218843 3046
25	143028	0.5	1	141254 1774
26	183105	0.5	1	181009 2096
27	177113	0.5	1	174808 2305
28	218131	0.5	1	215662 2469
29	119254	0.5	1	117487 1767
30	271445	0.5	1	268345 3100
31	81045	0.5	1	79871 1174
32	158756	0.5	1	156742 2014
33	147064	0.5	1	145271 1793
34	155675	0.5	1	153809 1866
35	182416	0.5	1	180021 2395
36	274513	0.5	1	271041 3472
37	172503	0.5	1	170136 2367
38	164394	0.5	1	162388 2006
39	163182	0.5	1	161164 2018
40	175982	0.5	1	173992 1990
41	186049	0.5	1	183982 2067
42	237382	0.5	1	234774 2608
43	267210	0.5	1	264581 2629
44	173073	0.5	1	171069 2004
45	165446	0.5	1	163352 2094
46	211472	0.5	1	208981 2491
47	148658	0.5	1	146906 1752
48	119263	0.5	1	117761 1502
49	182261	0.5	1	180334 1927
50	103999	0.5	1	102752 1247
51	138196	0.5	1	136719 1477
52	106746	0.5	1	105489 1257
53	122875	0.5	1	121530 1345
54	138906	0.5	1	137472 1434
55	75337	0.5	1	74455 882
56	110113	0.5	1	108909 1204
57	144961	0.5	1	143546 1415
58	119932	0.5	1	118822 1110
59	63391	0.5	1	62715 676
60	109213	0.5	1	108203 1010
61	87259	0.5	1	86443 816
62	90470	0.5	1	89528 942
63	117551	0.5	1	116514 1037
64	81275	0.5	1	80493 782
65	66681	0.5	1	65976 705
66	85846	0.5	1	85001 845
67	99755	0.5	1	98836 919
68	68105	0.5	1	67404 701
69	82274	0.5	1	81458 816
70	86991	0.5	1	86216 775
71	82266	0.5	1	81403 863
72	83790	0.5	1	82930 860
73	74881	0.5	1	74090 791
74	73374	0.5	1	72601 773
75	71103	0.5	1	70399 704
76	64873	0.5	1	64203 670
77	65750	0.5	1	65118 632
78	71106	0.5	1	70355 751
79	85987	0.5	1	84437 1550
80	400352	0.5	1	396543 3809
81	182671	0.5	1	180487 2184
82	71254	0.5	1	70359 895
83	33104	0.5	1	32705 399
84	20886	0.5	1	20652 234
85	13308	0.5	1	13132 176
86	10251	0.5	1	10119 132
87	7623	0.5	1	7525 98
88	5678	0.5	1	5598 80
89	4261	0.5	1	4198 63
90	2944	0.5	1	2904 40
91	2375	0.5	1	2336 39
92	1839	0.5	1	1799 40
93	1484	0.5	1	1464 20
94	1224	0.5	1	1208 16
95	888	0.5	1	871 17
96	811	0.5	1	794 17
97	714	0.5	1	710 4
98	741	0.5	1	729 12
99	723	0.5	1	710 13
100	565	0.5	1	559 6
101	662	0.5	1	660 2
102	750	0.5	1	741 9
103	403	0.5	1	395 8
104	296	0.5	1	280 16
105	176	0.5	1	171 5
106	252	0.5	1	240 12
107	151	0.5	1	141 10
108	103	0.5	1	98 5
109	68	0.5	1	55 13
110	37	0.5	1	36 1
111	34	0.5	1	19 15
112	17	0.5	1	13 4
113	14	0.5	1	7 7
114	11	0.5	1	7 4
115	9	0.5	1	1 8
116	7	0.5	1	3 4
117	12	0.5	1	3 9
118	2	0.5	1	1 1
119	6	0.5	1	5 1
120	11	0.5	1	3 8
121	7	0.5	1	3 4
122	4	0.5	1	3 1
123	4	0.5	1	1 3


RUN STATISTICS FOR INPUT FILE: P1234_1006_2.fastq.gz
=============================================
30839171 sequences processed in total

Total number of sequences analysed for the sequence pair length validation: 30839171

Number of sequence pairs removed because at least one read was shorter than the length cutoff (20 bp): 310172 (1.01%)
