
SUMMARISING RUN PARAMETERS
==========================
Input filename: P1234_1017_1.fastq.gz
Trimming mode: paired-end
Trim Galore version: 0.4.1
Cutadapt version: 1.9.1
Quality Phred score cutoff: 20
Quality encoding type selected: ASCII+33
Adapter sequence: 'AGATCGGAAGAGC' (Illumina TruSeq, Sanger iPCR; auto-detected)
Maximum trimming error rate: 0.1 (default)
Minimum required adapter overlap (stringency): 1 bp
Minimum required sequence length for both reads before a sequence pair gets removed: 20 bp
Output file will be GZIP compressed


This is cutadapt 1.9.1 with Python 2.7.6
Command line parameters: -f fastq -e 0.1 -q 20 -O 1 -a AGATCGGAAGAGC P1234_1017_1.fastq.gz
Trimming 1 adapter with at most 10.0% errors in single-end mode ...
Finished in 513.66 s (15 us/read; 3.98 M reads/minute).

=== Summary ===

Total reads processed:              34,064,465
Reads with adapters:                28,584,516 (83.9%)
Reads written (passing filters):    34,064,465 (100.0%)

Total basepairs processed: 4,189,929,195 bp
Quality-trimmed:              81,899,743 bp (2.0%)
Total written (filtered):  3,002,208,656 bp (71.7%)

=== Adapter 1 ===

Sequence: AGATCGGAAGAGC; Type: regular 3'; Length: 13; Trimmed: 28584516 times.

No. of allowed errors:
0-9 bp: 0; 10-13 bp: 1

Bases preceding removed adapters:
  A: 30.0%
  C: 33.8%
  G: 22.5%
  T: 13.7%
  none/other: 0.0%

Overview of removed sequences
length	count	expect	max.err	error counts
1	2559962	8516116.2	0	2559962
2	802551	2129029.1	0	802551
3	448059	532257.3	0	448059
4	284619	133064.3	0	284619
5	238216	33266.1	0	238216
6	253319	8316.5	0	253319
7	243827	2079.1	0	243827
8	246637	519.8	0	246637
9	297696	129.9	0	296005 1691
10	247840	32.5	1	241166 6674
11	250912	8.1	1	239861 11051
12	280628	2.0	1	253716 26912
13	272098	0.5	1	75182 196916
14	290237	0.5	1	66422 223815
15	280295	0.5	1	77606 202689
16	266697	0.5	1	58155 208542
17	287699	0.5	1	80004 207695
18	285872	0.5	1	63194 222678
19	292406	0.5	1	65163 227243
20	282339	0.5	1	79320 203019
21	294324	0.5	1	81861 212463
22	286296	0.5	1	64322 221974
23	311054	0.5	1	88811 222243
24	311946	0.5	1	73015 238931
25	314413	0.5	1	103510 210903
26	296289	0.5	1	289245 7044
27	321546	0.5	1	312946 8600
28	330021	0.5	1	321289 8732
29	315632	0.5	1	306779 8853
30	319676	0.5	1	311045 8631
31	322806	0.5	1	313817 8989
32	342543	0.5	1	333443 9100
33	281705	0.5	1	273611 8094
34	348131	0.5	1	338167 9964
35	372453	0.5	1	361280 11173
36	460895	0.5	1	448236 12659
37	338968	0.5	1	329271 9697
38	353390	0.5	1	343692 9698
39	344860	0.5	1	334937 9923
40	341658	0.5	1	332604 9054
41	386799	0.5	1	376906 9893
42	390614	0.5	1	378531 12083
43	827266	0.5	1	812366 14900
44	222234	0.5	1	217304 4930
45	176592	0.5	1	172060 4532
46	229361	0.5	1	223642 5719
47	307584	0.5	1	300774 6810
48	292787	0.5	1	285908 6879
49	320658	0.5	1	312914 7744
50	286658	0.5	1	278925 7733
51	316452	0.5	1	307924 8528
52	292930	0.5	1	285061 7869
53	307013	0.5	1	298799 8214
54	298556	0.5	1	290040 8516
55	306302	0.5	1	298372 7930
56	260596	0.5	1	253356 7240
57	278444	0.5	1	270965 7479
58	283992	0.5	1	276711 7281
59	295324	0.5	1	288249 7075
60	257938	0.5	1	251402 6536
61	260696	0.5	1	254297 6399
62	244638	0.5	1	238831 5807
63	256090	0.5	1	250154 5936
64	250572	0.5	1	244995 5577
65	235332	0.5	1	230089 5243
66	242826	0.5	1	237466 5360
67	242096	0.5	1	236776 5320
68	238042	0.5	1	232689 5353
69	234554	0.5	1	229330 5224
70	234270	0.5	1	229034 5236
71	241172	0.5	1	235481 5691
72	237668	0.5	1	232009 5659
73	246729	0.5	1	240495 6234
74	282792	0.5	1	274832 7960
75	359959	0.5	1	346668 13291
76	807664	0.5	1	777763 29901
77	1606993	0.5	1	1567803 39190
78	531429	0.5	1	518199 13230
79	180203	0.5	1	175726 4477
80	84656	0.5	1	82561 2095
81	52288	0.5	1	50901 1387
82	35299	0.5	1	34286 1013
83	23784	0.5	1	23037 747
84	18833	0.5	1	18277 556
85	13035	0.5	1	12632 403
86	11428	0.5	1	11066 362
87	10541	0.5	1	10237 304
88	9071	0.5	1	8774 297
89	6807	0.5	1	6604 203
90	4418	0.5	1	4281 137
91	4262	0.5	1	4133 129
92	3490	0.5	1	3343 147
93	2798	0.5	1	2701 97
94	2181	0.5	1	2097 84
95	1516	0.5	1	1454 62
96	1181	0.5	1	1134 47
97	931	0.5	1	886 45
98	833	0.5	1	796 37
99	783	0.5	1	729 54
100	607	0.5	1	580 27
101	549	0.5	1	501 48
102	473	0.5	1	451 22
103	453	0.5	1	419 34
104	326	0.5	1	305 21
105	311	0.5	1	291 20
106	277	0.5	1	260 17
107	223	0.5	1	210 13
108	188	0.5	1	175 13
109	169	0.5	1	156 13
110	93	0.5	1	83 10
111	87	0.5	1	69 18
112	59	0.5	1	48 11
113	32	0.5	1	20 12
114	19	0.5	1	11 8
115	15	0.5	1	9 6
116	15	0.5	1	4 11
117	36	0.5	1	2 34
118	39	0.5	1	7 32
119	15	0.5	1	2 13
120	7	0.5	1	3 4
121	18	0.5	1	3 15
122	16	0.5	1	7 9
123	14	0.5	1	0 14


RUN STATISTICS FOR INPUT FILE: P1234_1017_1.fastq.gz
=============================================
34064465 sequences processed in total

