
SUMMARISING RUN PARAMETERS
==========================
Input filename: P1234_1012_2.fastq.gz
Trimming mode: paired-end
Trim Galore version: 0.4.1
Cutadapt version: 1.9.1
Quality Phred score cutoff: 20
Quality encoding type selected: ASCII+33
Adapter sequence: 'AGATCGGAAGAGC' (Illumina TruSeq, Sanger iPCR; auto-detected)
Maximum trimming error rate: 0.1 (default)
Minimum required adapter overlap (stringency): 1 bp
Minimum required sequence length for both reads before a sequence pair gets removed: 20 bp
Output file will be GZIP compressed


This is cutadapt 1.9.1 with Python 2.7.6
Command line parameters: -f fastq -e 0.1 -q 20 -O 1 -a AGATCGGAAGAGC P1234_1012_2.fastq.gz
Trimming 1 adapter with at most 10.0% errors in single-end mode ...
Finished in 390.22 s (15 us/read; 4.09 M reads/minute).

=== Summary ===

Total reads processed:              26,629,350
Reads with adapters:                20,240,267 (76.0%)
Reads written (passing filters):    26,629,350 (100.0%)

Total basepairs processed: 3,275,410,050 bp
Quality-trimmed:              90,144,772 bp (2.8%)
Total written (filtered):  2,388,642,803 bp (72.9%)

=== Adapter 1 ===

Sequence: AGATCGGAAGAGC; Type: regular 3'; Length: 13; Trimmed: 20240267 times.

No. of allowed errors:
0-9 bp: 0; 10-13 bp: 1

Bases preceding removed adapters:
  A: 4.3%
  C: 65.5%
  G: 28.0%
  T: 2.1%
  none/other: 0.0%

Overview of removed sequences
length	count	expect	max.err	error counts
1	1811664	6657337.5	0	1811664
2	677155	1664334.4	0	677155
3	307699	416083.6	0	307699
4	191839	104020.9	0	191839
5	180742	26005.2	0	180742
6	188512	6501.3	0	188512
7	205469	1625.3	0	205469
8	174238	406.3	0	174238
9	205136	101.6	0	204626 510
10	213533	25.4	1	210964 2569
11	146996	6.3	1	144996 2000
12	237954	1.6	1	234992 2962
13	167261	0.4	1	164587 2674
14	272697	0.4	1	268661 4036
15	153136	0.4	1	150892 2244
16	190629	0.4	1	187827 2802
17	266815	0.4	1	263018 3797
18	134463	0.4	1	132315 2148
19	221533	0.4	1	218285 3248
20	203201	0.4	1	200241 2960
21	174303	0.4	1	171938 2365
22	211653	0.4	1	208450 3203
23	224893	0.4	1	221442 3451
24	235098	0.4	1	231186 3912
25	210841	0.4	1	207403 3438
26	241394	0.4	1	237757 3637
27	230711	0.4	1	226874 3837
28	279989	0.4	1	275753 4236
29	147168	0.4	1	144445 2723
30	394685	0.4	1	388972 5713
31	80016	0.4	1	78370 1646
32	266912	0.4	1	263096 3816
33	131761	0.4	1	129663 2098
34	229211	0.4	1	225745 3466
35	235192	0.4	1	231422 3770
36	500309	0.4	1	494234 6075
37	31414	0.4	1	30421 993
38	262963	0.4	1	259709 3254
39	185298	0.4	1	182892 2406
40	182884	0.4	1	180635 2249
41	273233	0.4	1	270044 3189
42	199881	0.4	1	197354 2527
43	343423	0.4	1	339233 4190
44	161177	0.4	1	159119 2058
45	259266	0.4	1	255446 3820
46	300837	0.4	1	296445 4392
47	203873	0.4	1	201101 2772
48	169990	0.4	1	167638 2352
49	260015	0.4	1	257025 2990
50	155851	0.4	1	153645 2206
51	203811	0.4	1	201121 2690
52	186601	0.4	1	184195 2406
53	207040	0.4	1	204537 2503
54	229171	0.4	1	226488 2683
55	139748	0.4	1	137898 1850
56	190855	0.4	1	188537 2318
57	242881	0.4	1	240143 2738
58	192003	0.4	1	190082 1921
59	127640	0.4	1	126247 1393
60	174141	0.4	1	172364 1777
61	153289	0.4	1	151687 1602
62	165075	0.4	1	163340 1735
63	205641	0.4	1	203628 2013
64	150069	0.4	1	148619 1450
65	120114	0.4	1	118877 1237
66	154276	0.4	1	152768 1508
67	188849	0.4	1	187148 1701
68	118165	0.4	1	116916 1249
69	155140	0.4	1	153653 1487
70	159344	0.4	1	157763 1581
71	134635	0.4	1	133324 1311
72	145023	0.4	1	143526 1497
73	143654	0.4	1	142150 1504
74	155374	0.4	1	153745 1629
75	157838	0.4	1	156169 1669
76	154188	0.4	1	152499 1689
77	164549	0.4	1	162776 1773
78	188835	0.4	1	186751 2084
79	264091	0.4	1	259711 4380
80	1288770	0.4	1	1277132 11638
81	567950	0.4	1	561732 6218
82	200597	0.4	1	198348 2249
83	86901	0.4	1	85861 1040
84	48281	0.4	1	47686 595
85	31800	0.4	1	31413 387
86	22368	0.4	1	22094 274
87	16866	0.4	1	16651 215
88	12935	0.4	1	12762 173
89	10058	0.4	1	9917 141
90	7156	0.4	1	7067 89
91	5775	0.4	1	5689 86
92	4814	0.4	1	4753 61
93	3815	0.4	1	3766 49
94	3307	0.4	1	3261 46
95	2533	0.4	1	2503 30
96	2248	0.4	1	2214 34
97	2284	0.4	1	2269 15
98	2359	0.4	1	2336 23
99	2081	0.4	1	2050 31
100	1834	0.4	1	1818 16
101	1921	0.4	1	1907 14
102	2176	0.4	1	2163 13
103	1283	0.4	1	1264 19
104	808	0.4	1	790 18
105	552	0.4	1	540 12
106	626	0.4	1	605 21
107	446	0.4	1	429 17
108	289	0.4	1	274 15
109	174	0.4	1	164 10
110	119	0.4	1	109 10
111	62	0.4	1	56 6
112	55	0.4	1	47 8
113	25	0.4	1	19 6
114	8	0.4	1	7 1
115	3	0.4	1	3
116	9	0.4	1	6 3
117	3	0.4	1	2 1
118	3	0.4	1	2 1
119	8	0.4	1	6 2
120	9	0.4	1	6 3
121	2	0.4	1	1 1
123	1	0.4	1	0 1


RUN STATISTICS FOR INPUT FILE: P1234_1012_2.fastq.gz
=============================================
26629350 sequences processed in total

Total number of sequences analysed for the sequence pair length validation: 26629350

Number of sequence pairs removed because at least one read was shorter than the length cutoff (20 bp): 429403 (1.61%)
