
SUMMARISING RUN PARAMETERS
==========================
Input filename: P1234_1001_2.fastq.gz
Trimming mode: paired-end
Trim Galore version: 0.4.1
Cutadapt version: 1.9.1
Quality Phred score cutoff: 20
Quality encoding type selected: ASCII+33
Adapter sequence: 'AGATCGGAAGAGC' (Illumina TruSeq, Sanger iPCR; auto-detected)
Maximum trimming error rate: 0.1 (default)
Minimum required adapter overlap (stringency): 1 bp
Minimum required sequence length for both reads before a sequence pair gets removed: 20 bp
Output file will be GZIP compressed


This is cutadapt 1.9.1 with Python 2.7.6
Command line parameters: -f fastq -e 0.1 -q 20 -O 1 -a AGATCGGAAGAGC P1234_1001_2.fastq.gz
Trimming 1 adapter with at most 10.0% errors in single-end mode ...
Finished in 446.21 s (13 us/read; 4.54 M reads/minute).

=== Summary ===

Total reads processed:              33,741,075
Reads with adapters:                16,244,915 (48.1%)
Reads written (passing filters):    33,741,075 (100.0%)

Total basepairs processed: 4,150,152,225 bp
Quality-trimmed:              84,648,139 bp (2.0%)
Total written (filtered):  3,722,354,394 bp (89.7%)

=== Adapter 1 ===

Sequence: AGATCGGAAGAGC; Type: regular 3'; Length: 13; Trimmed: 16244915 times.

No. of allowed errors:
0-9 bp: 0; 10-13 bp: 1

Bases preceding removed adapters:
  A: 13.5%
  C: 55.3%
  G: 23.8%
  T: 7.3%
  none/other: 0.0%

Overview of removed sequences
length	count	expect	max.err	error counts
1	4902261	8435268.8	0	4902261
2	1476689	2108817.2	0	1476689
3	511488	527204.3	0	511488
4	248636	131801.1	0	248636
5	189108	32950.3	0	189108
6	179416	8237.6	0	179416
7	186871	2059.4	0	186871
8	161023	514.8	0	161023
9	177330	128.7	0	176818 512
10	186604	32.2	1	184702 1902
11	127565	8.0	1	126099 1466
12	199156	2.0	1	197157 1999
13	137814	0.5	1	135974 1840
14	227541	0.5	1	224817 2724
15	130242	0.5	1	128622 1620
16	149696	0.5	1	147798 1898
17	204067	0.5	1	201688 2379
18	100389	0.5	1	99009 1380
19	163211	0.5	1	161238 1973
20	157192	0.5	1	155403 1789
21	128096	0.5	1	126463 1633
22	143977	0.5	1	142088 1889
23	151324	0.5	1	149331 1993
24	180540	0.5	1	178159 2381
25	118634	0.5	1	117160 1474
26	155672	0.5	1	153888 1784
27	143191	0.5	1	141312 1879
28	171649	0.5	1	169669 1980
29	100755	0.5	1	99232 1523
30	245007	0.5	1	242296 2711
31	65070	0.5	1	64095 975
32	123421	0.5	1	121942 1479
33	107838	0.5	1	106525 1313
34	120451	0.5	1	119001 1450
35	137759	0.5	1	136012 1747
36	232675	0.5	1	229937 2738
37	126032	0.5	1	124343 1689
38	114358	0.5	1	112975 1383
39	115161	0.5	1	113765 1396
40	119124	0.5	1	117748 1376
41	135124	0.5	1	133763 1361
42	176122	0.5	1	174382 1740
43	217603	0.5	1	215537 2066
44	128504	0.5	1	127100 1404
45	120257	0.5	1	118709 1548
46	140239	0.5	1	138600 1639
47	93736	0.5	1	92658 1078
48	83284	0.5	1	82248 1036
49	122455	0.5	1	121298 1157
50	70717	0.5	1	69902 815
51	100609	0.5	1	99622 987
52	77272	0.5	1	76406 866
53	86368	0.5	1	85476 892
54	94364	0.5	1	93436 928
55	53932	0.5	1	53356 576
56	75938	0.5	1	75140 798
57	98361	0.5	1	97333 1028
58	84705	0.5	1	83980 725
59	42471	0.5	1	42008 463
60	76115	0.5	1	75413 702
61	57439	0.5	1	56921 518
62	58913	0.5	1	58358 555
63	79464	0.5	1	78713 751
64	54663	0.5	1	54119 544
65	45308	0.5	1	44831 477
66	58218	0.5	1	57678 540
67	64848	0.5	1	64282 566
68	46147	0.5	1	45676 471
69	55127	0.5	1	54620 507
70	58275	0.5	1	57746 529
71	51725	0.5	1	51273 452
72	53518	0.5	1	53007 511
73	51071	0.5	1	50530 541
74	53353	0.5	1	52853 500
75	48775	0.5	1	48294 481
76	45953	0.5	1	45519 434
77	44912	0.5	1	44440 472
78	46941	0.5	1	46479 462
79	57896	0.5	1	56771 1125
80	273386	0.5	1	270778 2608
81	119943	0.5	1	118601 1342
82	47090	0.5	1	46516 574
83	22032	0.5	1	21770 262
84	13695	0.5	1	13527 168
85	8912	0.5	1	8799 113
86	6907	0.5	1	6835 72
87	5214	0.5	1	5140 74
88	3934	0.5	1	3875 59
89	3090	0.5	1	3035 55
90	2247	0.5	1	2214 33
91	1700	0.5	1	1662 38
92	1364	0.5	1	1325 39
93	1144	0.5	1	1115 29
94	869	0.5	1	847 22
95	678	0.5	1	658 20
96	563	0.5	1	543 20
97	506	0.5	1	489 17
98	539	0.5	1	524 15
99	510	0.5	1	499 11
100	413	0.5	1	399 14
101	405	0.5	1	400 5
102	587	0.5	1	570 17
103	330	0.5	1	317 13
104	229	0.5	1	199 30
105	176	0.5	1	144 32
106	206	0.5	1	165 41
107	148	0.5	1	123 25
108	95	0.5	1	76 19
109	66	0.5	1	63 3
110	34	0.5	1	31 3
111	28	0.5	1	10 18
112	24	0.5	1	10 14
113	8	0.5	1	8
114	12	0.5	1	6 6
115	9	0.5	1	3 6
116	16	0.5	1	3 13
117	12	0.5	1	3 9
118	7	0.5	1	3 4
119	5	0.5	1	3 2
120	12	0.5	1	4 8
121	5	0.5	1	2 3
122	5	0.5	1	2 3
123	5	0.5	1	2 3


RUN STATISTICS FOR INPUT FILE: P1234_1001_2.fastq.gz
=============================================
33741075 sequences processed in total

Total number of sequences analysed for the sequence pair length validation: 33741075

Number of sequence pairs removed because at least one read was shorter than the length cutoff (20 bp): 334928 (0.99%)
