
SUMMARISING RUN PARAMETERS
==========================
Input filename: P1234_1020_2.fastq.gz
Trimming mode: paired-end
Trim Galore version: 0.4.1
Cutadapt version: 1.9.1
Quality Phred score cutoff: 20
Quality encoding type selected: ASCII+33
Adapter sequence: 'AGATCGGAAGAGC' (Illumina TruSeq, Sanger iPCR; auto-detected)
Maximum trimming error rate: 0.1 (default)
Minimum required adapter overlap (stringency): 1 bp
Minimum required sequence length for both reads before a sequence pair gets removed: 20 bp
Output file will be GZIP compressed


This is cutadapt 1.9.1 with Python 2.7.6
Command line parameters: -f fastq -e 0.1 -q 20 -O 1 -a AGATCGGAAGAGC P1234_1020_2.fastq.gz
Trimming 1 adapter with at most 10.0% errors in single-end mode ...
Finished in 229.60 s (14 us/read; 4.14 M reads/minute).

=== Summary ===

Total reads processed:              15,843,059
Reads with adapters:                13,289,738 (83.9%)
Reads written (passing filters):    15,843,059 (100.0%)

Total basepairs processed: 1,948,696,257 bp
Quality-trimmed:              54,758,154 bp (2.8%)
Total written (filtered):  1,327,820,546 bp (68.1%)

=== Adapter 1 ===

Sequence: AGATCGGAAGAGC; Type: regular 3'; Length: 13; Trimmed: 13289738 times.

No. of allowed errors:
0-9 bp: 0; 10-13 bp: 1

Bases preceding removed adapters:
  A: 2.9%
  C: 65.9%
  G: 29.8%
  T: 1.3%
  none/other: 0.1%

Overview of removed sequences
length	count	expect	max.err	error counts
1	779308	3960764.8	0	779308
2	278506	990191.2	0	278506
3	145339	247547.8	0	145339
4	107276	61886.9	0	107276
5	103021	15471.7	0	103021
6	106237	3867.9	0	106237
7	116499	967.0	0	116499
8	98880	241.7	0	98880
9	114363	60.4	0	114044 319
10	123214	15.1	1	121873 1341
11	85468	3.8	1	84339 1129
12	140920	0.9	1	139146 1774
13	97167	0.2	1	95632 1535
14	165917	0.2	1	163478 2439
15	93335	0.2	1	92000 1335
16	116947	0.2	1	115310 1637
17	163519	0.2	1	161242 2277
18	82050	0.2	1	80747 1303
19	137035	0.2	1	134994 2041
20	127062	0.2	1	125169 1893
21	111257	0.2	1	109601 1656
22	134626	0.2	1	132678 1948
23	143385	0.2	1	141059 2326
24	153443	0.2	1	150921 2522
25	136618	0.2	1	134415 2203
26	154609	0.2	1	152209 2400
27	150506	0.2	1	148002 2504
28	187358	0.2	1	184629 2729
29	96249	0.2	1	94433 1816
30	263653	0.2	1	259857 3796
31	53176	0.2	1	52093 1083
32	186872	0.2	1	184352 2520
33	90464	0.2	1	89056 1408
34	168940	0.2	1	166432 2508
35	173553	0.2	1	170641 2912
36	396390	0.2	1	391728 4662
37	21328	0.2	1	20649 679
38	187759	0.2	1	185398 2361
39	136056	0.2	1	134302 1754
40	140362	0.2	1	138734 1628
41	195770	0.2	1	193475 2295
42	159558	0.2	1	157648 1910
43	273210	0.2	1	269968 3242
44	130840	0.2	1	129093 1747
45	191944	0.2	1	189149 2795
46	208756	0.2	1	205711 3045
47	148158	0.2	1	146159 1999
48	127745	0.2	1	125996 1749
49	198408	0.2	1	196017 2391
50	118578	0.2	1	116998 1580
51	153763	0.2	1	151766 1997
52	137884	0.2	1	136087 1797
53	155584	0.2	1	153656 1928
54	179885	0.2	1	177745 2140
55	104074	0.2	1	102724 1350
56	145673	0.2	1	143811 1862
57	189316	0.2	1	187058 2258
58	153188	0.2	1	151530 1658
59	89526	0.2	1	88481 1045
60	137892	0.2	1	136410 1482
61	116691	0.2	1	115490 1201
62	126529	0.2	1	125190 1339
63	160086	0.2	1	158372 1714
64	110926	0.2	1	109807 1119
65	89029	0.2	1	88146 883
66	115026	0.2	1	113894 1132
67	139132	0.2	1	137768 1364
68	89521	0.2	1	88534 987
69	115356	0.2	1	114165 1191
70	122227	0.2	1	121061 1166
71	104824	0.2	1	103727 1097
72	112604	0.2	1	111478 1126
73	111351	0.2	1	110149 1202
74	116486	0.2	1	115188 1298
75	114406	0.2	1	113216 1190
76	112821	0.2	1	111569 1252
77	114541	0.2	1	113252 1289
78	125159	0.2	1	123559 1600
79	169534	0.2	1	165062 4472
80	843643	0.2	1	834575 9068
81	377371	0.2	1	372665 4706
82	133525	0.2	1	131743 1782
83	57707	0.2	1	56926 781
84	32596	0.2	1	32187 409
85	21376	0.2	1	21079 297
86	15203	0.2	1	14977 226
87	11535	0.2	1	11386 149
88	8908	0.2	1	8781 127
89	7085	0.2	1	6988 97
90	5136	0.2	1	5076 60
91	4202	0.2	1	4148 54
92	3595	0.2	1	3542 53
93	3140	0.2	1	3088 52
94	2844	0.2	1	2810 34
95	2312	0.2	1	2286 26
96	2214	0.2	1	2200 14
97	2259	0.2	1	2246 13
98	2852	0.2	1	2838 14
99	2464	0.2	1	2452 12
100	2102	0.2	1	2075 27
101	2608	0.2	1	2594 14
102	3089	0.2	1	3071 18
103	1845	0.2	1	1834 11
104	1202	0.2	1	1170 32
105	824	0.2	1	822 2
106	1237	0.2	1	1223 14
107	735	0.2	1	725 10
108	419	0.2	1	414 5
109	238	0.2	1	232 6
110	163	0.2	1	157 6
111	99	0.2	1	88 11
112	87	0.2	1	75 12
113	57	0.2	1	50 7
114	21	0.2	1	15 6
115	60	0.2	1	31 29
116	26	0.2	1	24 2
117	33	0.2	1	30 3
118	41	0.2	1	33 8
119	51	0.2	1	37 14
120	36	0.2	1	28 8
121	52	0.2	1	44 8
122	41	0.2	1	39 2
123	37	0.2	1	27 10


RUN STATISTICS FOR INPUT FILE: P1234_1020_2.fastq.gz
=============================================
15843059 sequences processed in total

Total number of sequences analysed for the sequence pair length validation: 15843059

Number of sequence pairs removed because at least one read was shorter than the length cutoff (20 bp): 339615 (2.14%)
