
SUMMARISING RUN PARAMETERS
==========================
Input filename: P1234_1003_2.fastq.gz
Trimming mode: paired-end
Trim Galore version: 0.4.1
Cutadapt version: 1.9.1
Quality Phred score cutoff: 20
Quality encoding type selected: ASCII+33
Adapter sequence: 'AGATCGGAAGAGC' (Illumina TruSeq, Sanger iPCR; auto-detected)
Maximum trimming error rate: 0.1 (default)
Minimum required adapter overlap (stringency): 1 bp
Minimum required sequence length for both reads before a sequence pair gets removed: 20 bp
Output file will be GZIP compressed


This is cutadapt 1.9.1 with Python 2.7.6
Command line parameters: -f fastq -e 0.1 -q 20 -O 1 -a AGATCGGAAGAGC P1234_1003_2.fastq.gz
Trimming 1 adapter with at most 10.0% errors in single-end mode ...
Finished in 433.51 s (13 us/read; 4.67 M reads/minute).

=== Summary ===

Total reads processed:              33,724,069
Reads with adapters:                17,014,798 (50.5%)
Reads written (passing filters):    33,724,069 (100.0%)

Total basepairs processed: 4,148,060,487 bp
Quality-trimmed:              67,857,741 bp (1.6%)
Total written (filtered):  3,693,655,556 bp (89.0%)

=== Adapter 1 ===

Sequence: AGATCGGAAGAGC; Type: regular 3'; Length: 13; Trimmed: 17014798 times.

No. of allowed errors:
0-9 bp: 0; 10-13 bp: 1

Bases preceding removed adapters:
  A: 11.7%
  C: 57.1%
  G: 24.8%
  T: 6.3%
  none/other: 0.0%

Overview of removed sequences
length	count	expect	max.err	error counts
1	4488030	8431017.2	0	4488030
2	1452875	2107754.3	0	1452875
3	500733	526938.6	0	500733
4	260236	131734.6	0	260236
5	204733	32933.7	0	204733
6	196708	8233.4	0	196708
7	209549	2058.4	0	209549
8	176495	514.6	0	176495
9	192866	128.6	0	192327 539
10	212412	32.2	1	210442 1970
11	137350	8.0	1	135754 1596
12	224791	2.0	1	222624 2167
13	153860	0.5	1	151781 2079
14	262845	0.5	1	259850 2995
15	143836	0.5	1	142057 1779
16	170396	0.5	1	168302 2094
17	236476	0.5	1	233879 2597
18	110961	0.5	1	109496 1465
19	188176	0.5	1	185996 2180
20	183106	0.5	1	180966 2140
21	145072	0.5	1	143312 1760
22	164540	0.5	1	162492 2048
23	174212	0.5	1	172065 2147
24	211090	0.5	1	208359 2731
25	132967	0.5	1	131370 1597
26	176704	0.5	1	174739 1965
27	162229	0.5	1	160172 2057
28	203241	0.5	1	201018 2223
29	108969	0.5	1	107415 1554
30	281557	0.5	1	278668 2889
31	73517	0.5	1	72487 1030
32	141137	0.5	1	139427 1710
33	125726	0.5	1	124174 1552
34	134999	0.5	1	133366 1633
35	156850	0.5	1	154837 2013
36	263094	0.5	1	260140 2954
37	146953	0.5	1	145096 1857
38	130532	0.5	1	129042 1490
39	131705	0.5	1	130130 1575
40	137129	0.5	1	135663 1466
41	151817	0.5	1	150229 1588
42	203978	0.5	1	202083 1895
43	242686	0.5	1	240414 2272
44	151180	0.5	1	149595 1585
45	139101	0.5	1	137423 1678
46	157726	0.5	1	155954 1772
47	114988	0.5	1	113658 1330
48	96179	0.5	1	95131 1048
49	137436	0.5	1	136152 1284
50	84994	0.5	1	84027 967
51	113160	0.5	1	112089 1071
52	88594	0.5	1	87693 901
53	98631	0.5	1	97627 1004
54	113651	0.5	1	112590 1061
55	56677	0.5	1	56037 640
56	86075	0.5	1	85198 877
57	113654	0.5	1	112595 1059
58	96250	0.5	1	95355 895
59	48579	0.5	1	48019 560
60	87793	0.5	1	87038 755
61	66327	0.5	1	65726 601
62	66715	0.5	1	66047 668
63	90755	0.5	1	89907 848
64	61675	0.5	1	61123 552
65	50809	0.5	1	50317 492
66	64593	0.5	1	64012 581
67	73290	0.5	1	72727 563
68	51269	0.5	1	50735 534
69	61960	0.5	1	61394 566
70	65305	0.5	1	64732 573
71	57381	0.5	1	56869 512
72	59189	0.5	1	58669 520
73	56575	0.5	1	56055 520
74	58484	0.5	1	57937 547
75	54212	0.5	1	53727 485
76	50381	0.5	1	49918 463
77	50338	0.5	1	49876 462
78	51967	0.5	1	51442 525
79	64373	0.5	1	63084 1289
80	301660	0.5	1	298961 2699
81	133893	0.5	1	132464 1429
82	51557	0.5	1	51015 542
83	23322	0.5	1	23070 252
84	14207	0.5	1	14023 184
85	9380	0.5	1	9284 96
86	7099	0.5	1	7023 76
87	5408	0.5	1	5339 69
88	4080	0.5	1	4009 71
89	3171	0.5	1	3125 46
90	2147	0.5	1	2115 32
91	1690	0.5	1	1659 31
92	1362	0.5	1	1332 30
93	1217	0.5	1	1198 19
94	874	0.5	1	851 23
95	706	0.5	1	697 9
96	606	0.5	1	591 15
97	578	0.5	1	567 11
98	646	0.5	1	620 26
99	556	0.5	1	546 10
100	501	0.5	1	478 23
101	504	0.5	1	496 8
102	631	0.5	1	617 14
103	373	0.5	1	362 11
104	248	0.5	1	227 21
105	162	0.5	1	156 6
106	243	0.5	1	217 26
107	160	0.5	1	137 23
108	112	0.5	1	94 18
109	73	0.5	1	62 11
110	44	0.5	1	40 4
111	31	0.5	1	22 9
112	29	0.5	1	15 14
113	10	0.5	1	9 1
114	18	0.5	1	9 9
115	15	0.5	1	4 11
116	8	0.5	1	3 5
117	27	0.5	1	5 22
118	13	0.5	1	3 10
119	7	0.5	1	6 1
120	6	0.5	1	4 2
121	6	0.5	1	5 1
122	11	0.5	1	5 6
123	3	0.5	1	3


RUN STATISTICS FOR INPUT FILE: P1234_1003_2.fastq.gz
=============================================
33724069 sequences processed in total

Total number of sequences analysed for the sequence pair length validation: 33724069

Number of sequence pairs removed because at least one read was shorter than the length cutoff (20 bp): 270227 (0.80%)
