
SUMMARISING RUN PARAMETERS
==========================
Input filename: P1234_1015_1.fastq.gz
Trimming mode: paired-end
Trim Galore version: 0.4.1
Cutadapt version: 1.9.1
Quality Phred score cutoff: 20
Quality encoding type selected: ASCII+33
Adapter sequence: 'AGATCGGAAGAGC' (Illumina TruSeq, Sanger iPCR; auto-detected)
Maximum trimming error rate: 0.1 (default)
Minimum required adapter overlap (stringency): 1 bp
Minimum required sequence length for both reads before a sequence pair gets removed: 20 bp
Output file will be GZIP compressed


This is cutadapt 1.9.1 with Python 2.7.6
Command line parameters: -f fastq -e 0.1 -q 20 -O 1 -a AGATCGGAAGAGC P1234_1015_1.fastq.gz
Trimming 1 adapter with at most 10.0% errors in single-end mode ...
Finished in 205.34 s (16 us/read; 3.86 M reads/minute).

=== Summary ===

Total reads processed:              13,216,614
Reads with adapters:                10,205,620 (77.2%)
Reads written (passing filters):    13,216,614 (100.0%)

Total basepairs processed: 1,625,643,522 bp
Quality-trimmed:              29,443,222 bp (1.8%)
Total written (filtered):  1,251,369,786 bp (77.0%)

=== Adapter 1 ===

Sequence: AGATCGGAAGAGC; Type: regular 3'; Length: 13; Trimmed: 10205620 times.

No. of allowed errors:
0-9 bp: 0; 10-13 bp: 1

Bases preceding removed adapters:
  A: 32.2%
  C: 31.7%
  G: 22.6%
  T: 13.4%
  none/other: 0.0%

Overview of removed sequences
length	count	expect	max.err	error counts
1	1416872	3304153.5	0	1416872
2	461087	826038.4	0	461087
3	237789	206509.6	0	237789
4	121283	51627.4	0	121283
5	98355	12906.8	0	98355
6	102650	3226.7	0	102650
7	98909	806.7	0	98909
8	98194	201.7	0	98194
9	115082	50.4	0	114430 652
10	99669	12.6	1	97068 2601
11	96523	3.2	1	92289 4234
12	108894	0.8	1	98095 10799
13	102606	0.2	1	28429 74177
14	109915	0.2	1	25230 84685
15	105487	0.2	1	29228 76259
16	100572	0.2	1	21801 78771
17	109376	0.2	1	30438 78938
18	106968	0.2	1	23745 83223
19	108705	0.2	1	24244 84461
20	104609	0.2	1	29414 75195
21	110202	0.2	1	30838 79364
22	106375	0.2	1	24087 82288
23	110321	0.2	1	31812 78509
24	116941	0.2	1	28600 88341
25	119129	0.2	1	44638 74491
26	96788	0.2	1	94625 2163
27	110763	0.2	1	108029 2734
28	113216	0.2	1	110239 2977
29	108286	0.2	1	105342 2944
30	112698	0.2	1	109778 2920
31	106240	0.2	1	103262 2978
32	122481	0.2	1	119456 3025
33	88291	0.2	1	85900 2391
34	112674	0.2	1	109558 3116
35	109834	0.2	1	106769 3065
36	137155	0.2	1	133613 3542
37	113146	0.2	1	110237 2909
38	106525	0.2	1	103670 2855
39	109749	0.2	1	106903 2846
40	102994	0.2	1	100541 2453
41	107218	0.2	1	104630 2588
42	124337	0.2	1	120357 3980
43	304738	0.2	1	299362 5376
44	45193	0.2	1	44103 1090
45	38325	0.2	1	37323 1002
46	59757	0.2	1	58205 1552
47	92110	0.2	1	90217 1893
48	91318	0.2	1	89346 1972
49	96221	0.2	1	93921 2300
50	90687	0.2	1	88372 2315
51	96348	0.2	1	93905 2443
52	90819	0.2	1	88394 2425
53	93722	0.2	1	91379 2343
54	89825	0.2	1	87351 2474
55	90938	0.2	1	88666 2272
56	79724	0.2	1	77694 2030
57	84687	0.2	1	82553 2134
58	85053	0.2	1	82958 2095
59	87795	0.2	1	85684 2111
60	76972	0.2	1	75101 1871
61	78571	0.2	1	76724 1847
62	73991	0.2	1	72281 1710
63	77326	0.2	1	75701 1625
64	76613	0.2	1	75004 1609
65	71239	0.2	1	69684 1555
66	74215	0.2	1	72636 1579
67	73951	0.2	1	72496 1455
68	72120	0.2	1	70535 1585
69	70583	0.2	1	69077 1506
70	71595	0.2	1	70051 1544
71	72775	0.2	1	71068 1707
72	71548	0.2	1	69925 1623
73	75158	0.2	1	73336 1822
74	85049	0.2	1	82800 2249
75	102973	0.2	1	99349 3624
76	234355	0.2	1	226100 8255
77	466649	0.2	1	455507 11142
78	161443	0.2	1	157623 3820
79	49769	0.2	1	48599 1170
80	23201	0.2	1	22592 609
81	13745	0.2	1	13350 395
82	10500	0.2	1	10176 324
83	11422	0.2	1	11120 302
84	11116	0.2	1	10805 311
85	7228	0.2	1	7051 177
86	4993	0.2	1	4864 129
87	3833	0.2	1	3723 110
88	2802	0.2	1	2726 76
89	2251	0.2	1	2190 61
90	1888	0.2	1	1821 67
91	2069	0.2	1	2001 68
92	1758	0.2	1	1714 44
93	1425	0.2	1	1372 53
94	1050	0.2	1	1017 33
95	688	0.2	1	659 29
96	496	0.2	1	477 19
97	375	0.2	1	357 18
98	313	0.2	1	289 24
99	214	0.2	1	202 12
100	186	0.2	1	174 12
101	170	0.2	1	155 15
102	131	0.2	1	123 8
103	106	0.2	1	101 5
104	90	0.2	1	85 5
105	67	0.2	1	61 6
106	98	0.2	1	88 10
107	57	0.2	1	50 7
108	44	0.2	1	39 5
109	39	0.2	1	31 8
110	31	0.2	1	24 7
111	26	0.2	1	18 8
112	18	0.2	1	13 5
113	9	0.2	1	3 6
114	20	0.2	1	5 15
115	10	0.2	1	1 9
116	7	0.2	1	1 6
117	22	0.2	1	3 19
118	11	0.2	1	0 11
119	13	0.2	1	3 10
120	5	0.2	1	1 4
121	6	0.2	1	1 5
122	16	0.2	1	3 13
123	8	0.2	1	0 8


RUN STATISTICS FOR INPUT FILE: P1234_1015_1.fastq.gz
=============================================
13216614 sequences processed in total

