
SUMMARISING RUN PARAMETERS
==========================
Input filename: P1234_1001_1.fastq.gz
Trimming mode: paired-end
Trim Galore version: 0.4.1
Cutadapt version: 1.9.1
Quality Phred score cutoff: 20
Quality encoding type selected: ASCII+33
Adapter sequence: 'AGATCGGAAGAGC' (Illumina TruSeq, Sanger iPCR; auto-detected)
Maximum trimming error rate: 0.1 (default)
Minimum required adapter overlap (stringency): 1 bp
Minimum required sequence length for both reads before a sequence pair gets removed: 20 bp
Output file will be GZIP compressed


This is cutadapt 1.9.1 with Python 2.7.6
Command line parameters: -f fastq -e 0.1 -q 20 -O 1 -a AGATCGGAAGAGC P1234_1001_1.fastq.gz
Trimming 1 adapter with at most 10.0% errors in single-end mode ...
Finished in 519.84 s (15 us/read; 3.89 M reads/minute).

=== Summary ===

Total reads processed:              33,741,075
Reads with adapters:                18,082,139 (53.6%)
Reads written (passing filters):    33,741,075 (100.0%)

Total basepairs processed: 4,150,152,225 bp
Quality-trimmed:              38,618,461 bp (0.9%)
Total written (filtered):  3,767,299,650 bp (90.8%)

=== Adapter 1 ===

Sequence: AGATCGGAAGAGC; Type: regular 3'; Length: 13; Trimmed: 18082139 times.

No. of allowed errors:
0-9 bp: 0; 10-13 bp: 1

Bases preceding removed adapters:
  A: 34.8%
  C: 29.2%
  G: 22.0%
  T: 13.9%
  none/other: 0.0%

Overview of removed sequences
length	count	expect	max.err	error counts
1	6023535	8435268.8	0	6023535
2	1959380	2108817.2	0	1959380
3	742984	527204.3	0	742984
4	287225	131801.1	0	287225
5	193212	32950.3	0	193212
6	175862	8237.6	0	175862
7	172815	2059.4	0	172815
8	164259	514.8	0	164259
9	176439	128.7	0	175509 930
10	168077	32.2	1	164084 3993
11	151141	8.0	1	145605 5536
12	168207	2.0	1	152663 15544
13	174358	0.5	1	47201 127157
14	174193	0.5	1	39496 134697
15	167678	0.5	1	45774 121904
16	146150	0.5	1	31512 114638
17	154915	0.5	1	42984 111931
18	150021	0.5	1	32848 117173
19	147942	0.5	1	32457 115485
20	152473	0.5	1	42699 109774
21	149236	0.5	1	41492 107744
22	139633	0.5	1	31527 108106
23	145326	0.5	1	41709 103617
24	153422	0.5	1	36671 116751
25	147828	0.5	1	51334 96494
26	138341	0.5	1	136359 1982
27	138178	0.5	1	135667 2511
28	146323	0.5	1	143776 2547
29	135305	0.5	1	132643 2662
30	171776	0.5	1	168644 3132
31	132458	0.5	1	129939 2519
32	109795	0.5	1	107658 2137
33	118314	0.5	1	116045 2269
34	136199	0.5	1	133469 2730
35	127924	0.5	1	125206 2718
36	212745	0.5	1	208855 3890
37	138288	0.5	1	135796 2492
38	111234	0.5	1	109055 2179
39	123406	0.5	1	120997 2409
40	115519	0.5	1	113642 1877
41	139002	0.5	1	136563 2439
42	185058	0.5	1	181911 3147
43	393135	0.5	1	388268 4867
44	84691	0.5	1	83574 1117
45	35960	0.5	1	35372 588
46	56554	0.5	1	55677 877
47	99266	0.5	1	97881 1385
48	89144	0.5	1	87828 1316
49	96247	0.5	1	94662 1585
50	87456	0.5	1	85867 1589
51	102443	0.5	1	100596 1847
52	84031	0.5	1	82488 1543
53	84117	0.5	1	82559 1558
54	79362	0.5	1	77858 1504
55	73788	0.5	1	72445 1343
56	68784	0.5	1	67525 1259
57	72791	0.5	1	71483 1308
58	73788	0.5	1	72578 1210
59	78570	0.5	1	77308 1262
60	65996	0.5	1	64888 1108
61	66830	0.5	1	65724 1106
62	60378	0.5	1	59426 952
63	65068	0.5	1	64183 885
64	61828	0.5	1	60957 871
65	59508	0.5	1	58723 785
66	61497	0.5	1	60683 814
67	62445	0.5	1	61599 846
68	58543	0.5	1	57738 805
69	57634	0.5	1	56862 772
70	58073	0.5	1	57244 829
71	58370	0.5	1	57475 895
72	57691	0.5	1	56860 831
73	57967	0.5	1	57007 960
74	66258	0.5	1	65120 1138
75	74732	0.5	1	73056 1676
76	163645	0.5	1	159909 3736
77	295372	0.5	1	289657 5715
78	105373	0.5	1	103443 1930
79	36859	0.5	1	36198 661
80	15393	0.5	1	15099 294
81	9456	0.5	1	9240 216
82	6481	0.5	1	6336 145
83	6202	0.5	1	6033 169
84	5623	0.5	1	5483 140
85	3686	0.5	1	3587 99
86	3344	0.5	1	3245 99
87	2559	0.5	1	2472 87
88	1836	0.5	1	1747 89
89	1336	0.5	1	1278 58
90	924	0.5	1	875 49
91	806	0.5	1	774 32
92	664	0.5	1	624 40
93	571	0.5	1	517 54
94	452	0.5	1	413 39
95	303	0.5	1	293 10
96	255	0.5	1	228 27
97	214	0.5	1	188 26
98	210	0.5	1	173 37
99	175	0.5	1	126 49
100	132	0.5	1	109 23
101	116	0.5	1	86 30
102	95	0.5	1	74 21
103	92	0.5	1	73 19
104	94	0.5	1	63 31
105	79	0.5	1	45 34
106	70	0.5	1	44 26
107	74	0.5	1	49 25
108	63	0.5	1	33 30
109	61	0.5	1	31 30
110	54	0.5	1	17 37
111	31	0.5	1	13 18
112	30	0.5	1	9 21
113	27	0.5	1	2 25
114	31	0.5	1	4 27
115	17	0.5	1	3 14
116	26	0.5	1	2 24
117	22	0.5	1	0 22
118	30	0.5	1	1 29
119	18	0.5	1	3 15
120	13	0.5	1	2 11
121	26	0.5	1	0 26
122	47	0.5	1	6 41
123	31	0.5	1	1 30


RUN STATISTICS FOR INPUT FILE: P1234_1001_1.fastq.gz
=============================================
33741075 sequences processed in total

