
SUMMARISING RUN PARAMETERS
==========================
Input filename: P1234_1021_1.fastq.gz
Trimming mode: paired-end
Trim Galore version: 0.4.1
Cutadapt version: 1.9.1
Quality Phred score cutoff: 20
Quality encoding type selected: ASCII+33
Adapter sequence: 'AGATCGGAAGAGC' (Illumina TruSeq, Sanger iPCR; auto-detected)
Maximum trimming error rate: 0.1 (default)
Minimum required adapter overlap (stringency): 1 bp
Minimum required sequence length for both reads before a sequence pair gets removed: 20 bp
Output file will be GZIP compressed


This is cutadapt 1.9.1 with Python 2.7.6
Command line parameters: -f fastq -e 0.1 -q 20 -O 1 -a AGATCGGAAGAGC P1234_1021_1.fastq.gz
Trimming 1 adapter with at most 10.0% errors in single-end mode ...
Finished in 434.05 s (15 us/read; 3.91 M reads/minute).

=== Summary ===

Total reads processed:              28,300,555
Reads with adapters:                22,726,249 (80.3%)
Reads written (passing filters):    28,300,555 (100.0%)

Total basepairs processed: 3,480,968,265 bp
Quality-trimmed:              60,449,260 bp (1.7%)
Total written (filtered):  2,646,202,294 bp (76.0%)

=== Adapter 1 ===

Sequence: AGATCGGAAGAGC; Type: regular 3'; Length: 13; Trimmed: 22726249 times.

No. of allowed errors:
0-9 bp: 0; 10-13 bp: 1

Bases preceding removed adapters:
  A: 27.7%
  C: 37.1%
  G: 21.2%
  T: 13.9%
  none/other: 0.0%

Overview of removed sequences
length	count	expect	max.err	error counts
1	2285800	7075138.8	0	2285800
2	753662	1768784.7	0	753662
3	410027	442196.2	0	410027
4	272606	110549.0	0	272606
5	230300	27637.3	0	230300
6	242119	6909.3	0	242119
7	235416	1727.3	0	235416
8	235664	431.8	0	235664
9	264300	108.0	0	262659 1641
10	257098	27.0	1	249846 7252
11	227927	6.7	1	217491 10436
12	264404	1.7	1	238618 25786
13	261462	0.4	1	71886 189576
14	260575	0.4	1	59607 200968
15	263139	0.4	1	72683 190456
16	250848	0.4	1	54582 196266
17	274651	0.4	1	76670 197981
18	254867	0.4	1	55949 198918
19	283148	0.4	1	63389 219759
20	249267	0.4	1	69492 179775
21	291614	0.4	1	81458 210156
22	257640	0.4	1	58654 198986
23	278741	0.4	1	79409 199332
24	297474	0.4	1	72097 225377
25	274614	0.4	1	89306 185308
26	274961	0.4	1	268181 6780
27	289662	0.4	1	281506 8156
28	304074	0.4	1	295536 8538
29	283581	0.4	1	275335 8246
30	280516	0.4	1	272561 7955
31	288075	0.4	1	279873 8202
32	316536	0.4	1	308068 8468
33	241781	0.4	1	234548 7233
34	339694	0.4	1	329831 9863
35	310073	0.4	1	301263 8810
36	418484	0.4	1	407331 11153
37	277782	0.4	1	269738 8044
38	351853	0.4	1	342140 9713
39	248880	0.4	1	241566 7314
40	330169	0.4	1	321795 8374
41	281258	0.4	1	273274 7984
42	422996	0.4	1	410419 12577
43	706817	0.4	1	694010 12807
44	139127	0.4	1	135556 3571
45	160502	0.4	1	156559 3943
46	167742	0.4	1	163224 4518
47	257137	0.4	1	251453 5684
48	223646	0.4	1	218202 5444
49	261669	0.4	1	255296 6373
50	214400	0.4	1	208396 6004
51	252954	0.4	1	246294 6660
52	216834	0.4	1	210801 6033
53	232892	0.4	1	226410 6482
54	230415	0.4	1	223724 6691
55	230696	0.4	1	224606 6090
56	183646	0.4	1	178457 5189
57	204026	0.4	1	198464 5562
58	202361	0.4	1	197085 5276
59	208174	0.4	1	202995 5179
60	181030	0.4	1	176386 4644
61	181148	0.4	1	176596 4552
62	164239	0.4	1	160201 4038
63	174882	0.4	1	170773 4109
64	170447	0.4	1	166676 3771
65	159538	0.4	1	155907 3631
66	159511	0.4	1	155965 3546
67	155205	0.4	1	151760 3445
68	150160	0.4	1	146719 3441
69	145816	0.4	1	142599 3217
70	142822	0.4	1	139486 3336
71	144100	0.4	1	140681 3419
72	143174	0.4	1	139841 3333
73	144687	0.4	1	140801 3886
74	161818	0.4	1	157233 4585
75	193359	0.4	1	186289 7070
76	425000	0.4	1	409376 15624
77	772396	0.4	1	752756 19640
78	259491	0.4	1	252938 6553
79	75733	0.4	1	73822 1911
80	30278	0.4	1	29510 768
81	16852	0.4	1	16368 484
82	10628	0.4	1	10281 347
83	7151	0.4	1	6945 206
84	5977	0.4	1	5793 184
85	4303	0.4	1	4130 173
86	3206	0.4	1	3074 132
87	2406	0.4	1	2323 83
88	1740	0.4	1	1662 78
89	1315	0.4	1	1277 38
90	1088	0.4	1	1046 42
91	956	0.4	1	897 59
92	791	0.4	1	753 38
93	669	0.4	1	636 33
94	532	0.4	1	512 20
95	413	0.4	1	395 18
96	357	0.4	1	339 18
97	290	0.4	1	273 17
98	274	0.4	1	247 27
99	257	0.4	1	230 27
100	212	0.4	1	196 16
101	193	0.4	1	176 17
102	154	0.4	1	144 10
103	169	0.4	1	156 13
104	123	0.4	1	115 8
105	117	0.4	1	107 10
106	80	0.4	1	66 14
107	77	0.4	1	70 7
108	71	0.4	1	61 10
109	57	0.4	1	47 10
110	43	0.4	1	27 16
111	20	0.4	1	13 7
112	21	0.4	1	10 11
113	15	0.4	1	5 10
114	10	0.4	1	6 4
115	11	0.4	1	2 9
116	10	0.4	1	3 7
117	12	0.4	1	1 11
118	5	0.4	1	1 4
119	8	0.4	1	2 6
120	6	0.4	1	0 6
121	10	0.4	1	0 10
122	4	0.4	1	2 2
123	6	0.4	1	1 5


RUN STATISTICS FOR INPUT FILE: P1234_1021_1.fastq.gz
=============================================
28300555 sequences processed in total

