
SUMMARISING RUN PARAMETERS
==========================
Input filename: P1234_1014_1.fastq.gz
Trimming mode: paired-end
Trim Galore version: 0.4.1
Cutadapt version: 1.9.1
Quality Phred score cutoff: 20
Quality encoding type selected: ASCII+33
Adapter sequence: 'AGATCGGAAGAGC' (Illumina TruSeq, Sanger iPCR; auto-detected)
Maximum trimming error rate: 0.1 (default)
Minimum required adapter overlap (stringency): 1 bp
Minimum required sequence length for both reads before a sequence pair gets removed: 20 bp
Output file will be GZIP compressed


This is cutadapt 1.9.1 with Python 2.7.6
Command line parameters: -f fastq -e 0.1 -q 20 -O 1 -a AGATCGGAAGAGC P1234_1014_1.fastq.gz
Trimming 1 adapter with at most 10.0% errors in single-end mode ...
Finished in 749.95 s (16 us/read; 3.75 M reads/minute).

=== Summary ===

Total reads processed:              46,909,968
Reads with adapters:                28,479,809 (60.7%)
Reads written (passing filters):    46,909,968 (100.0%)

Total basepairs processed: 5,769,926,064 bp
Quality-trimmed:              67,904,282 bp (1.2%)
Total written (filtered):  5,094,664,310 bp (88.3%)

=== Adapter 1 ===

Sequence: AGATCGGAAGAGC; Type: regular 3'; Length: 13; Trimmed: 28479809 times.

No. of allowed errors:
0-9 bp: 0; 10-13 bp: 1

Bases preceding removed adapters:
  A: 31.6%
  C: 32.6%
  G: 20.7%
  T: 15.1%
  none/other: 0.0%

Overview of removed sequences
length	count	expect	max.err	error counts
1	8057247	11727492.0	0	8057247
2	2389740	2931873.0	0	2389740
3	1060666	732968.2	0	1060666
4	473899	183242.1	0	473899
5	338997	45810.5	0	338997
6	329567	11452.6	0	329567
7	321149	2863.2	0	321149
8	310692	715.8	0	310692
9	331805	178.9	0	329510 2295
10	321944	44.7	1	313878 8066
11	281279	11.2	1	270023 11256
12	321238	2.8	1	290713 30525
13	303888	0.7	1	83518 220370
14	306057	0.7	1	69141 236916
15	295414	0.7	1	81655 213759
16	283885	0.7	1	61362 222523
17	292026	0.7	1	80326 211700
18	274971	0.7	1	60076 214895
19	293222	0.7	1	64723 228499
20	267212	0.7	1	74425 192787
21	290727	0.7	1	80680 210047
22	259742	0.7	1	58473 201269
23	266428	0.7	1	75322 191106
24	278920	0.7	1	65927 212993
25	260140	0.7	1	82380 177760
26	255938	0.7	1	250218 5720
27	259293	0.7	1	252460 6833
28	265829	0.7	1	258806 7023
29	255607	0.7	1	248860 6747
30	236346	0.7	1	230112 6234
31	249422	0.7	1	242449 6973
32	270517	0.7	1	263659 6858
33	203698	0.7	1	197885 5813
34	287581	0.7	1	279094 8487
35	381250	0.7	1	371806 9444
36	335039	0.7	1	325699 9340
37	266216	0.7	1	259416 6800
38	239115	0.7	1	232906 6209
39	227856	0.7	1	221943 5913
40	243179	0.7	1	237444 5735
41	252772	0.7	1	246635 6137
42	323900	0.7	1	314532 9368
43	656886	0.7	1	646125 10761
44	140935	0.7	1	138027 2908
45	96686	0.7	1	94438 2248
46	118478	0.7	1	115493 2985
47	179722	0.7	1	175989 3733
48	159056	0.7	1	155394 3662
49	172458	0.7	1	168475 3983
50	151022	0.7	1	147067 3955
51	167370	0.7	1	163192 4178
52	151756	0.7	1	147924 3832
53	158831	0.7	1	154691 4140
54	149644	0.7	1	145533 4111
55	148959	0.7	1	145242 3717
56	121776	0.7	1	118458 3318
57	131047	0.7	1	127646 3401
58	131330	0.7	1	127994 3336
59	136603	0.7	1	133374 3229
60	113414	0.7	1	110637 2777
61	113916	0.7	1	111260 2656
62	107362	0.7	1	104799 2563
63	113912	0.7	1	111480 2432
64	109152	0.7	1	106925 2227
65	100496	0.7	1	98488 2008
66	103259	0.7	1	101131 2128
67	103518	0.7	1	101362 2156
68	96785	0.7	1	94740 2045
69	94203	0.7	1	92221 1982
70	91854	0.7	1	89890 1964
71	92329	0.7	1	90295 2034
72	91128	0.7	1	89168 1960
73	93290	0.7	1	90962 2328
74	103561	0.7	1	100910 2651
75	120980	0.7	1	116800 4180
76	245964	0.7	1	236993 8971
77	512629	0.7	1	500658 11971
78	186647	0.7	1	182230 4417
79	62894	0.7	1	61414 1480
80	25654	0.7	1	25049 605
81	13841	0.7	1	13486 355
82	9273	0.7	1	9015 258
83	6048	0.7	1	5849 199
84	6072	0.7	1	5871 201
85	4933	0.7	1	4771 162
86	4526	0.7	1	4375 151
87	3531	0.7	1	3408 123
88	2511	0.7	1	2396 115
89	1709	0.7	1	1654 55
90	1182	0.7	1	1114 68
91	1098	0.7	1	1037 61
92	881	0.7	1	826 55
93	741	0.7	1	710 31
94	534	0.7	1	507 27
95	398	0.7	1	365 33
96	349	0.7	1	320 29
97	279	0.7	1	254 25
98	235	0.7	1	208 27
99	197	0.7	1	173 24
100	180	0.7	1	146 34
101	177	0.7	1	147 30
102	123	0.7	1	105 18
103	129	0.7	1	105 24
104	112	0.7	1	88 24
105	110	0.7	1	86 24
106	89	0.7	1	67 22
107	78	0.7	1	46 32
108	71	0.7	1	55 16
109	57	0.7	1	32 25
110	36	0.7	1	15 21
111	32	0.7	1	17 15
112	31	0.7	1	11 20
113	47	0.7	1	10 37
114	35	0.7	1	3 32
115	25	0.7	1	3 22
116	19	0.7	1	0 19
117	46	0.7	1	1 45
118	18	0.7	1	0 18
119	23	0.7	1	1 22
120	8	0.7	1	1 7
121	40	0.7	1	2 38
122	36	0.7	1	3 33
123	30	0.7	1	2 28


RUN STATISTICS FOR INPUT FILE: P1234_1014_1.fastq.gz
=============================================
46909968 sequences processed in total

