
SUMMARISING RUN PARAMETERS
==========================
Input filename: P1234_1012_1.fastq.gz
Trimming mode: paired-end
Trim Galore version: 0.4.1
Cutadapt version: 1.9.1
Quality Phred score cutoff: 20
Quality encoding type selected: ASCII+33
Adapter sequence: 'AGATCGGAAGAGC' (Illumina TruSeq, Sanger iPCR; auto-detected)
Maximum trimming error rate: 0.1 (default)
Minimum required adapter overlap (stringency): 1 bp
Minimum required sequence length for both reads before a sequence pair gets removed: 20 bp
Output file will be GZIP compressed


This is cutadapt 1.9.1 with Python 2.7.6
Command line parameters: -f fastq -e 0.1 -q 20 -O 1 -a AGATCGGAAGAGC P1234_1012_1.fastq.gz
Trimming 1 adapter with at most 10.0% errors in single-end mode ...
Finished in 404.29 s (15 us/read; 3.95 M reads/minute).

=== Summary ===

Total reads processed:              26,629,350
Reads with adapters:                20,754,085 (77.9%)
Reads written (passing filters):    26,629,350 (100.0%)

Total basepairs processed: 3,275,410,050 bp
Quality-trimmed:              80,653,928 bp (2.5%)
Total written (filtered):  2,405,672,729 bp (73.4%)

=== Adapter 1 ===

Sequence: AGATCGGAAGAGC; Type: regular 3'; Length: 13; Trimmed: 20754085 times.

No. of allowed errors:
0-9 bp: 0; 10-13 bp: 1

Bases preceding removed adapters:
  A: 29.5%
  C: 34.4%
  G: 23.5%
  T: 12.7%
  none/other: 0.0%

Overview of removed sequences
length	count	expect	max.err	error counts
1	2198053	6657337.5	0	2198053
2	837867	1664334.4	0	837867
3	422626	416083.6	0	422626
4	204353	104020.9	0	204353
5	174884	26005.2	0	174884
6	182647	6501.3	0	182647
7	184770	1625.3	0	184770
8	174997	406.3	0	174997
9	199425	101.6	0	198779 646
10	192233	25.4	1	188010 4223
11	163726	6.3	1	157731 5995
12	197517	1.6	1	177348 20169
13	204658	0.4	1	56077 148581
14	194567	0.4	1	44328 150239
15	204011	0.4	1	56543 147468
16	179981	0.4	1	39350 140631
17	199298	0.4	1	55800 143498
18	192851	0.4	1	42218 150633
19	204013	0.4	1	45721 158292
20	197144	0.4	1	55682 141462
21	204449	0.4	1	57543 146906
22	199149	0.4	1	45157 153992
23	212911	0.4	1	61243 151668
24	217113	0.4	1	52215 164898
25	218450	0.4	1	75274 143176
26	202994	0.4	1	200054 2940
27	215021	0.4	1	210943 4078
28	232024	0.4	1	227141 4883
29	204453	0.4	1	200271 4182
30	230870	0.4	1	226493 4377
31	197966	0.4	1	194136 3830
32	257099	0.4	1	252320 4779
33	147580	0.4	1	144665 2915
34	260333	0.4	1	255185 5148
35	185202	0.4	1	181815 3387
36	281008	0.4	1	275875 5133
37	237194	0.4	1	231822 5372
38	239565	0.4	1	235029 4536
39	281446	0.4	1	276256 5190
40	175620	0.4	1	172654 2966
41	249262	0.4	1	245378 3884
42	254432	0.4	1	250202 4230
43	600451	0.4	1	593074 7377
44	105183	0.4	1	103645 1538
45	107902	0.4	1	106440 1462
46	134790	0.4	1	132856 1934
47	216004	0.4	1	213118 2886
48	191293	0.4	1	188537 2756
49	193725	0.4	1	190601 3124
50	182315	0.4	1	179177 3138
51	201622	0.4	1	197967 3655
52	194392	0.4	1	190945 3447
53	200351	0.4	1	196727 3624
54	187600	0.4	1	183884 3716
55	200935	0.4	1	197368 3567
56	161510	0.4	1	158581 2929
57	183599	0.4	1	180392 3207
58	178893	0.4	1	175885 3008
59	186433	0.4	1	183360 3073
60	169511	0.4	1	166786 2725
61	166132	0.4	1	163467 2665
62	159354	0.4	1	157068 2286
63	170834	0.4	1	168510 2324
64	167763	0.4	1	165523 2240
65	160951	0.4	1	158878 2073
66	168376	0.4	1	166164 2212
67	168269	0.4	1	166161 2108
68	169179	0.4	1	166966 2213
69	163873	0.4	1	161692 2181
70	156157	0.4	1	154074 2083
71	159165	0.4	1	156932 2233
72	162335	0.4	1	160044 2291
73	170933	0.4	1	168069 2864
74	210114	0.4	1	206565 3549
75	272594	0.4	1	266831 5763
76	696801	0.4	1	681446 15355
77	1405520	0.4	1	1379563 25957
78	465972	0.4	1	457463 8509
79	131351	0.4	1	129018 2333
80	55723	0.4	1	54694 1029
81	36497	0.4	1	35779 718
82	25521	0.4	1	25022 499
83	20540	0.4	1	20135 405
84	18404	0.4	1	18032 372
85	13350	0.4	1	13060 290
86	9874	0.4	1	9671 203
87	6638	0.4	1	6501 137
88	5673	0.4	1	5522 151
89	3809	0.4	1	3721 88
90	3053	0.4	1	2971 82
91	3051	0.4	1	2974 77
92	2925	0.4	1	2850 75
93	2305	0.4	1	2231 74
94	1996	0.4	1	1940 56
95	1517	0.4	1	1470 47
96	1183	0.4	1	1141 42
97	902	0.4	1	852 50
98	854	0.4	1	820 34
99	662	0.4	1	624 38
100	577	0.4	1	544 33
101	470	0.4	1	442 28
102	428	0.4	1	405 23
103	407	0.4	1	387 20
104	312	0.4	1	296 16
105	285	0.4	1	269 16
106	239	0.4	1	221 18
107	227	0.4	1	202 25
108	223	0.4	1	203 20
109	133	0.4	1	125 8
110	85	0.4	1	75 10
111	47	0.4	1	46 1
112	46	0.4	1	38 8
113	30	0.4	1	16 14
114	18	0.4	1	10 8
115	16	0.4	1	5 11
116	12	0.4	1	4 8
117	24	0.4	1	5 19
118	13	0.4	1	5 8
119	25	0.4	1	9 16
120	11	0.4	1	4 7
121	11	0.4	1	0 11
122	10	0.4	1	0 10
123	15	0.4	1	2 13


RUN STATISTICS FOR INPUT FILE: P1234_1012_1.fastq.gz
=============================================
26629350 sequences processed in total

