
SUMMARISING RUN PARAMETERS
==========================
Input filename: P1234_1018_1.fastq.gz
Trimming mode: paired-end
Trim Galore version: 0.4.1
Cutadapt version: 1.9.1
Quality Phred score cutoff: 20
Quality encoding type selected: ASCII+33
Adapter sequence: 'AGATCGGAAGAGC' (Illumina TruSeq, Sanger iPCR; auto-detected)
Maximum trimming error rate: 0.1 (default)
Minimum required adapter overlap (stringency): 1 bp
Minimum required sequence length for both reads before a sequence pair gets removed: 20 bp
Output file will be GZIP compressed


This is cutadapt 1.9.1 with Python 2.7.6
Command line parameters: -f fastq -e 0.1 -q 20 -O 1 -a AGATCGGAAGAGC P1234_1018_1.fastq.gz
Trimming 1 adapter with at most 10.0% errors in single-end mode ...
Finished in 478.09 s (16 us/read; 3.87 M reads/minute).

=== Summary ===

Total reads processed:              30,833,924
Reads with adapters:                25,808,394 (83.7%)
Reads written (passing filters):    30,833,924 (100.0%)

Total basepairs processed: 3,792,572,652 bp
Quality-trimmed:              71,366,127 bp (1.9%)
Total written (filtered):  2,755,738,402 bp (72.7%)

=== Adapter 1 ===

Sequence: AGATCGGAAGAGC; Type: regular 3'; Length: 13; Trimmed: 25808394 times.

No. of allowed errors:
0-9 bp: 0; 10-13 bp: 1

Bases preceding removed adapters:
  A: 29.6%
  C: 34.4%
  G: 22.3%
  T: 13.7%
  none/other: 0.0%

Overview of removed sequences
length	count	expect	max.err	error counts
1	2332933	7708481.0	0	2332933
2	735849	1927120.2	0	735849
3	420328	481780.1	0	420328
4	266673	120445.0	0	266673
5	227414	30111.3	0	227414
6	241617	7527.8	0	241617
7	237786	1882.0	0	237786
8	238647	470.5	0	238647
9	266138	117.6	0	264508 1630
10	264165	29.4	1	257107 7058
11	230569	7.4	1	220165 10404
12	274753	1.8	1	247129 27624
13	262081	0.5	1	72658 189423
14	278432	0.5	1	63889 214543
15	268741	0.5	1	74059 194682
16	253418	0.5	1	54930 198488
17	281217	0.5	1	78949 202268
18	271165	0.5	1	60167 210998
19	288514	0.5	1	64553 223961
20	266530	0.5	1	74851 191679
21	290565	0.5	1	81034 209531
22	272189	0.5	1	61879 210310
23	296311	0.5	1	84644 211667
24	311337	0.5	1	75297 236040
25	298214	0.5	1	99766 198448
26	288322	0.5	1	281447 6875
27	309557	0.5	1	301086 8471
28	328138	0.5	1	319210 8928
29	292728	0.5	1	284290 8438
30	306188	0.5	1	297881 8307
31	306139	0.5	1	297686 8453
32	341013	0.5	1	332411 8602
33	251086	0.5	1	243890 7196
34	337932	0.5	1	328294 9638
35	326479	0.5	1	317588 8891
36	417996	0.5	1	407007 10989
37	326539	0.5	1	317320 9219
38	339915	0.5	1	330804 9111
39	312083	0.5	1	303715 8368
40	317326	0.5	1	309310 8016
41	322606	0.5	1	314422 8184
42	397427	0.5	1	385266 12161
43	792942	0.5	1	779024 13918
44	167544	0.5	1	163605 3939
45	154180	0.5	1	150437 3743
46	190122	0.5	1	185464 4658
47	279760	0.5	1	273680 6080
48	264055	0.5	1	257742 6313
49	291637	0.5	1	284776 6861
50	255093	0.5	1	248194 6899
51	285817	0.5	1	278559 7258
52	260486	0.5	1	253653 6833
53	274221	0.5	1	266764 7457
54	266190	0.5	1	258717 7473
55	273101	0.5	1	266047 7054
56	226723	0.5	1	220599 6124
57	246778	0.5	1	240393 6385
58	249160	0.5	1	242874 6286
59	259102	0.5	1	252952 6150
60	225135	0.5	1	219575 5560
61	225467	0.5	1	219960 5507
62	210505	0.5	1	205464 5041
63	221169	0.5	1	216339 4830
64	216180	0.5	1	211468 4712
65	201202	0.5	1	196872 4330
66	206620	0.5	1	202253 4367
67	204195	0.5	1	199839 4356
68	200991	0.5	1	196693 4298
69	196696	0.5	1	192380 4316
70	196804	0.5	1	192443 4361
71	200224	0.5	1	195551 4673
72	197885	0.5	1	193266 4619
73	201544	0.5	1	196409 5135
74	230032	0.5	1	223906 6126
75	279294	0.5	1	269273 10021
76	612543	0.5	1	590314 22229
77	1246724	0.5	1	1215452 31272
78	529721	0.5	1	516712 13009
79	151138	0.5	1	147426 3712
80	61237	0.5	1	59681 1556
81	35644	0.5	1	34725 919
82	22973	0.5	1	22315 658
83	14955	0.5	1	14527 428
84	15109	0.5	1	14647 462
85	15815	0.5	1	15320 495
86	13727	0.5	1	13328 399
87	9634	0.5	1	9307 327
88	7110	0.5	1	6878 232
89	4623	0.5	1	4482 141
90	3189	0.5	1	3065 124
91	2945	0.5	1	2855 90
92	2467	0.5	1	2375 92
93	1957	0.5	1	1876 81
94	1569	0.5	1	1491 78
95	1058	0.5	1	1016 42
96	924	0.5	1	885 39
97	734	0.5	1	695 39
98	702	0.5	1	665 37
99	547	0.5	1	518 29
100	497	0.5	1	471 26
101	456	0.5	1	427 29
102	391	0.5	1	375 16
103	328	0.5	1	302 26
104	281	0.5	1	259 22
105	267	0.5	1	249 18
106	224	0.5	1	208 16
107	229	0.5	1	201 28
108	187	0.5	1	174 13
109	147	0.5	1	133 14
110	100	0.5	1	88 12
111	56	0.5	1	50 6
112	52	0.5	1	46 6
113	28	0.5	1	16 12
114	25	0.5	1	10 15
115	15	0.5	1	4 11
116	22	0.5	1	7 15
117	39	0.5	1	2 37
118	19	0.5	1	5 14
119	25	0.5	1	6 19
120	6	0.5	1	3 3
121	15	0.5	1	7 8
122	11	0.5	1	6 5
123	15	0.5	1	0 15


RUN STATISTICS FOR INPUT FILE: P1234_1018_1.fastq.gz
=============================================
30833924 sequences processed in total

