
SUMMARISING RUN PARAMETERS
==========================
Input filename: P1234_1019_1.fastq.gz
Trimming mode: paired-end
Trim Galore version: 0.4.1
Cutadapt version: 1.9.1
Quality Phred score cutoff: 20
Quality encoding type selected: ASCII+33
Adapter sequence: 'AGATCGGAAGAGC' (Illumina TruSeq, Sanger iPCR; auto-detected)
Maximum trimming error rate: 0.1 (default)
Minimum required adapter overlap (stringency): 1 bp
Minimum required sequence length for both reads before a sequence pair gets removed: 20 bp
Output file will be GZIP compressed


This is cutadapt 1.9.1 with Python 2.7.6
Command line parameters: -f fastq -e 0.1 -q 20 -O 1 -a AGATCGGAAGAGC P1234_1019_1.fastq.gz
Trimming 1 adapter with at most 10.0% errors in single-end mode ...
Finished in 250.54 s (15 us/read; 4.05 M reads/minute).

=== Summary ===

Total reads processed:              16,902,605
Reads with adapters:                14,218,316 (84.1%)
Reads written (passing filters):    16,902,605 (100.0%)

Total basepairs processed: 2,079,020,415 bp
Quality-trimmed:              60,857,864 bp (2.9%)
Total written (filtered):  1,408,777,839 bp (67.8%)

=== Adapter 1 ===

Sequence: AGATCGGAAGAGC; Type: regular 3'; Length: 13; Trimmed: 14218316 times.

No. of allowed errors:
0-9 bp: 0; 10-13 bp: 1

Bases preceding removed adapters:
  A: 29.0%
  C: 34.3%
  G: 24.1%
  T: 12.5%
  none/other: 0.1%

Overview of removed sequences
length	count	expect	max.err	error counts
1	957055	4225651.2	0	957055
2	374627	1056412.8	0	374627
3	187800	264103.2	0	187800
4	114058	66025.8	0	114058
5	104801	16506.5	0	104801
6	104315	4126.6	0	104315
7	104284	1031.7	0	104284
8	97528	257.9	0	97528
9	112324	64.5	0	111641 683
10	117149	16.1	1	113757 3392
11	96614	4.0	1	92103 4511
12	110584	1.0	1	101055 9529
13	130318	0.3	1	35718 94600
14	106944	0.3	1	24658 82286
15	125580	0.3	1	35020 90560
16	115235	0.3	1	25451 89784
17	129713	0.3	1	36696 93017
18	132398	0.3	1	29659 102739
19	108579	0.3	1	24384 84195
20	132198	0.3	1	36965 95233
21	119003	0.3	1	33149 85854
22	124459	0.3	1	27989 96470
23	135755	0.3	1	38599 97156
24	142001	0.3	1	33950 108051
25	145880	0.3	1	52486 93394
26	126599	0.3	1	123548 3051
27	141107	0.3	1	137131 3976
28	160648	0.3	1	156242 4406
29	126569	0.3	1	122826 3743
30	143346	0.3	1	139572 3774
31	143299	0.3	1	139340 3959
32	154618	0.3	1	150542 4076
33	125286	0.3	1	121720 3566
34	168309	0.3	1	163277 5032
35	190344	0.3	1	184022 6322
36	237757	0.3	1	231544 6213
37	150169	0.3	1	145958 4211
38	179806	0.3	1	174530 5276
39	187258	0.3	1	182495 4763
40	147111	0.3	1	143121 3990
41	176977	0.3	1	172525 4452
42	232811	0.3	1	226253 6558
43	421159	0.3	1	413744 7415
44	115019	0.3	1	112605 2414
45	86030	0.3	1	84087 1943
46	95759	0.3	1	93279 2480
47	160596	0.3	1	157210 3386
48	140244	0.3	1	136976 3268
49	162683	0.3	1	158879 3804
50	135538	0.3	1	131915 3623
51	166450	0.3	1	162048 4402
52	143608	0.3	1	139768 3840
53	158176	0.3	1	153771 4405
54	156646	0.3	1	152174 4472
55	156009	0.3	1	152004 4005
56	127590	0.3	1	124045 3545
57	146386	0.3	1	142507 3879
58	145665	0.3	1	141862 3803
59	154600	0.3	1	150738 3862
60	141475	0.3	1	137994 3481
61	141233	0.3	1	137770 3463
62	125478	0.3	1	122534 2944
63	140058	0.3	1	136907 3151
64	137030	0.3	1	133989 3041
65	133566	0.3	1	130711 2855
66	136074	0.3	1	133132 2942
67	136323	0.3	1	133430 2893
68	135510	0.3	1	132497 3013
69	132947	0.3	1	130077 2870
70	132589	0.3	1	129561 3028
71	137618	0.3	1	134338 3280
72	140536	0.3	1	137210 3326
73	147908	0.3	1	143951 3957
74	180175	0.3	1	175029 5146
75	234301	0.3	1	224588 9713
76	565988	0.3	1	543671 22317
77	1094228	0.3	1	1065920 28308
78	358559	0.3	1	349571 8988
79	102053	0.3	1	99410 2643
80	41095	0.3	1	39965 1130
81	28975	0.3	1	28165 810
82	20832	0.3	1	20225 607
83	15247	0.3	1	14790 457
84	13253	0.3	1	12905 348
85	10064	0.3	1	9753 311
86	7834	0.3	1	7583 251
87	5760	0.3	1	5546 214
88	4895	0.3	1	4742 153
89	3684	0.3	1	3551 133
90	2774	0.3	1	2683 91
91	2556	0.3	1	2467 89
92	2161	0.3	1	2092 69
93	1844	0.3	1	1776 68
94	1468	0.3	1	1410 58
95	1212	0.3	1	1145 67
96	989	0.3	1	952 37
97	822	0.3	1	776 46
98	707	0.3	1	673 34
99	679	0.3	1	581 98
100	569	0.3	1	540 29
101	527	0.3	1	477 50
102	441	0.3	1	411 30
103	385	0.3	1	367 18
104	346	0.3	1	320 26
105	276	0.3	1	250 26
106	237	0.3	1	221 16
107	218	0.3	1	202 16
108	204	0.3	1	163 41
109	156	0.3	1	146 10
110	120	0.3	1	112 8
111	75	0.3	1	70 5
112	81	0.3	1	57 24
113	37	0.3	1	27 10
114	22	0.3	1	14 8
115	26	0.3	1	17 9
116	32	0.3	1	20 12
117	393	0.3	1	17 376
118	92	0.3	1	17 75
119	80	0.3	1	17 63
120	22	0.3	1	17 5
121	36	0.3	1	25 11
122	40	0.3	1	37 3
123	27	0.3	1	11 16


RUN STATISTICS FOR INPUT FILE: P1234_1019_1.fastq.gz
=============================================
16902605 sequences processed in total

