
SUMMARISING RUN PARAMETERS
==========================
Input filename: P1234_1006_1.fastq.gz
Trimming mode: paired-end
Trim Galore version: 0.4.1
Cutadapt version: 1.9.1
Quality Phred score cutoff: 20
Quality encoding type selected: ASCII+33
Adapter sequence: 'AGATCGGAAGAGC' (Illumina TruSeq, Sanger iPCR; auto-detected)
Maximum trimming error rate: 0.1 (default)
Minimum required adapter overlap (stringency): 1 bp
Minimum required sequence length for both reads before a sequence pair gets removed: 20 bp
Output file will be GZIP compressed


This is cutadapt 1.9.1 with Python 2.7.6
Command line parameters: -f fastq -e 0.1 -q 20 -O 1 -a AGATCGGAAGAGC P1234_1006_1.fastq.gz
Trimming 1 adapter with at most 10.0% errors in single-end mode ...
Finished in 487.69 s (16 us/read; 3.79 M reads/minute).

=== Summary ===

Total reads processed:              30,839,171
Reads with adapters:                18,461,299 (59.9%)
Reads written (passing filters):    30,839,171 (100.0%)

Total basepairs processed: 3,793,218,033 bp
Quality-trimmed:              40,757,328 bp (1.1%)
Total written (filtered):  3,289,260,357 bp (86.7%)

=== Adapter 1 ===

Sequence: AGATCGGAAGAGC; Type: regular 3'; Length: 13; Trimmed: 18461299 times.

No. of allowed errors:
0-9 bp: 0; 10-13 bp: 1

Bases preceding removed adapters:
  A: 32.2%
  C: 31.4%
  G: 23.2%
  T: 13.2%
  none/other: 0.0%

Overview of removed sequences
length	count	expect	max.err	error counts
1	4367940	7709792.8	0	4367940
2	1557186	1927448.2	0	1557186
3	580851	481862.0	0	580851
4	262190	120465.5	0	262190
5	199447	30116.4	0	199447
6	195605	7529.1	0	195605
7	195321	1882.3	0	195321
8	181724	470.6	0	181724
9	184471	117.6	0	182386 2085
10	198556	29.4	1	192375 6181
11	154026	7.4	1	147300 6726
12	195703	1.8	1	177346 18357
13	199431	0.5	1	54612 144819
14	194693	0.5	1	43532 151161
15	205699	0.5	1	56356 149343
16	177022	0.5	1	37762 139260
17	180506	0.5	1	49380 131126
18	184454	0.5	1	40578 143876
19	171669	0.5	1	37357 134312
20	182324	0.5	1	50847 131477
21	172013	0.5	1	47394 124619
22	161800	0.5	1	36081 125719
23	169856	0.5	1	47936 121920
24	179428	0.5	1	41449 137979
25	178642	0.5	1	58952 119690
26	164861	0.5	1	160347 4514
27	171731	0.5	1	166357 5374
28	183168	0.5	1	177622 5546
29	166635	0.5	1	161112 5523
30	185500	0.5	1	179866 5634
31	156893	0.5	1	151972 4921
32	154743	0.5	1	150061 4682
33	142198	0.5	1	137627 4571
34	175224	0.5	1	169285 5939
35	184217	0.5	1	178266 5951
36	244234	0.5	1	236854 7380
37	159682	0.5	1	154673 5009
38	178134	0.5	1	172569 5565
39	164148	0.5	1	158960 5188
40	182494	0.5	1	177147 5347
41	196116	0.5	1	190510 5606
42	231462	0.5	1	223508 7954
43	406749	0.5	1	398180 8569
44	138180	0.5	1	134689 3491
45	87007	0.5	1	84328 2679
46	122607	0.5	1	119005 3602
47	158645	0.5	1	154422 4223
48	134997	0.5	1	131079 3918
49	144651	0.5	1	140629 4022
50	128399	0.5	1	124407 3992
51	136241	0.5	1	132217 4024
52	119181	0.5	1	115402 3779
53	119229	0.5	1	115570 3659
54	112675	0.5	1	109057 3618
55	110605	0.5	1	107288 3317
56	97082	0.5	1	94036 3046
57	104242	0.5	1	101066 3176
58	106217	0.5	1	102993 3224
59	114427	0.5	1	111240 3187
60	95570	0.5	1	92778 2792
61	97532	0.5	1	94822 2710
62	92867	0.5	1	90266 2601
63	95128	0.5	1	92614 2514
64	91131	0.5	1	88721 2410
65	86559	0.5	1	84290 2269
66	92076	0.5	1	89698 2378
67	93309	0.5	1	90843 2466
68	86919	0.5	1	84623 2296
69	85492	0.5	1	83202 2290
70	85987	0.5	1	83748 2239
71	91854	0.5	1	89379 2475
72	89806	0.5	1	87526 2280
73	84281	0.5	1	81771 2510
74	92152	0.5	1	89261 2891
75	108486	0.5	1	103925 4561
76	221409	0.5	1	211477 9932
77	442925	0.5	1	430907 12018
78	187470	0.5	1	182662 4808
79	53583	0.5	1	52120 1463
80	21302	0.5	1	20724 578
81	12028	0.5	1	11660 368
82	8086	0.5	1	7803 283
83	5210	0.5	1	5028 182
84	5319	0.5	1	5117 202
85	5380	0.5	1	5196 184
86	4801	0.5	1	4649 152
87	3014	0.5	1	2911 103
88	2170	0.5	1	2060 110
89	1363	0.5	1	1310 53
90	875	0.5	1	840 35
91	714	0.5	1	679 35
92	533	0.5	1	503 30
93	445	0.5	1	426 19
94	364	0.5	1	335 29
95	267	0.5	1	249 18
96	237	0.5	1	208 29
97	204	0.5	1	179 25
98	176	0.5	1	155 21
99	135	0.5	1	115 20
100	108	0.5	1	97 11
101	109	0.5	1	99 10
102	93	0.5	1	85 8
103	93	0.5	1	76 17
104	83	0.5	1	75 8
105	51	0.5	1	42 9
106	68	0.5	1	60 8
107	64	0.5	1	56 8
108	42	0.5	1	34 8
109	49	0.5	1	29 20
110	31	0.5	1	22 9
111	15	0.5	1	13 2
112	15	0.5	1	9 6
113	25	0.5	1	3 22
114	18	0.5	1	4 14
115	14	0.5	1	0 14
116	15	0.5	1	1 14
117	10	0.5	1	1 9
118	23	0.5	1	1 22
119	14	0.5	1	1 13
120	13	0.5	1	2 11
121	19	0.5	1	1 18
122	27	0.5	1	4 23
123	10	0.5	1	3 7


RUN STATISTICS FOR INPUT FILE: P1234_1006_1.fastq.gz
=============================================
30839171 sequences processed in total

