
SUMMARISING RUN PARAMETERS
==========================
Input filename: P1234_1016_2.fastq.gz
Trimming mode: paired-end
Trim Galore version: 0.4.1
Cutadapt version: 1.9.1
Quality Phred score cutoff: 20
Quality encoding type selected: ASCII+33
Adapter sequence: 'AGATCGGAAGAGC' (Illumina TruSeq, Sanger iPCR; auto-detected)
Maximum trimming error rate: 0.1 (default)
Minimum required adapter overlap (stringency): 1 bp
Minimum required sequence length for both reads before a sequence pair gets removed: 20 bp
Output file will be GZIP compressed


This is cutadapt 1.9.1 with Python 2.7.6
Command line parameters: -f fastq -e 0.1 -q 20 -O 1 -a AGATCGGAAGAGC P1234_1016_2.fastq.gz
Trimming 1 adapter with at most 10.0% errors in single-end mode ...
Finished in 408.93 s (14 us/read; 4.14 M reads/minute).

=== Summary ===

Total reads processed:              28,242,306
Reads with adapters:                21,624,055 (76.6%)
Reads written (passing filters):    28,242,306 (100.0%)

Total basepairs processed: 3,473,803,638 bp
Quality-trimmed:              84,940,374 bp (2.4%)
Total written (filtered):  2,582,213,609 bp (74.3%)

=== Adapter 1 ===

Sequence: AGATCGGAAGAGC; Type: regular 3'; Length: 13; Trimmed: 21624055 times.

No. of allowed errors:
0-9 bp: 0; 10-13 bp: 1

Bases preceding removed adapters:
  A: 5.3%
  C: 64.5%
  G: 27.5%
  T: 2.7%
  none/other: 0.0%

Overview of removed sequences
length	count	expect	max.err	error counts
1	2353339	7060576.5	0	2353339
2	684786	1765144.1	0	684786
3	348166	441286.0	0	348166
4	227608	110321.5	0	227608
5	206178	27580.4	0	206178
6	213787	6895.1	0	213787
7	222112	1723.8	0	222112
8	201806	430.9	0	201806
9	237024	107.7	0	236534 490
10	227018	26.9	1	224536 2482
11	178979	6.7	1	176882 2097
12	265849	1.7	1	262970 2879
13	183346	0.4	1	180531 2815
14	288314	0.4	1	284206 4108
15	188080	0.4	1	185457 2623
16	215930	0.4	1	212952 2978
17	291818	0.4	1	288046 3772
18	167590	0.4	1	165112 2478
19	240512	0.4	1	237307 3205
20	228923	0.4	1	225771 3152
21	200704	0.4	1	197994 2710
22	236679	0.4	1	233342 3337
23	245853	0.4	1	242222 3631
24	253906	0.4	1	250077 3829
25	234149	0.4	1	230593 3556
26	255858	0.4	1	252162 3696
27	255351	0.4	1	251258 4093
28	298994	0.4	1	294811 4183
29	168333	0.4	1	165424 2909
30	418390	0.4	1	412591 5799
31	91314	0.4	1	89600 1714
32	292296	0.4	1	288545 3751
33	147387	0.4	1	145151 2236
34	252362	0.4	1	248792 3570
35	251475	0.4	1	247601 3874
36	523423	0.4	1	517268 6155
37	34862	0.4	1	33822 1040
38	269088	0.4	1	265778 3310
39	204539	0.4	1	201918 2621
40	188896	0.4	1	186635 2261
41	275213	0.4	1	272291 2922
42	197674	0.4	1	195203 2471
43	352595	0.4	1	348494 4101
44	162780	0.4	1	160594 2186
45	270601	0.4	1	266786 3815
46	297897	0.4	1	293868 4029
47	198544	0.4	1	195918 2626
48	177669	0.4	1	175313 2356
49	288480	0.4	1	285280 3200
50	163297	0.4	1	161104 2193
51	221305	0.4	1	218631 2674
52	191553	0.4	1	189023 2530
53	217902	0.4	1	215281 2621
54	247707	0.4	1	244978 2729
55	149558	0.4	1	147645 1913
56	201598	0.4	1	199122 2476
57	258724	0.4	1	255793 2931
58	214684	0.4	1	212561 2123
59	124558	0.4	1	123147 1411
60	188373	0.4	1	186507 1866
61	164054	0.4	1	162373 1681
62	175726	0.4	1	173871 1855
63	219126	0.4	1	216940 2186
64	158660	0.4	1	157070 1590
65	123151	0.4	1	121899 1252
66	161716	0.4	1	160098 1618
67	190402	0.4	1	188572 1830
68	121381	0.4	1	120096 1285
69	158099	0.4	1	156470 1629
70	171390	0.4	1	169699 1691
71	148451	0.4	1	146934 1517
72	156341	0.4	1	154811 1530
73	154094	0.4	1	152497 1597
74	158016	0.4	1	156312 1704
75	159203	0.4	1	157498 1705
76	153490	0.4	1	151900 1590
77	156864	0.4	1	155129 1735
78	168656	0.4	1	166722 1934
79	225407	0.4	1	221251 4156
80	1123372	0.4	1	1112455 10917
81	517087	0.4	1	510954 6133
82	188659	0.4	1	186235 2424
83	82435	0.4	1	81446 989
84	47083	0.4	1	46442 641
85	31572	0.4	1	31180 392
86	22534	0.4	1	22224 310
87	16987	0.4	1	16756 231
88	12870	0.4	1	12713 157
89	9912	0.4	1	9769 143
90	7149	0.4	1	7075 74
91	5860	0.4	1	5798 62
92	4807	0.4	1	4752 55
93	4209	0.4	1	4166 43
94	3486	0.4	1	3448 38
95	2797	0.4	1	2766 31
96	2558	0.4	1	2533 25
97	2430	0.4	1	2400 30
98	2760	0.4	1	2741 19
99	2652	0.4	1	2642 10
100	2121	0.4	1	2109 12
101	2468	0.4	1	2457 11
102	2702	0.4	1	2694 8
103	1656	0.4	1	1643 13
104	1002	0.4	1	985 17
105	714	0.4	1	704 10
106	770	0.4	1	760 10
107	544	0.4	1	537 7
108	338	0.4	1	332 6
109	209	0.4	1	205 4
110	98	0.4	1	94 4
111	64	0.4	1	59 5
112	51	0.4	1	45 6
113	25	0.4	1	23 2
114	25	0.4	1	20 5
115	12	0.4	1	12
116	10	0.4	1	8 2
117	13	0.4	1	8 5
118	6	0.4	1	6
119	10	0.4	1	7 3
120	8	0.4	1	3 5
121	11	0.4	1	8 3
122	10	0.4	1	4 6
123	6	0.4	1	3 3


RUN STATISTICS FOR INPUT FILE: P1234_1016_2.fastq.gz
=============================================
28242306 sequences processed in total

Total number of sequences analysed for the sequence pair length validation: 28242306

Number of sequence pairs removed because at least one read was shorter than the length cutoff (20 bp): 441146 (1.56%)
