
SUMMARISING RUN PARAMETERS
==========================
Input filename: P1234_1011_2.fastq.gz
Trimming mode: paired-end
Trim Galore version: 0.4.1
Cutadapt version: 1.9.1
Quality Phred score cutoff: 20
Quality encoding type selected: ASCII+33
Adapter sequence: 'AGATCGGAAGAGC' (Illumina TruSeq, Sanger iPCR; auto-detected)
Maximum trimming error rate: 0.1 (default)
Minimum required adapter overlap (stringency): 1 bp
Minimum required sequence length for both reads before a sequence pair gets removed: 20 bp
Output file will be GZIP compressed


This is cutadapt 1.9.1 with Python 2.7.6
Command line parameters: -f fastq -e 0.1 -q 20 -O 1 -a AGATCGGAAGAGC P1234_1011_2.fastq.gz
Trimming 1 adapter with at most 10.0% errors in single-end mode ...
Finished in 388.05 s (14 us/read; 4.33 M reads/minute).

=== Summary ===

Total reads processed:              27,988,897
Reads with adapters:                21,105,799 (75.4%)
Reads written (passing filters):    27,988,897 (100.0%)

Total basepairs processed: 3,442,634,331 bp
Quality-trimmed:              94,428,784 bp (2.7%)
Total written (filtered):  2,511,078,679 bp (72.9%)

=== Adapter 1 ===

Sequence: AGATCGGAAGAGC; Type: regular 3'; Length: 13; Trimmed: 21105799 times.

No. of allowed errors:
0-9 bp: 0; 10-13 bp: 1

Bases preceding removed adapters:
  A: 4.7%
  C: 65.0%
  G: 27.9%
  T: 2.3%
  none/other: 0.0%

Overview of removed sequences
length	count	expect	max.err	error counts
1	2066103	6997224.2	0	2066103
2	731797	1749306.1	0	731797
3	336610	437326.5	0	336610
4	200695	109331.6	0	200695
5	185130	27332.9	0	185130
6	192086	6833.2	0	192086
7	206574	1708.3	0	206574
8	178677	427.1	0	178677
9	212776	106.8	0	212222 554
10	211524	26.7	1	209197 2327
11	153226	6.7	1	151348 1878
12	242243	1.7	1	239428 2815
13	166514	0.4	1	163865 2649
14	272327	0.4	1	268468 3859
15	159039	0.4	1	156948 2091
16	190791	0.4	1	188181 2610
17	265311	0.4	1	261757 3554
18	137995	0.4	1	135824 2171
19	222217	0.4	1	219229 2988
20	201612	0.4	1	198898 2714
21	176083	0.4	1	173795 2288
22	211435	0.4	1	208431 3004
23	222624	0.4	1	219313 3311
24	232695	0.4	1	229146 3549
25	210291	0.4	1	207107 3184
26	238244	0.4	1	234805 3439
27	233082	0.4	1	229349 3733
28	271327	0.4	1	267474 3853
29	148925	0.4	1	146194 2731
30	394092	0.4	1	388667 5425
31	76299	0.4	1	74874 1425
32	265242	0.4	1	261679 3563
33	128102	0.4	1	126186 1916
34	227655	0.4	1	224376 3279
35	230788	0.4	1	227334 3454
36	490146	0.4	1	484504 5642
37	31688	0.4	1	30727 961
38	258792	0.4	1	255666 3126
39	183614	0.4	1	181273 2341
40	186607	0.4	1	184436 2171
41	272743	0.4	1	269737 3006
42	198813	0.4	1	196446 2367
43	344493	0.4	1	340392 4101
44	163017	0.4	1	160962 2055
45	256333	0.4	1	252657 3676
46	305423	0.4	1	301187 4236
47	197747	0.4	1	195320 2427
48	171244	0.4	1	168982 2262
49	262931	0.4	1	260021 2910
50	151958	0.4	1	149846 2112
51	208322	0.4	1	205797 2525
52	185801	0.4	1	183502 2299
53	208995	0.4	1	206548 2447
54	229957	0.4	1	227494 2463
55	143755	0.4	1	142031 1724
56	193006	0.4	1	190756 2250
57	245234	0.4	1	242689 2545
58	204324	0.4	1	202371 1953
59	119134	0.4	1	117893 1241
60	182656	0.4	1	180894 1762
61	154476	0.4	1	152920 1556
62	165559	0.4	1	163892 1667
63	209752	0.4	1	207745 2007
64	153132	0.4	1	151690 1442
65	125410	0.4	1	124191 1219
66	160391	0.4	1	158857 1534
67	192660	0.4	1	190985 1675
68	125429	0.4	1	124155 1274
69	160479	0.4	1	158947 1532
70	164377	0.4	1	162788 1589
71	141806	0.4	1	140497 1309
72	151429	0.4	1	149928 1501
73	151288	0.4	1	149902 1386
74	162140	0.4	1	160526 1614
75	165918	0.4	1	164271 1647
76	162201	0.4	1	160614 1587
77	173507	0.4	1	171762 1745
78	200621	0.4	1	198601 2020
79	277465	0.4	1	273087 4378
80	1477181	0.4	1	1465041 12140
81	650641	0.4	1	644105 6536
82	234777	0.4	1	232192 2585
83	104447	0.4	1	103302 1145
84	59889	0.4	1	59232 657
85	40853	0.4	1	40378 475
86	29794	0.4	1	29444 350
87	22587	0.4	1	22338 249
88	17668	0.4	1	17456 212
89	13642	0.4	1	13479 163
90	9776	0.4	1	9655 121
91	7780	0.4	1	7682 98
92	6590	0.4	1	6503 87
93	5141	0.4	1	5072 69
94	4226	0.4	1	4183 43
95	3110	0.4	1	3076 34
96	2974	0.4	1	2942 32
97	2588	0.4	1	2559 29
98	2717	0.4	1	2704 13
99	2493	0.4	1	2472 21
100	1997	0.4	1	1979 18
101	2118	0.4	1	2102 16
102	2520	0.4	1	2509 11
103	1562	0.4	1	1546 16
104	939	0.4	1	921 18
105	649	0.4	1	642 7
106	710	0.4	1	700 10
107	504	0.4	1	490 14
108	356	0.4	1	345 11
109	239	0.4	1	222 17
110	120	0.4	1	112 8
111	72	0.4	1	71 1
112	81	0.4	1	79 2
113	44	0.4	1	38 6
114	27	0.4	1	21 6
115	10	0.4	1	8 2
116	8	0.4	1	6 2
117	8	0.4	1	5 3
118	14	0.4	1	10 4
119	17	0.4	1	16 1
120	12	0.4	1	9 3
121	11	0.4	1	6 5
122	1	0.4	1	1
123	2	0.4	1	1 1


RUN STATISTICS FOR INPUT FILE: P1234_1011_2.fastq.gz
=============================================
27988897 sequences processed in total

Total number of sequences analysed for the sequence pair length validation: 27988897

Number of sequence pairs removed because at least one read was shorter than the length cutoff (20 bp): 511558 (1.83%)
