
SUMMARISING RUN PARAMETERS
==========================
Input filename: P1234_1015_2.fastq.gz
Trimming mode: paired-end
Trim Galore version: 0.4.1
Cutadapt version: 1.9.1
Quality Phred score cutoff: 20
Quality encoding type selected: ASCII+33
Adapter sequence: 'AGATCGGAAGAGC' (Illumina TruSeq, Sanger iPCR; auto-detected)
Maximum trimming error rate: 0.1 (default)
Minimum required adapter overlap (stringency): 1 bp
Minimum required sequence length for both reads before a sequence pair gets removed: 20 bp
Output file will be GZIP compressed


This is cutadapt 1.9.1 with Python 2.7.6
Command line parameters: -f fastq -e 0.1 -q 20 -O 1 -a AGATCGGAAGAGC P1234_1015_2.fastq.gz
Trimming 1 adapter with at most 10.0% errors in single-end mode ...
Finished in 192.26 s (15 us/read; 4.12 M reads/minute).

=== Summary ===

Total reads processed:              13,216,614
Reads with adapters:                 9,843,027 (74.5%)
Reads written (passing filters):    13,216,614 (100.0%)

Total basepairs processed: 1,625,643,522 bp
Quality-trimmed:              35,126,508 bp (2.2%)
Total written (filtered):  1,242,914,746 bp (76.5%)

=== Adapter 1 ===

Sequence: AGATCGGAAGAGC; Type: regular 3'; Length: 13; Trimmed: 9843027 times.

No. of allowed errors:
0-9 bp: 0; 10-13 bp: 1

Bases preceding removed adapters:
  A: 5.8%
  C: 63.0%
  G: 28.3%
  T: 2.9%
  none/other: 0.0%

Overview of removed sequences
length	count	expect	max.err	error counts
1	1171856	3304153.5	0	1171856
2	346491	826038.4	0	346491
3	173094	206509.6	0	173094
4	111987	51627.4	0	111987
5	101191	12906.8	0	101191
6	104404	3226.7	0	104404
7	108154	806.7	0	108154
8	98728	201.7	0	98728
9	114108	50.4	0	113849 259
10	111856	12.6	1	110646 1210
11	85934	3.2	1	84891 1043
12	127978	0.8	1	126566 1412
13	87121	0.2	1	85771 1350
14	137569	0.2	1	135653 1916
15	89257	0.2	1	88107 1150
16	103317	0.2	1	101941 1376
17	139574	0.2	1	137800 1774
18	78455	0.2	1	77336 1119
19	115335	0.2	1	113811 1524
20	108933	0.2	1	107396 1537
21	95711	0.2	1	94495 1216
22	112083	0.2	1	110539 1544
23	117006	0.2	1	115289 1717
24	119510	0.2	1	117731 1779
25	110919	0.2	1	109279 1640
26	120572	0.2	1	118910 1662
27	119859	0.2	1	118012 1847
28	140332	0.2	1	138331 2001
29	78004	0.2	1	76677 1327
30	195852	0.2	1	193207 2645
31	41362	0.2	1	40561 801
32	135248	0.2	1	133491 1757
33	68584	0.2	1	67604 980
34	116130	0.2	1	114530 1600
35	115060	0.2	1	113398 1662
36	237437	0.2	1	234618 2819
37	15985	0.2	1	15498 487
38	121475	0.2	1	119964 1511
39	93798	0.2	1	92625 1173
40	87663	0.2	1	86611 1052
41	125655	0.2	1	124240 1415
42	89570	0.2	1	88479 1091
43	161238	0.2	1	159457 1781
44	72841	0.2	1	71921 920
45	121175	0.2	1	119538 1637
46	134709	0.2	1	132887 1822
47	87783	0.2	1	86721 1062
48	79627	0.2	1	78622 1005
49	131079	0.2	1	129605 1474
50	70455	0.2	1	69510 945
51	99744	0.2	1	98531 1213
52	84493	0.2	1	83448 1045
53	96137	0.2	1	94985 1152
54	107347	0.2	1	106069 1278
55	68223	0.2	1	67346 877
56	88873	0.2	1	87835 1038
57	112091	0.2	1	110732 1359
58	97354	0.2	1	96452 902
59	53073	0.2	1	52469 604
60	81925	0.2	1	81093 832
61	71024	0.2	1	70310 714
62	75603	0.2	1	74785 818
63	92604	0.2	1	91694 910
64	69280	0.2	1	68627 653
65	53081	0.2	1	52517 564
66	70655	0.2	1	69915 740
67	82162	0.2	1	81398 764
68	51591	0.2	1	51021 570
69	67613	0.2	1	66951 662
70	73638	0.2	1	72860 778
71	62712	0.2	1	62060 652
72	65419	0.2	1	64725 694
73	65814	0.2	1	65143 671
74	66569	0.2	1	65843 726
75	66220	0.2	1	65534 686
76	62776	0.2	1	62077 699
77	64596	0.2	1	63864 732
78	68726	0.2	1	67910 816
79	89224	0.2	1	87570 1654
80	427377	0.2	1	423121 4256
81	199020	0.2	1	196582 2438
82	72764	0.2	1	71809 955
83	31866	0.2	1	31421 445
84	17966	0.2	1	17734 232
85	11852	0.2	1	11714 138
86	8407	0.2	1	8298 109
87	6420	0.2	1	6349 71
88	4767	0.2	1	4707 60
89	3685	0.2	1	3641 44
90	2708	0.2	1	2673 35
91	2091	0.2	1	2063 28
92	1784	0.2	1	1770 14
93	1506	0.2	1	1492 14
94	1243	0.2	1	1229 14
95	952	0.2	1	937 15
96	902	0.2	1	895 7
97	820	0.2	1	816 4
98	878	0.2	1	871 7
99	927	0.2	1	916 11
100	727	0.2	1	724 3
101	870	0.2	1	867 3
102	951	0.2	1	944 7
103	570	0.2	1	563 7
104	367	0.2	1	365 2
105	255	0.2	1	252 3
106	274	0.2	1	269 5
107	160	0.2	1	158 2
108	104	0.2	1	100 4
109	56	0.2	1	52 4
110	37	0.2	1	36 1
111	18	0.2	1	16 2
112	21	0.2	1	20 1
113	8	0.2	1	5 3
114	7	0.2	1	3 4
115	2	0.2	1	2
116	4	0.2	1	2 2
117	3	0.2	1	1 2
118	6	0.2	1	3 3
119	8	0.2	1	2 6
120	4	0.2	1	3 1
121	4	0.2	1	2 2
122	4	0.2	1	2 2
123	1	0.2	1	1


RUN STATISTICS FOR INPUT FILE: P1234_1015_2.fastq.gz
=============================================
13216614 sequences processed in total

Total number of sequences analysed for the sequence pair length validation: 13216614

Number of sequence pairs removed because at least one read was shorter than the length cutoff (20 bp): 157299 (1.19%)
