
SUMMARISING RUN PARAMETERS
==========================
Input filename: P1234_1013_1.fastq.gz
Trimming mode: paired-end
Trim Galore version: 0.4.1
Cutadapt version: 1.9.1
Quality Phred score cutoff: 20
Quality encoding type selected: ASCII+33
Adapter sequence: 'AGATCGGAAGAGC' (Illumina TruSeq, Sanger iPCR; auto-detected)
Maximum trimming error rate: 0.1 (default)
Minimum required adapter overlap (stringency): 1 bp
Minimum required sequence length for both reads before a sequence pair gets removed: 20 bp
Output file will be GZIP compressed


This is cutadapt 1.9.1 with Python 2.7.6
Command line parameters: -f fastq -e 0.1 -q 20 -O 1 -a AGATCGGAAGAGC P1234_1013_1.fastq.gz
Trimming 1 adapter with at most 10.0% errors in single-end mode ...
Finished in 907.87 s (15 us/read; 3.90 M reads/minute).

=== Summary ===

Total reads processed:              59,012,592
Reads with adapters:                37,913,167 (64.2%)
Reads written (passing filters):    59,012,592 (100.0%)

Total basepairs processed: 7,258,548,816 bp
Quality-trimmed:              89,352,383 bp (1.2%)
Total written (filtered):  6,273,599,805 bp (86.4%)

=== Adapter 1 ===

Sequence: AGATCGGAAGAGC; Type: regular 3'; Length: 13; Trimmed: 37913167 times.

No. of allowed errors:
0-9 bp: 0; 10-13 bp: 1

Bases preceding removed adapters:
  A: 31.0%
  C: 33.2%
  G: 21.2%
  T: 14.6%
  none/other: 0.0%

Overview of removed sequences
length	count	expect	max.err	error counts
1	9261506	14753148.0	0	9261506
2	2791587	3688287.0	0	2791587
3	1289323	922071.8	0	1289323
4	615218	230517.9	0	615218
5	456434	57629.5	0	456434
6	449851	14407.4	0	449851
7	429834	3601.8	0	429834
8	424002	900.5	0	424002
9	469999	225.1	0	468417 1582
10	435475	56.3	1	426806 8669
11	384337	14.1	1	370429 13908
12	446797	3.5	1	403686 43111
13	415010	0.9	1	114112 300898
14	432606	0.9	1	98228 334378
15	403705	0.9	1	111860 291845
16	407326	0.9	1	88393 318933
17	406352	0.9	1	112356 293996
18	388733	0.9	1	85119 303614
19	421139	0.9	1	93884 327255
20	380099	0.9	1	106238 273861
21	408828	0.9	1	113749 295079
22	363798	0.9	1	81836 281962
23	390055	0.9	1	110796 279259
24	406538	0.9	1	96778 309760
25	380121	0.9	1	124450 255671
26	368252	0.9	1	362848 5404
27	372744	0.9	1	365865 6879
28	384263	0.9	1	376926 7337
29	363006	0.9	1	355866 7140
30	350051	0.9	1	343590 6461
31	358790	0.9	1	351823 6967
32	360964	0.9	1	354005 6959
33	316383	0.9	1	310417 5966
34	429891	0.9	1	420826 9065
35	497528	0.9	1	487248 10280
36	550499	0.9	1	540555 9944
37	453559	0.9	1	444658 8901
38	299398	0.9	1	293877 5521
39	377983	0.9	1	370726 7257
40	335985	0.9	1	330245 5740
41	379681	0.9	1	373530 6151
42	441194	0.9	1	434270 6924
43	807838	0.9	1	797763 10075
44	259149	0.9	1	255746 3403
45	183874	0.9	1	181050 2824
46	218481	0.9	1	215365 3116
47	274682	0.9	1	270863 3819
48	234554	0.9	1	231111 3443
49	260899	0.9	1	256538 4361
50	220439	0.9	1	216452 3987
51	252259	0.9	1	247564 4695
52	222739	0.9	1	218690 4049
53	235829	0.9	1	231426 4403
54	225085	0.9	1	220652 4433
55	220166	0.9	1	216000 4166
56	186413	0.9	1	182955 3458
57	196359	0.9	1	192780 3579
58	197226	0.9	1	193835 3391
59	204525	0.9	1	201223 3302
60	171030	0.9	1	168247 2783
61	175726	0.9	1	172803 2923
62	161783	0.9	1	159353 2430
63	175002	0.9	1	172604 2398
64	166498	0.9	1	164198 2300
65	154428	0.9	1	152248 2180
66	157164	0.9	1	155061 2103
67	156440	0.9	1	154433 2007
68	146268	0.9	1	144277 1991
69	142533	0.9	1	140534 1999
70	138937	0.9	1	137092 1845
71	140924	0.9	1	138988 1936
72	139004	0.9	1	137051 1953
73	143036	0.9	1	140618 2418
74	162467	0.9	1	159609 2858
75	195366	0.9	1	191159 4207
76	408388	0.9	1	399231 9157
77	802564	0.9	1	787546 15018
78	279965	0.9	1	274896 5069
79	80145	0.9	1	78626 1519
80	33092	0.9	1	32477 615
81	21444	0.9	1	21021 423
82	14933	0.9	1	14594 339
83	9779	0.9	1	9534 245
84	8674	0.9	1	8488 186
85	6331	0.9	1	6165 166
86	4649	0.9	1	4522 127
87	3173	0.9	1	3080 93
88	2713	0.9	1	2610 103
89	2109	0.9	1	2035 74
90	1499	0.9	1	1436 63
91	1312	0.9	1	1242 70
92	1011	0.9	1	958 53
93	856	0.9	1	826 30
94	650	0.9	1	612 38
95	492	0.9	1	454 38
96	446	0.9	1	394 52
97	336	0.9	1	306 30
98	347	0.9	1	304 43
99	286	0.9	1	249 37
100	225	0.9	1	197 28
101	211	0.9	1	182 29
102	211	0.9	1	181 30
103	158	0.9	1	127 31
104	149	0.9	1	127 22
105	110	0.9	1	93 17
106	108	0.9	1	85 23
107	109	0.9	1	86 23
108	112	0.9	1	72 40
109	76	0.9	1	55 21
110	55	0.9	1	42 13
111	38	0.9	1	17 21
112	48	0.9	1	11 37
113	57	0.9	1	11 46
114	29	0.9	1	2 27
115	30	0.9	1	0 30
116	37	0.9	1	0 37
117	55	0.9	1	5 50
118	39	0.9	1	1 38
119	17	0.9	1	2 15
120	33	0.9	1	3 30
121	37	0.9	1	3 34
122	34	0.9	1	1 33
123	28	0.9	1	3 25


RUN STATISTICS FOR INPUT FILE: P1234_1013_1.fastq.gz
=============================================
59012592 sequences processed in total

