
SUMMARISING RUN PARAMETERS
==========================
Input filename: P1234_1005_2.fastq.gz
Trimming mode: paired-end
Trim Galore version: 0.4.1
Cutadapt version: 1.9.1
Quality Phred score cutoff: 20
Quality encoding type selected: ASCII+33
Adapter sequence: 'AGATCGGAAGAGC' (Illumina TruSeq, Sanger iPCR; auto-detected)
Maximum trimming error rate: 0.1 (default)
Minimum required adapter overlap (stringency): 1 bp
Minimum required sequence length for both reads before a sequence pair gets removed: 20 bp
Output file will be GZIP compressed


This is cutadapt 1.9.1 with Python 2.7.6
Command line parameters: -f fastq -e 0.1 -q 20 -O 1 -a AGATCGGAAGAGC P1234_1005_2.fastq.gz
Trimming 1 adapter with at most 10.0% errors in single-end mode ...
Finished in 433.91 s (13 us/read; 4.67 M reads/minute).

=== Summary ===

Total reads processed:              33,756,772
Reads with adapters:                19,793,478 (58.6%)
Reads written (passing filters):    33,756,772 (100.0%)

Total basepairs processed: 4,152,082,956 bp
Quality-trimmed:              71,963,975 bp (1.7%)
Total written (filtered):  3,492,762,506 bp (84.1%)

=== Adapter 1 ===

Sequence: AGATCGGAAGAGC; Type: regular 3'; Length: 13; Trimmed: 19793478 times.

No. of allowed errors:
0-9 bp: 0; 10-13 bp: 1

Bases preceding removed adapters:
  A: 7.5%
  C: 61.4%
  G: 26.5%
  T: 4.6%
  none/other: 0.0%

Overview of removed sequences
length	count	expect	max.err	error counts
1	3537121	8439193.0	0	3537121
2	1281014	2109798.2	0	1281014
3	466529	527449.6	0	466529
4	275336	131862.4	0	275336
5	224507	32965.6	0	224507
6	219812	8241.4	0	219812
7	229812	2060.3	0	229812
8	197218	515.1	0	197218
9	210618	128.8	0	210102 516
10	233825	32.2	1	231854 1971
11	151985	8.0	1	150366 1619
12	258029	2.0	1	255657 2372
13	179106	0.5	1	176832 2274
14	301089	0.5	1	297655 3434
15	179428	0.5	1	177298 2130
16	206390	0.5	1	203916 2474
17	281060	0.5	1	277874 3186
18	133735	0.5	1	131924 1811
19	224721	0.5	1	222064 2657
20	220318	0.5	1	217863 2455
21	173257	0.5	1	171233 2024
22	194539	0.5	1	192214 2325
23	206756	0.5	1	204218 2538
24	249030	0.5	1	245699 3331
25	162845	0.5	1	160772 2073
26	211133	0.5	1	208710 2423
27	205686	0.5	1	203154 2532
28	249561	0.5	1	246752 2809
29	140112	0.5	1	138256 1856
30	311923	0.5	1	308497 3426
31	91056	0.5	1	89760 1296
32	181011	0.5	1	178957 2054
33	167257	0.5	1	165259 1998
34	177931	0.5	1	175818 2113
35	207378	0.5	1	204808 2570
36	315383	0.5	1	311659 3724
37	195768	0.5	1	193244 2524
38	188952	0.5	1	186878 2074
39	184962	0.5	1	182796 2166
40	202451	0.5	1	200276 2175
41	216240	0.5	1	214016 2224
42	277789	0.5	1	274941 2848
43	319823	0.5	1	316807 3016
44	202166	0.5	1	200027 2139
45	196737	0.5	1	194355 2382
46	254418	0.5	1	251576 2842
47	175103	0.5	1	173157 1946
48	140295	0.5	1	138671 1624
49	213843	0.5	1	211725 2118
50	118002	0.5	1	116649 1353
51	164422	0.5	1	162751 1671
52	128604	0.5	1	127166 1438
53	150234	0.5	1	148619 1615
54	168713	0.5	1	167028 1685
55	95799	0.5	1	94680 1119
56	136776	0.5	1	135322 1454
57	177072	0.5	1	175388 1684
58	157793	0.5	1	156508 1285
59	78044	0.5	1	77225 819
60	140147	0.5	1	138921 1226
61	110697	0.5	1	109691 1006
62	117023	0.5	1	115915 1108
63	149344	0.5	1	148054 1290
64	106451	0.5	1	105492 959
65	86733	0.5	1	85875 858
66	113774	0.5	1	112802 972
67	131236	0.5	1	130138 1098
68	90342	0.5	1	89523 819
69	109789	0.5	1	108831 958
70	116493	0.5	1	115473 1020
71	112428	0.5	1	111384 1044
72	113839	0.5	1	112810 1029
73	102909	0.5	1	101970 939
74	101043	0.5	1	100061 982
75	97103	0.5	1	96171 932
76	90349	0.5	1	89510 839
77	91536	0.5	1	90686 850
78	100747	0.5	1	99715 1032
79	123879	0.5	1	121605 2274
80	627325	0.5	1	621807 5518
81	283115	0.5	1	280114 3001
82	108151	0.5	1	106952 1199
83	48956	0.5	1	48382 574
84	30282	0.5	1	29945 337
85	19679	0.5	1	19447 232
86	15092	0.5	1	14924 168
87	11633	0.5	1	11494 139
88	8576	0.5	1	8472 104
89	6563	0.5	1	6492 71
90	4676	0.5	1	4623 53
91	3566	0.5	1	3507 59
92	2881	0.5	1	2837 44
93	2260	0.5	1	2243 17
94	2088	0.5	1	2070 18
95	1436	0.5	1	1417 19
96	1240	0.5	1	1220 20
97	1126	0.5	1	1116 10
98	1234	0.5	1	1215 19
99	1160	0.5	1	1144 16
100	905	0.5	1	895 10
101	1104	0.5	1	1096 8
102	1210	0.5	1	1197 13
103	755	0.5	1	745 10
104	488	0.5	1	477 11
105	351	0.5	1	335 16
106	429	0.5	1	391 38
107	275	0.5	1	265 10
108	182	0.5	1	172 10
109	103	0.5	1	97 6
110	67	0.5	1	59 8
111	42	0.5	1	31 11
112	23	0.5	1	19 4
113	22	0.5	1	16 6
114	13	0.5	1	10 3
115	8	0.5	1	5 3
116	20	0.5	1	8 12
117	13	0.5	1	5 8
118	4	0.5	1	2 2
119	14	0.5	1	9 5
120	15	0.5	1	10 5
121	4	0.5	1	4
122	10	0.5	1	8 2
123	3	0.5	1	3


RUN STATISTICS FOR INPUT FILE: P1234_1005_2.fastq.gz
=============================================
33756772 sequences processed in total

Total number of sequences analysed for the sequence pair length validation: 33756772

Number of sequence pairs removed because at least one read was shorter than the length cutoff (20 bp): 353796 (1.05%)
