
SUMMARISING RUN PARAMETERS
==========================
Input filename: P1234_1004_2.fastq.gz
Trimming mode: paired-end
Trim Galore version: 0.4.1
Cutadapt version: 1.9.1
Quality Phred score cutoff: 20
Quality encoding type selected: ASCII+33
Adapter sequence: 'AGATCGGAAGAGC' (Illumina TruSeq, Sanger iPCR; auto-detected)
Maximum trimming error rate: 0.1 (default)
Minimum required adapter overlap (stringency): 1 bp
Minimum required sequence length for both reads before a sequence pair gets removed: 20 bp
Output file will be GZIP compressed


This is cutadapt 1.9.1 with Python 2.7.6
Command line parameters: -f fastq -e 0.1 -q 20 -O 1 -a AGATCGGAAGAGC P1234_1004_2.fastq.gz
Trimming 1 adapter with at most 10.0% errors in single-end mode ...
Finished in 464.95 s (15 us/read; 4.03 M reads/minute).

=== Summary ===

Total reads processed:              31,194,060
Reads with adapters:                16,606,122 (53.2%)
Reads written (passing filters):    31,194,060 (100.0%)

Total basepairs processed: 3,836,869,380 bp
Quality-trimmed:              69,371,933 bp (1.8%)
Total written (filtered):  3,329,244,233 bp (86.8%)

=== Adapter 1 ===

Sequence: AGATCGGAAGAGC; Type: regular 3'; Length: 13; Trimmed: 16606122 times.

No. of allowed errors:
0-9 bp: 0; 10-13 bp: 1

Bases preceding removed adapters:
  A: 9.2%
  C: 59.6%
  G: 25.5%
  T: 5.6%
  none/other: 0.0%

Overview of removed sequences
length	count	expect	max.err	error counts
1	3596803	7798515.0	0	3596803
2	1248180	1949628.8	0	1248180
3	441543	487407.2	0	441543
4	247674	121851.8	0	247674
5	199182	30462.9	0	199182
6	195653	7615.7	0	195653
7	204853	1903.9	0	204853
8	175099	476.0	0	175099
9	185571	119.0	0	185086 485
10	206664	29.7	1	204817 1847
11	131669	7.4	1	130261 1408
12	222232	1.9	1	220195 2037
13	152975	0.5	1	151075 1900
14	259956	0.5	1	256949 3007
15	149866	0.5	1	148050 1816
16	175662	0.5	1	173593 2069
17	238103	0.5	1	235557 2546
18	110772	0.5	1	109317 1455
19	188183	0.5	1	185987 2196
20	179924	0.5	1	177987 1937
21	144622	0.5	1	143028 1594
22	161175	0.5	1	159369 1806
23	168692	0.5	1	166628 2064
24	203612	0.5	1	201096 2516
25	133027	0.5	1	131386 1641
26	171317	0.5	1	169422 1895
27	164060	0.5	1	161943 2117
28	201074	0.5	1	198860 2214
29	112276	0.5	1	110726 1550
30	253430	0.5	1	250823 2607
31	70963	0.5	1	69887 1076
32	144500	0.5	1	142862 1638
33	130797	0.5	1	129349 1448
34	140908	0.5	1	139195 1713
35	164198	0.5	1	162165 2033
36	244785	0.5	1	241911 2874
37	153985	0.5	1	151957 2028
38	146537	0.5	1	144829 1708
39	145497	0.5	1	143834 1663
40	155660	0.5	1	154011 1649
41	165607	0.5	1	163954 1653
42	212080	0.5	1	209956 2124
43	236987	0.5	1	234741 2246
44	155270	0.5	1	153672 1598
45	148073	0.5	1	146293 1780
46	185987	0.5	1	183899 2088
47	138375	0.5	1	136854 1521
48	107250	0.5	1	105994 1256
49	162595	0.5	1	160998 1597
50	91795	0.5	1	90749 1046
51	124195	0.5	1	123015 1180
52	96862	0.5	1	95754 1108
53	111264	0.5	1	110116 1148
54	124581	0.5	1	123455 1126
55	69886	0.5	1	69123 763
56	100126	0.5	1	99085 1041
57	131040	0.5	1	129773 1267
58	111933	0.5	1	110952 981
59	57444	0.5	1	56858 586
60	100571	0.5	1	99705 866
61	79584	0.5	1	78870 714
62	83868	0.5	1	83077 791
63	106675	0.5	1	105747 928
64	73676	0.5	1	73050 626
65	62006	0.5	1	61429 577
66	80263	0.5	1	79550 713
67	91313	0.5	1	90493 820
68	62912	0.5	1	62300 612
69	76953	0.5	1	76251 702
70	81577	0.5	1	80846 731
71	79199	0.5	1	78546 653
72	78749	0.5	1	78072 677
73	71010	0.5	1	70377 633
74	69530	0.5	1	68853 677
75	67712	0.5	1	67079 633
76	61351	0.5	1	60803 548
77	62485	0.5	1	61921 564
78	68770	0.5	1	68065 705
79	84045	0.5	1	82649 1396
80	422516	0.5	1	418839 3677
81	193074	0.5	1	191117 1957
82	75022	0.5	1	74234 788
83	34689	0.5	1	34297 392
84	21432	0.5	1	21196 236
85	14063	0.5	1	13901 162
86	10722	0.5	1	10619 103
87	8458	0.5	1	8362 96
88	6102	0.5	1	6034 68
89	4682	0.5	1	4615 67
90	3506	0.5	1	3465 41
91	2639	0.5	1	2586 53
92	2095	0.5	1	2060 35
93	1683	0.5	1	1665 18
94	1489	0.5	1	1476 13
95	1005	0.5	1	996 9
96	934	0.5	1	930 4
97	736	0.5	1	731 5
98	912	0.5	1	903 9
99	850	0.5	1	831 19
100	608	0.5	1	599 9
101	735	0.5	1	725 10
102	896	0.5	1	873 23
103	542	0.5	1	527 15
104	334	0.5	1	319 15
105	256	0.5	1	237 19
106	266	0.5	1	256 10
107	196	0.5	1	187 9
108	97	0.5	1	92 5
109	76	0.5	1	75 1
110	37	0.5	1	34 3
111	43	0.5	1	26 17
112	42	0.5	1	31 11
113	15	0.5	1	10 5
114	10	0.5	1	8 2
115	6	0.5	1	1 5
116	6	0.5	1	1 5
117	23	0.5	1	2 21
118	12	0.5	1	1 11
119	12	0.5	1	3 9
120	4	0.5	1	2 2
121	11	0.5	1	3 8
122	7	0.5	1	5 2
123	1	0.5	1	1


RUN STATISTICS FOR INPUT FILE: P1234_1004_2.fastq.gz
=============================================
31194060 sequences processed in total

Total number of sequences analysed for the sequence pair length validation: 31194060

Number of sequence pairs removed because at least one read was shorter than the length cutoff (20 bp): 326395 (1.05%)
