
SUMMARISING RUN PARAMETERS
==========================
Input filename: P1234_1010_2.fastq.gz
Trimming mode: paired-end
Trim Galore version: 0.4.1
Cutadapt version: 1.9.1
Quality Phred score cutoff: 20
Quality encoding type selected: ASCII+33
Adapter sequence: 'AGATCGGAAGAGC' (Illumina TruSeq, Sanger iPCR; auto-detected)
Maximum trimming error rate: 0.1 (default)
Minimum required adapter overlap (stringency): 1 bp
Minimum required sequence length for both reads before a sequence pair gets removed: 20 bp
Output file will be GZIP compressed


This is cutadapt 1.9.1 with Python 2.7.6
Command line parameters: -f fastq -e 0.1 -q 20 -O 1 -a AGATCGGAAGAGC P1234_1010_2.fastq.gz
Trimming 1 adapter with at most 10.0% errors in single-end mode ...
Finished in 166.71 s (15 us/read; 4.09 M reads/minute).

=== Summary ===

Total reads processed:              11,357,451
Reads with adapters:                 8,493,873 (74.8%)
Reads written (passing filters):    11,357,451 (100.0%)

Total basepairs processed: 1,396,966,473 bp
Quality-trimmed:              34,805,090 bp (2.5%)
Total written (filtered):  1,049,655,349 bp (75.1%)

=== Adapter 1 ===

Sequence: AGATCGGAAGAGC; Type: regular 3'; Length: 13; Trimmed: 8493873 times.

No. of allowed errors:
0-9 bp: 0; 10-13 bp: 1

Bases preceding removed adapters:
  A: 6.2%
  C: 63.4%
  G: 27.1%
  T: 3.3%
  none/other: 0.1%

Overview of removed sequences
length	count	expect	max.err	error counts
1	1050192	2839362.8	0	1050192
2	305646	709840.7	0	305646
3	139341	177460.2	0	139341
4	88659	44365.0	0	88659
5	79779	11091.3	0	79779
6	74614	2772.8	0	74614
7	75976	693.2	0	75976
8	68889	173.3	0	68889
9	78027	43.3	0	77827 200
10	80641	10.8	1	79897 744
11	56800	2.7	1	56139 661
12	96186	0.7	1	95257 929
13	60844	0.2	1	59976 868
14	100466	0.2	1	99158 1308
15	62966	0.2	1	62146 820
16	73497	0.2	1	72540 957
17	98140	0.2	1	96961 1179
18	49816	0.2	1	49081 735
19	78848	0.2	1	77859 989
20	75177	0.2	1	74206 971
21	60955	0.2	1	60191 764
22	77350	0.2	1	76297 1053
23	86878	0.2	1	85677 1201
24	104294	0.2	1	102850 1444
25	67225	0.2	1	66312 913
26	90459	0.2	1	89407 1052
27	83722	0.2	1	82507 1215
28	98558	0.2	1	97304 1254
29	54569	0.2	1	53701 868
30	129213	0.2	1	127633 1580
31	40197	0.2	1	39483 714
32	92604	0.2	1	91467 1137
33	83030	0.2	1	81931 1099
34	93834	0.2	1	92631 1203
35	125033	0.2	1	123405 1628
36	236168	0.2	1	233452 2716
37	111662	0.2	1	110206 1456
38	119634	0.2	1	118303 1331
39	100168	0.2	1	98960 1208
40	98863	0.2	1	97742 1121
41	108302	0.2	1	107158 1144
42	142189	0.2	1	140698 1491
43	183827	0.2	1	182045 1782
44	111232	0.2	1	110003 1229
45	105785	0.2	1	104410 1375
46	112442	0.2	1	111039 1403
47	78090	0.2	1	77103 987
48	69287	0.2	1	68413 874
49	105981	0.2	1	104921 1060
50	59829	0.2	1	59123 706
51	88842	0.2	1	87945 897
52	69939	0.2	1	69191 748
53	81721	0.2	1	80832 889
54	88505	0.2	1	87636 869
55	48330	0.2	1	47712 618
56	69667	0.2	1	68932 735
57	91576	0.2	1	90663 913
58	81698	0.2	1	80953 745
59	40254	0.2	1	39809 445
60	79856	0.2	1	79134 722
61	60123	0.2	1	59583 540
62	59675	0.2	1	59084 591
63	79179	0.2	1	78423 756
64	53343	0.2	1	52864 479
65	42622	0.2	1	42205 417
66	54162	0.2	1	53673 489
67	64119	0.2	1	63524 595
68	46413	0.2	1	45993 420
69	55019	0.2	1	54486 533
70	61893	0.2	1	61275 618
71	63307	0.2	1	62691 616
72	64761	0.2	1	64159 602
73	58480	0.2	1	57947 533
74	73373	0.2	1	72633 740
75	54149	0.2	1	53643 506
76	52630	0.2	1	52073 557
77	50387	0.2	1	49855 532
78	59389	0.2	1	58651 738
79	77639	0.2	1	74852 2787
80	433245	0.2	1	428517 4728
81	185558	0.2	1	183279 2279
82	71139	0.2	1	70249 890
83	29353	0.2	1	28982 371
84	17474	0.2	1	17241 233
85	11496	0.2	1	11361 135
86	8888	0.2	1	8755 133
87	6838	0.2	1	6758 80
88	5307	0.2	1	5233 74
89	4044	0.2	1	3998 46
90	3048	0.2	1	3003 45
91	2452	0.2	1	2420 32
92	1882	0.2	1	1857 25
93	1706	0.2	1	1682 24
94	1489	0.2	1	1459 30
95	1136	0.2	1	1124 12
96	1118	0.2	1	1110 8
97	1070	0.2	1	1063 7
98	1231	0.2	1	1223 8
99	1101	0.2	1	1094 7
100	961	0.2	1	952 9
101	1058	0.2	1	1051 7
102	1481	0.2	1	1472 9
103	923	0.2	1	913 10
104	649	0.2	1	643 6
105	387	0.2	1	385 2
106	620	0.2	1	617 3
107	378	0.2	1	373 5
108	217	0.2	1	214 3
109	158	0.2	1	154 4
110	107	0.2	1	104 3
111	76	0.2	1	67 9
112	46	0.2	1	41 5
113	34	0.2	1	32 2
114	33	0.2	1	30 3
115	22	0.2	1	18 4
116	23	0.2	1	23
117	15	0.2	1	14 1
118	37	0.2	1	18 19
119	19	0.2	1	13 6
120	23	0.2	1	19 4
121	25	0.2	1	21 4
122	44	0.2	1	42 2
123	27	0.2	1	21 6


RUN STATISTICS FOR INPUT FILE: P1234_1010_2.fastq.gz
=============================================
11357451 sequences processed in total

Total number of sequences analysed for the sequence pair length validation: 11357451

Number of sequence pairs removed because at least one read was shorter than the length cutoff (20 bp): 229517 (2.02%)
