
SUMMARISING RUN PARAMETERS
==========================
Input filename: P1234_1008_1.fastq.gz
Trimming mode: paired-end
Trim Galore version: 0.4.1
Cutadapt version: 1.9.1
Quality Phred score cutoff: 20
Quality encoding type selected: ASCII+33
Adapter sequence: 'AGATCGGAAGAGC' (Illumina TruSeq, Sanger iPCR; auto-detected)
Maximum trimming error rate: 0.1 (default)
Minimum required adapter overlap (stringency): 1 bp
Minimum required sequence length for both reads before a sequence pair gets removed: 20 bp
Output file will be GZIP compressed


This is cutadapt 1.9.1 with Python 2.7.6
Command line parameters: -f fastq -e 0.1 -q 20 -O 1 -a AGATCGGAAGAGC P1234_1008_1.fastq.gz
Trimming 1 adapter with at most 10.0% errors in single-end mode ...
Finished in 240.71 s (14 us/read; 4.17 M reads/minute).

=== Summary ===

Total reads processed:              16,710,354
Reads with adapters:                14,953,118 (89.5%)
Reads written (passing filters):    16,710,354 (100.0%)

Total basepairs processed: 2,055,373,542 bp
Quality-trimmed:             106,838,551 bp (5.2%)
Total written (filtered):  1,156,015,020 bp (56.2%)

=== Adapter 1 ===

Sequence: AGATCGGAAGAGC; Type: regular 3'; Length: 13; Trimmed: 14953118 times.

No. of allowed errors:
0-9 bp: 0; 10-13 bp: 1

Bases preceding removed adapters:
  A: 27.4%
  C: 35.1%
  G: 25.1%
  T: 12.2%
  none/other: 0.1%

Overview of removed sequences
length	count	expect	max.err	error counts
1	667521	4177588.5	0	667521
2	231691	1044397.1	0	231691
3	115402	261099.3	0	115402
4	71156	65274.8	0	71156
5	62386	16318.7	0	62386
6	62570	4079.7	0	62570
7	67117	1019.9	0	67117
8	63293	255.0	0	63293
9	68883	63.7	0	68377 506
10	75393	15.9	1	73352 2041
11	55980	4.0	1	53488 2492
12	73855	1.0	1	66187 7668
13	84678	0.2	1	22966 61712
14	81364	0.2	1	18510 62854
15	90000	0.2	1	24744 65256
16	71311	0.2	1	15451 55860
17	78896	0.2	1	22358 56538
18	76193	0.2	1	16873 59320
19	77861	0.2	1	17512 60349
20	78402	0.2	1	22268 56134
21	78310	0.2	1	22090 56220
22	89186	0.2	1	20594 68592
23	108151	0.2	1	31233 76918
24	113368	0.2	1	26849 86519
25	95940	0.2	1	32803 63137
26	100889	0.2	1	98668 2221
27	97893	0.2	1	95337 2556
28	103938	0.2	1	100881 3057
29	82347	0.2	1	79841 2506
30	103669	0.2	1	100871 2798
31	91084	0.2	1	88561 2523
32	109911	0.2	1	107140 2771
33	76803	0.2	1	74510 2293
34	117380	0.2	1	113978 3402
35	117760	0.2	1	114432 3328
36	195062	0.2	1	190299 4763
37	122575	0.2	1	119275 3300
38	134801	0.2	1	131367 3434
39	132003	0.2	1	128372 3631
40	174677	0.2	1	170456 4221
41	174490	0.2	1	170180 4310
42	242339	0.2	1	235473 6866
43	398767	0.2	1	392103 6664
44	97304	0.2	1	95108 2196
45	71414	0.2	1	69741 1673
46	98813	0.2	1	96482 2331
47	174832	0.2	1	171169 3663
48	132715	0.2	1	129709 3006
49	133339	0.2	1	130298 3041
50	123343	0.2	1	120011 3332
51	138228	0.2	1	134629 3599
52	135111	0.2	1	131557 3554
53	151711	0.2	1	147663 4048
54	128915	0.2	1	125301 3614
55	138702	0.2	1	135153 3549
56	127952	0.2	1	124473 3479
57	171720	0.2	1	167262 4458
58	136829	0.2	1	133482 3347
59	152916	0.2	1	149419 3497
60	144359	0.2	1	140948 3411
61	133340	0.2	1	130181 3159
62	119279	0.2	1	116563 2716
63	130262	0.2	1	127383 2879
64	127506	0.2	1	124665 2841
65	132294	0.2	1	129470 2824
66	138269	0.2	1	135176 3093
67	138831	0.2	1	135920 2911
68	162404	0.2	1	158980 3424
69	147908	0.2	1	144687 3221
70	139863	0.2	1	136744 3119
71	154435	0.2	1	150775 3660
72	175449	0.2	1	171249 4200
73	173328	0.2	1	168562 4766
74	230494	0.2	1	223796 6698
75	338085	0.2	1	323262 14823
76	1104650	0.2	1	1061827 42823
77	2351544	0.2	1	2291256 60288
78	883327	0.2	1	861236 22091
79	210322	0.2	1	204857 5465
80	95448	0.2	1	93064 2384
81	58313	0.2	1	56751 1562
82	38054	0.2	1	37000 1054
83	24649	0.2	1	23883 766
84	25040	0.2	1	24278 762
85	27907	0.2	1	27055 852
86	25445	0.2	1	24698 747
87	18036	0.2	1	17456 580
88	13827	0.2	1	13424 403
89	9683	0.2	1	9363 320
90	6822	0.2	1	6582 240
91	6762	0.2	1	6525 237
92	6426	0.2	1	6225 201
93	4796	0.2	1	4633 163
94	3956	0.2	1	3800 156
95	2909	0.2	1	2792 117
96	2473	0.2	1	2379 94
97	2186	0.2	1	2063 123
98	1869	0.2	1	1792 77
99	1610	0.2	1	1485 125
100	1389	0.2	1	1319 70
101	1337	0.2	1	1260 77
102	1228	0.2	1	1151 77
103	1118	0.2	1	1065 53
104	966	0.2	1	910 56
105	901	0.2	1	854 47
106	881	0.2	1	852 29
107	805	0.2	1	760 45
108	838	0.2	1	802 36
109	615	0.2	1	588 27
110	455	0.2	1	422 33
111	310	0.2	1	286 24
112	283	0.2	1	275 8
113	118	0.2	1	89 29
114	50	0.2	1	48 2
115	29	0.2	1	22 7
116	27	0.2	1	21 6
117	203	0.2	1	17 186
118	49	0.2	1	17 32
119	62	0.2	1	24 38
120	30	0.2	1	24 6
121	56	0.2	1	22 34
122	49	0.2	1	30 19
123	20	0.2	1	12 8


RUN STATISTICS FOR INPUT FILE: P1234_1008_1.fastq.gz
=============================================
16710354 sequences processed in total

