
SUMMARISING RUN PARAMETERS
==========================
Input filename: P1234_1011_1.fastq.gz
Trimming mode: paired-end
Trim Galore version: 0.4.1
Cutadapt version: 1.9.1
Quality Phred score cutoff: 20
Quality encoding type selected: ASCII+33
Adapter sequence: 'AGATCGGAAGAGC' (Illumina TruSeq, Sanger iPCR; auto-detected)
Maximum trimming error rate: 0.1 (default)
Minimum required adapter overlap (stringency): 1 bp
Minimum required sequence length for both reads before a sequence pair gets removed: 20 bp
Output file will be GZIP compressed


This is cutadapt 1.9.1 with Python 2.7.6
Command line parameters: -f fastq -e 0.1 -q 20 -O 1 -a AGATCGGAAGAGC P1234_1011_1.fastq.gz
Trimming 1 adapter with at most 10.0% errors in single-end mode ...
Finished in 425.37 s (15 us/read; 3.95 M reads/minute).

=== Summary ===

Total reads processed:              27,988,897
Reads with adapters:                21,597,932 (77.2%)
Reads written (passing filters):    27,988,897 (100.0%)

Total basepairs processed: 3,442,634,331 bp
Quality-trimmed:              89,477,790 bp (2.6%)
Total written (filtered):  2,526,524,886 bp (73.4%)

=== Adapter 1 ===

Sequence: AGATCGGAAGAGC; Type: regular 3'; Length: 13; Trimmed: 21597932 times.

No. of allowed errors:
0-9 bp: 0; 10-13 bp: 1

Bases preceding removed adapters:
  A: 29.4%
  C: 34.7%
  G: 23.3%
  T: 12.6%
  none/other: 0.0%

Overview of removed sequences
length	count	expect	max.err	error counts
1	2482008	6997224.2	0	2482008
2	864639	1749306.1	0	864639
3	460721	437326.5	0	460721
4	209384	109331.6	0	209384
5	184322	27332.9	0	184322
6	185732	6833.2	0	185732
7	184762	1708.3	0	184762
8	179610	427.1	0	179610
9	204468	106.8	0	203857 611
10	192318	26.7	1	187853 4465
11	174290	6.7	1	166993 7297
12	194828	1.7	1	174269 20559
13	208238	0.4	1	57682 150556
14	195954	0.4	1	45298 150656
15	206919	0.4	1	57330 149589
16	180954	0.4	1	40277 140677
17	205407	0.4	1	57906 147501
18	199034	0.4	1	44921 154113
19	195822	0.4	1	44247 151575
20	200883	0.4	1	56995 143888
21	199976	0.4	1	56124 143852
22	200775	0.4	1	46659 154116
23	208805	0.4	1	60123 148682
24	219045	0.4	1	53505 165540
25	220219	0.4	1	81249 138970
26	192068	0.4	1	189352 2716
27	214254	0.4	1	210312 3942
28	226934	0.4	1	222350 4584
29	198062	0.4	1	194163 3899
30	221822	0.4	1	217813 4009
31	205679	0.4	1	201848 3831
32	195664	0.4	1	191847 3817
33	210470	0.4	1	206335 4135
34	230189	0.4	1	225189 5000
35	212460	0.4	1	207795 4665
36	280032	0.4	1	274772 5260
37	252348	0.4	1	247631 4717
38	205041	0.4	1	201081 3960
39	241200	0.4	1	236502 4698
40	203011	0.4	1	199668 3343
41	257161	0.4	1	252454 4707
42	282830	0.4	1	278103 4727
43	609688	0.4	1	602332 7356
44	132803	0.4	1	131066 1737
45	69159	0.4	1	68163 996
46	113983	0.4	1	112310 1673
47	217859	0.4	1	215123 2736
48	180086	0.4	1	177606 2480
49	199603	0.4	1	196475 3128
50	175271	0.4	1	172113 3158
51	213378	0.4	1	209655 3723
52	186273	0.4	1	182913 3360
53	201783	0.4	1	198107 3676
54	192832	0.4	1	189195 3637
55	187493	0.4	1	184125 3368
56	171694	0.4	1	168568 3126
57	180621	0.4	1	177418 3203
58	181128	0.4	1	178149 2979
59	194706	0.4	1	191579 3127
60	168600	0.4	1	165910 2690
61	177058	0.4	1	174177 2881
62	155684	0.4	1	153354 2330
63	172040	0.4	1	169768 2272
64	171101	0.4	1	168820 2281
65	170494	0.4	1	168300 2194
66	169455	0.4	1	167224 2231
67	174902	0.4	1	172742 2160
68	174363	0.4	1	172128 2235
69	169583	0.4	1	167406 2177
70	161892	0.4	1	159795 2097
71	167313	0.4	1	164961 2352
72	170913	0.4	1	168546 2367
73	182680	0.4	1	179609 3071
74	224077	0.4	1	220210 3867
75	292175	0.4	1	286066 6109
76	774732	0.4	1	757922 16810
77	1504207	0.4	1	1476215 27992
78	511436	0.4	1	502430 9006
79	176569	0.4	1	173453 3116
80	75797	0.4	1	74497 1300
81	47741	0.4	1	46903 838
82	34121	0.4	1	33520 601
83	32160	0.4	1	31520 640
84	30823	0.4	1	30278 545
85	21190	0.4	1	20751 439
86	19580	0.4	1	19199 381
87	15315	0.4	1	14997 318
88	11049	0.4	1	10829 220
89	8314	0.4	1	8140 174
90	5733	0.4	1	5620 113
91	5592	0.4	1	5473 119
92	4491	0.4	1	4390 101
93	3934	0.4	1	3848 86
94	3193	0.4	1	3106 87
95	2337	0.4	1	2275 62
96	1834	0.4	1	1787 47
97	1466	0.4	1	1425 41
98	1225	0.4	1	1183 42
99	970	0.4	1	916 54
100	840	0.4	1	803 37
101	670	0.4	1	633 37
102	615	0.4	1	571 44
103	498	0.4	1	467 31
104	444	0.4	1	420 24
105	406	0.4	1	385 21
106	359	0.4	1	345 14
107	301	0.4	1	277 24
108	259	0.4	1	237 22
109	171	0.4	1	164 7
110	132	0.4	1	126 6
111	67	0.4	1	58 9
112	69	0.4	1	60 9
113	64	0.4	1	50 14
114	21	0.4	1	13 8
115	33	0.4	1	11 22
116	12	0.4	1	6 6
117	25	0.4	1	4 21
118	19	0.4	1	9 10
119	22	0.4	1	6 16
120	16	0.4	1	6 10
121	13	0.4	1	4 9
122	25	0.4	1	9 16
123	14	0.4	1	3 11


RUN STATISTICS FOR INPUT FILE: P1234_1011_1.fastq.gz
=============================================
27988897 sequences processed in total

