
SUMMARISING RUN PARAMETERS
==========================
Input filename: P1234_1020_1.fastq.gz
Trimming mode: paired-end
Trim Galore version: 0.4.1
Cutadapt version: 1.9.1
Quality Phred score cutoff: 20
Quality encoding type selected: ASCII+33
Adapter sequence: 'AGATCGGAAGAGC' (Illumina TruSeq, Sanger iPCR; auto-detected)
Maximum trimming error rate: 0.1 (default)
Minimum required adapter overlap (stringency): 1 bp
Minimum required sequence length for both reads before a sequence pair gets removed: 20 bp
Output file will be GZIP compressed


This is cutadapt 1.9.1 with Python 2.7.6
Command line parameters: -f fastq -e 0.1 -q 20 -O 1 -a AGATCGGAAGAGC P1234_1020_1.fastq.gz
Trimming 1 adapter with at most 10.0% errors in single-end mode ...
Finished in 245.28 s (15 us/read; 3.88 M reads/minute).

=== Summary ===

Total reads processed:              15,843,059
Reads with adapters:                13,401,206 (84.6%)
Reads written (passing filters):    15,843,059 (100.0%)

Total basepairs processed: 1,948,696,257 bp
Quality-trimmed:              52,262,102 bp (2.7%)
Total written (filtered):  1,338,437,363 bp (68.7%)

=== Adapter 1 ===

Sequence: AGATCGGAAGAGC; Type: regular 3'; Length: 13; Trimmed: 13401206 times.

No. of allowed errors:
0-9 bp: 0; 10-13 bp: 1

Bases preceding removed adapters:
  A: 29.1%
  C: 34.2%
  G: 24.1%
  T: 12.5%
  none/other: 0.1%

Overview of removed sequences
length	count	expect	max.err	error counts
1	921148	3960764.8	0	921148
2	351067	990191.2	0	351067
3	188476	247547.8	0	188476
4	111187	61886.9	0	111187
5	97712	15471.7	0	97712
6	101867	3867.9	0	101867
7	107227	967.0	0	107227
8	98648	241.7	0	98648
9	104568	60.4	0	103963 605
10	119969	15.1	1	116587 3382
11	89261	3.8	1	85380 3881
12	117783	0.9	1	105455 12328
13	119842	0.2	1	33086 86756
14	116359	0.2	1	26576 89783
15	125668	0.2	1	34474 91194
16	108358	0.2	1	23613 84745
17	119503	0.2	1	33225 86278
18	118722	0.2	1	26365 92357
19	124452	0.2	1	27732 96720
20	121830	0.2	1	34255 87575
21	128927	0.2	1	36016 92911
22	128618	0.2	1	29353 99265
23	132156	0.2	1	38021 94135
24	141311	0.2	1	33979 107332
25	138544	0.2	1	46674 91870
26	130601	0.2	1	127785 2816
27	140610	0.2	1	136809 3801
28	153782	0.2	1	149359 4423
29	134110	0.2	1	130333 3777
30	147314	0.2	1	143323 3991
31	138486	0.2	1	134714 3772
32	154832	0.2	1	150790 4042
33	123611	0.2	1	120176 3435
34	188995	0.2	1	184134 4861
35	135749	0.2	1	132019 3730
36	240098	0.2	1	233504 6594
37	187961	0.2	1	182451 5510
38	147881	0.2	1	143726 4155
39	163485	0.2	1	158464 5021
40	189197	0.2	1	184574 4623
41	168939	0.2	1	164846 4093
42	213745	0.2	1	207557 6188
43	447714	0.2	1	439758 7956
44	75227	0.2	1	73338 1889
45	87495	0.2	1	85401 2094
46	99737	0.2	1	97413 2324
47	153552	0.2	1	150243 3309
48	143078	0.2	1	139917 3161
49	149459	0.2	1	145770 3689
50	139438	0.2	1	135815 3623
51	151790	0.2	1	147781 4009
52	144132	0.2	1	140329 3803
53	151614	0.2	1	147595 4019
54	147030	0.2	1	142873 4157
55	150790	0.2	1	146831 3959
56	123295	0.2	1	119947 3348
57	138470	0.2	1	134818 3652
58	138399	0.2	1	134846 3553
59	141340	0.2	1	137920 3420
60	132297	0.2	1	129029 3268
61	127123	0.2	1	124045 3078
62	122475	0.2	1	119609 2866
63	131307	0.2	1	128511 2796
64	126562	0.2	1	123772 2790
65	118701	0.2	1	116159 2542
66	125366	0.2	1	122640 2726
67	124924	0.2	1	122258 2666
68	125001	0.2	1	122228 2773
69	121479	0.2	1	118787 2692
70	120353	0.2	1	117549 2804
71	122905	0.2	1	120035 2870
72	125192	0.2	1	122267 2925
73	130861	0.2	1	127356 3505
74	155619	0.2	1	151316 4303
75	199430	0.2	1	191298 8132
76	502451	0.2	1	483578 18873
77	926133	0.2	1	902520 23613
78	284332	0.2	1	277130 7202
79	79415	0.2	1	77251 2164
80	32680	0.2	1	31896 784
81	18099	0.2	1	17544 555
82	13947	0.2	1	13526 421
83	11934	0.2	1	11561 373
84	10665	0.2	1	10352 313
85	7749	0.2	1	7513 236
86	5590	0.2	1	5370 220
87	4081	0.2	1	3938 143
88	2848	0.2	1	2754 94
89	2095	0.2	1	2020 75
90	1883	0.2	1	1804 79
91	1902	0.2	1	1817 85
92	1639	0.2	1	1570 69
93	1445	0.2	1	1384 61
94	1233	0.2	1	1193 40
95	946	0.2	1	868 78
96	749	0.2	1	700 49
97	540	0.2	1	515 25
98	462	0.2	1	432 30
99	537	0.2	1	402 135
100	388	0.2	1	368 20
101	326	0.2	1	295 31
102	275	0.2	1	264 11
103	306	0.2	1	258 48
104	217	0.2	1	197 20
105	216	0.2	1	206 10
106	161	0.2	1	154 7
107	152	0.2	1	144 8
108	147	0.2	1	140 7
109	102	0.2	1	91 11
110	91	0.2	1	81 10
111	58	0.2	1	52 6
112	37	0.2	1	35 2
113	21	0.2	1	17 4
114	24	0.2	1	14 10
115	13	0.2	1	9 4
116	29	0.2	1	5 24
117	245	0.2	1	11 234
118	90	0.2	1	19 71
119	59	0.2	1	12 47
120	17	0.2	1	10 7
121	48	0.2	1	21 27
122	48	0.2	1	30 18
123	27	0.2	1	15 12


RUN STATISTICS FOR INPUT FILE: P1234_1020_1.fastq.gz
=============================================
15843059 sequences processed in total

