
SUMMARISING RUN PARAMETERS
==========================
Input filename: P1234_1018_2.fastq.gz
Trimming mode: paired-end
Trim Galore version: 0.4.1
Cutadapt version: 1.9.1
Quality Phred score cutoff: 20
Quality encoding type selected: ASCII+33
Adapter sequence: 'AGATCGGAAGAGC' (Illumina TruSeq, Sanger iPCR; auto-detected)
Maximum trimming error rate: 0.1 (default)
Minimum required adapter overlap (stringency): 1 bp
Minimum required sequence length for both reads before a sequence pair gets removed: 20 bp
Output file will be GZIP compressed


This is cutadapt 1.9.1 with Python 2.7.6
Command line parameters: -f fastq -e 0.1 -q 20 -O 1 -a AGATCGGAAGAGC P1234_1018_2.fastq.gz
Trimming 1 adapter with at most 10.0% errors in single-end mode ...
Finished in 445.78 s (14 us/read; 4.15 M reads/minute).

=== Summary ===

Total reads processed:              30,833,924
Reads with adapters:                25,539,362 (82.8%)
Reads written (passing filters):    30,833,924 (100.0%)

Total basepairs processed: 3,792,572,652 bp
Quality-trimmed:              88,067,622 bp (2.3%)
Total written (filtered):  2,732,952,834 bp (72.1%)

=== Adapter 1 ===

Sequence: AGATCGGAAGAGC; Type: regular 3'; Length: 13; Trimmed: 25539362 times.

No. of allowed errors:
0-9 bp: 0; 10-13 bp: 1

Bases preceding removed adapters:
  A: 4.2%
  C: 65.2%
  G: 28.4%
  T: 2.1%
  none/other: 0.0%

Overview of removed sequences
length	count	expect	max.err	error counts
1	2178803	7708481.0	0	2178803
2	609287	1927120.2	0	609287
3	361668	481780.1	0	361668
4	248672	120445.0	0	248672
5	234009	30111.3	0	234009
6	246305	7527.8	0	246305
7	250345	1882.0	0	250345
8	239202	470.5	0	239202
9	286195	117.6	0	285679 516
10	258300	29.4	1	255547 2753
11	223042	7.4	1	220270 2772
12	320044	1.8	1	316454 3590
13	216541	0.5	1	213136 3405
14	336158	0.5	1	331356 4802
15	235474	0.5	1	232162 3312
16	259378	0.5	1	255685 3693
17	348920	0.5	1	344280 4640
18	208283	0.5	1	205225 3058
19	295594	0.5	1	291505 4089
20	279607	0.5	1	275657 3950
21	252430	0.5	1	248877 3553
22	293675	0.5	1	289338 4337
23	309702	0.5	1	305097 4605
24	313213	0.5	1	308457 4756
25	295075	0.5	1	290506 4569
26	326682	0.5	1	321805 4877
27	332675	0.5	1	327319 5356
28	372235	0.5	1	366993 5242
29	227825	0.5	1	223839 3986
30	549573	0.5	1	542278 7295
31	114021	0.5	1	111830 2191
32	382833	0.5	1	377795 5038
33	192751	0.5	1	189824 2927
34	336815	0.5	1	332041 4774
35	343392	0.5	1	338100 5292
36	712258	0.5	1	703790 8468
37	51611	0.5	1	50243 1368
38	354127	0.5	1	349732 4395
39	271113	0.5	1	267639 3474
40	256913	0.5	1	253875 3038
41	372882	0.5	1	368661 4221
42	275957	0.5	1	272408 3549
43	497581	0.5	1	492001 5580
44	227196	0.5	1	224151 3045
45	357788	0.5	1	352782 5006
46	400157	0.5	1	394856 5301
47	249899	0.5	1	246536 3363
48	233593	0.5	1	230486 3107
49	380417	0.5	1	376108 4309
50	203131	0.5	1	200301 2830
51	288535	0.5	1	284982 3553
52	245073	0.5	1	241996 3077
53	281328	0.5	1	277944 3384
54	313783	0.5	1	310326 3457
55	196549	0.5	1	194080 2469
56	259777	0.5	1	256543 3234
57	324537	0.5	1	320849 3688
58	283642	0.5	1	280731 2911
59	151948	0.5	1	150200 1748
60	241984	0.5	1	239554 2430
61	202846	0.5	1	200725 2121
62	214260	0.5	1	211999 2261
63	263624	0.5	1	260925 2699
64	193865	0.5	1	191899 1966
65	149913	0.5	1	148359 1554
66	193643	0.5	1	191717 1926
67	224122	0.5	1	221937 2185
68	147208	0.5	1	145638 1570
69	187544	0.5	1	185646 1898
70	200387	0.5	1	198364 2023
71	173930	0.5	1	172129 1801
72	180420	0.5	1	178585 1835
73	175685	0.5	1	173876 1809
74	179068	0.5	1	177098 1970
75	176057	0.5	1	174185 1872
76	170977	0.5	1	169100 1877
77	173157	0.5	1	171296 1861
78	185651	0.5	1	183567 2084
79	244964	0.5	1	240637 4327
80	1160619	0.5	1	1149532 11087
81	529566	0.5	1	523317 6249
82	198574	0.5	1	196084 2490
83	88448	0.5	1	87326 1122
84	50653	0.5	1	49996 657
85	34125	0.5	1	33703 422
86	24374	0.5	1	24093 281
87	18330	0.5	1	18085 245
88	14331	0.5	1	14166 165
89	11118	0.5	1	11000 118
90	8379	0.5	1	8257 122
91	6756	0.5	1	6657 99
92	5626	0.5	1	5562 64
93	4871	0.5	1	4822 49
94	4129	0.5	1	4083 46
95	3352	0.5	1	3316 36
96	3047	0.5	1	3020 27
97	2785	0.5	1	2762 23
98	3174	0.5	1	3153 21
99	3062	0.5	1	3047 15
100	2679	0.5	1	2657 22
101	2913	0.5	1	2905 8
102	3377	0.5	1	3358 19
103	2085	0.5	1	2068 17
104	1322	0.5	1	1305 17
105	927	0.5	1	919 8
106	1063	0.5	1	1053 10
107	641	0.5	1	633 8
108	457	0.5	1	451 6
109	268	0.5	1	265 3
110	153	0.5	1	150 3
111	99	0.5	1	92 7
112	61	0.5	1	56 5
113	44	0.5	1	35 9
114	21	0.5	1	18 3
115	8	0.5	1	2 6
116	7	0.5	1	6 1
117	8	0.5	1	7 1
118	15	0.5	1	9 6
119	23	0.5	1	19 4
120	22	0.5	1	16 6
121	16	0.5	1	12 4
122	7	0.5	1	6 1
123	3	0.5	1	3


RUN STATISTICS FOR INPUT FILE: P1234_1018_2.fastq.gz
=============================================
30833924 sequences processed in total

Total number of sequences analysed for the sequence pair length validation: 30833924

Number of sequence pairs removed because at least one read was shorter than the length cutoff (20 bp): 436365 (1.42%)
