
SUMMARISING RUN PARAMETERS
==========================
Input filename: P1234_1003_1.fastq.gz
Trimming mode: paired-end
Trim Galore version: 0.4.1
Cutadapt version: 1.9.1
Quality Phred score cutoff: 20
Quality encoding type selected: ASCII+33
Adapter sequence: 'AGATCGGAAGAGC' (Illumina TruSeq, Sanger iPCR; auto-detected)
Maximum trimming error rate: 0.1 (default)
Minimum required adapter overlap (stringency): 1 bp
Minimum required sequence length for both reads before a sequence pair gets removed: 20 bp
Output file will be GZIP compressed


This is cutadapt 1.9.1 with Python 2.7.6
Command line parameters: -f fastq -e 0.1 -q 20 -O 1 -a AGATCGGAAGAGC P1234_1003_1.fastq.gz
Trimming 1 adapter with at most 10.0% errors in single-end mode ...
Finished in 484.02 s (14 us/read; 4.18 M reads/minute).

=== Summary ===

Total reads processed:              33,724,069
Reads with adapters:                18,770,948 (55.7%)
Reads written (passing filters):    33,724,069 (100.0%)

Total basepairs processed: 4,148,060,487 bp
Quality-trimmed:              37,972,608 bp (0.9%)
Total written (filtered):  3,723,432,833 bp (89.8%)

=== Adapter 1 ===

Sequence: AGATCGGAAGAGC; Type: regular 3'; Length: 13; Trimmed: 18770948 times.

No. of allowed errors:
0-9 bp: 0; 10-13 bp: 1

Bases preceding removed adapters:
  A: 34.1%
  C: 30.0%
  G: 22.2%
  T: 13.7%
  none/other: 0.0%

Overview of removed sequences
length	count	expect	max.err	error counts
1	5561135	8431017.2	0	5561135
2	1957547	2107754.3	0	1957547
3	712286	526938.6	0	712286
4	298218	131734.6	0	298218
5	204870	32933.7	0	204870
6	193136	8233.4	0	193136
7	193034	2058.4	0	193034
8	180721	514.6	0	180721
9	191179	128.6	0	190134 1045
10	191517	32.2	1	187106 4411
11	159524	8.0	1	154315 5209
12	192929	2.0	1	175168 17761
13	191303	0.5	1	52318 138985
14	196985	0.5	1	44591 152394
15	184199	0.5	1	50863 133336
16	172328	0.5	1	37391 134937
17	170775	0.5	1	47033 123742
18	165869	0.5	1	36320 129549
19	175822	0.5	1	38889 136933
20	171665	0.5	1	47745 123920
21	173826	0.5	1	48286 125540
22	155538	0.5	1	34758 120780
23	166914	0.5	1	47520 119394
24	176636	0.5	1	41471 135165
25	164416	0.5	1	52807 111609
26	166289	0.5	1	163984 2305
27	157184	0.5	1	154400 2784
28	165236	0.5	1	162196 3040
29	158965	0.5	1	155983 2982
30	195933	0.5	1	192510 3423
31	152245	0.5	1	149483 2762
32	136026	0.5	1	133492 2534
33	119392	0.5	1	117147 2245
34	160578	0.5	1	157272 3306
35	176477	0.5	1	172773 3704
36	212617	0.5	1	208766 3851
37	172571	0.5	1	169416 3155
38	110158	0.5	1	108185 1973
39	143855	0.5	1	141083 2772
40	136201	0.5	1	133953 2248
41	157346	0.5	1	154805 2541
42	203915	0.5	1	200853 3062
43	353252	0.5	1	349025 4227
44	115721	0.5	1	114224 1497
45	77107	0.5	1	75984 1123
46	94402	0.5	1	93029 1373
47	121168	0.5	1	119481 1687
48	106813	0.5	1	105280 1533
49	112437	0.5	1	110639 1798
50	100725	0.5	1	98885 1840
51	115650	0.5	1	113663 1987
52	97692	0.5	1	95938 1754
53	96124	0.5	1	94353 1771
54	91110	0.5	1	89385 1725
55	88039	0.5	1	86502 1537
56	76184	0.5	1	74794 1390
57	83480	0.5	1	82019 1461
58	84385	0.5	1	82931 1454
59	89863	0.5	1	88355 1508
60	76355	0.5	1	75126 1229
61	75707	0.5	1	74551 1156
62	68696	0.5	1	67666 1030
63	73651	0.5	1	72648 1003
64	70172	0.5	1	69233 939
65	65861	0.5	1	64960 901
66	69807	0.5	1	68912 895
67	69548	0.5	1	68651 897
68	65114	0.5	1	64288 826
69	64697	0.5	1	63830 867
70	65056	0.5	1	64217 839
71	64416	0.5	1	63548 868
72	63620	0.5	1	62749 871
73	63878	0.5	1	62866 1012
74	72700	0.5	1	71478 1222
75	84417	0.5	1	82673 1744
76	178948	0.5	1	174903 4045
77	343612	0.5	1	337268 6344
78	119578	0.5	1	117530 2048
79	34406	0.5	1	33853 553
80	14182	0.5	1	13924 258
81	9013	0.5	1	8809 204
82	6179	0.5	1	6036 143
83	4043	0.5	1	3915 128
84	3424	0.5	1	3318 106
85	2582	0.5	1	2487 95
86	1915	0.5	1	1847 68
87	1298	0.5	1	1234 64
88	1144	0.5	1	1091 53
89	962	0.5	1	923 39
90	636	0.5	1	599 37
91	541	0.5	1	514 27
92	442	0.5	1	393 49
93	353	0.5	1	324 29
94	308	0.5	1	249 59
95	219	0.5	1	199 20
96	161	0.5	1	144 17
97	174	0.5	1	144 30
98	152	0.5	1	123 29
99	140	0.5	1	112 28
100	128	0.5	1	101 27
101	104	0.5	1	81 23
102	98	0.5	1	73 25
103	87	0.5	1	67 20
104	84	0.5	1	68 16
105	96	0.5	1	68 28
106	77	0.5	1	55 22
107	70	0.5	1	46 24
108	71	0.5	1	44 27
109	52	0.5	1	28 24
110	48	0.5	1	23 25
111	34	0.5	1	14 20
112	30	0.5	1	12 18
113	41	0.5	1	3 38
114	35	0.5	1	5 30
115	30	0.5	1	3 27
116	24	0.5	1	0 24
117	47	0.5	1	1 46
118	29	0.5	1	1 28
119	16	0.5	1	1 15
120	16	0.5	1	0 16
121	38	0.5	1	3 35
122	41	0.5	1	5 36
123	33	0.5	1	4 29


RUN STATISTICS FOR INPUT FILE: P1234_1003_1.fastq.gz
=============================================
33724069 sequences processed in total

