
SUMMARISING RUN PARAMETERS
==========================
Input filename: P1234_1007_2.fastq.gz
Trimming mode: paired-end
Trim Galore version: 0.4.1
Cutadapt version: 1.9.1
Quality Phred score cutoff: 20
Quality encoding type selected: ASCII+33
Adapter sequence: 'AGATCGGAAGAGC' (Illumina TruSeq, Sanger iPCR; auto-detected)
Maximum trimming error rate: 0.1 (default)
Minimum required adapter overlap (stringency): 1 bp
Minimum required sequence length for both reads before a sequence pair gets removed: 20 bp
Output file will be GZIP compressed


This is cutadapt 1.9.1 with Python 2.7.6
Command line parameters: -f fastq -e 0.1 -q 20 -O 1 -a AGATCGGAAGAGC P1234_1007_2.fastq.gz
Trimming 1 adapter with at most 10.0% errors in single-end mode ...
Finished in 306.05 s (14 us/read; 4.27 M reads/minute).

=== Summary ===

Total reads processed:              21,758,318
Reads with adapters:                17,790,443 (81.8%)
Reads written (passing filters):    21,758,318 (100.0%)

Total basepairs processed: 2,676,273,114 bp
Quality-trimmed:              75,675,593 bp (2.8%)
Total written (filtered):  1,819,902,302 bp (68.0%)

=== Adapter 1 ===

Sequence: AGATCGGAAGAGC; Type: regular 3'; Length: 13; Trimmed: 17790443 times.

No. of allowed errors:
0-9 bp: 0; 10-13 bp: 1

Bases preceding removed adapters:
  A: 3.0%
  C: 68.9%
  G: 26.6%
  T: 1.5%
  none/other: 0.0%

Overview of removed sequences
length	count	expect	max.err	error counts
1	1141640	5439579.5	0	1141640
2	455453	1359894.9	0	455453
3	213584	339973.7	0	213584
4	154884	84993.4	0	154884
5	142144	21248.4	0	142144
6	124288	5312.1	0	124288
7	137378	1328.0	0	137378
8	117556	332.0	0	117556
9	133809	83.0	0	133463 346
10	156434	20.8	1	154955 1479
11	93354	5.2	1	92144 1210
12	174262	1.3	1	172583 1679
13	128930	0.3	1	127173 1757
14	207772	0.3	1	205152 2620
15	112333	0.3	1	110839 1494
16	143771	0.3	1	141871 1900
17	195748	0.3	1	193426 2322
18	84784	0.3	1	83595 1189
19	159664	0.3	1	157635 2029
20	148633	0.3	1	146823 1810
21	120518	0.3	1	119010 1508
22	154109	0.3	1	152259 1850
23	184455	0.3	1	181970 2485
24	225614	0.3	1	222338 3276
25	125566	0.3	1	123859 1707
26	183743	0.3	1	181572 2171
27	169984	0.3	1	167579 2405
28	205672	0.3	1	203190 2482
29	105071	0.3	1	103391 1680
30	279595	0.3	1	276232 3363
31	77577	0.3	1	76356 1221
32	168918	0.3	1	166815 2103
33	152713	0.3	1	150728 1985
34	169293	0.3	1	167200 2093
35	207691	0.3	1	204846 2845
36	375499	0.3	1	370973 4526
37	202657	0.3	1	199823 2834
38	191690	0.3	1	189483 2207
39	210557	0.3	1	208123 2434
40	242986	0.3	1	240186 2800
41	254454	0.3	1	251787 2667
42	329446	0.3	1	326127 3319
43	346154	0.3	1	342747 3407
44	232297	0.3	1	229820 2477
45	220536	0.3	1	217717 2819
46	294344	0.3	1	290907 3437
47	226534	0.3	1	223912 2622
48	168476	0.3	1	166473 2003
49	234521	0.3	1	231992 2529
50	146459	0.3	1	144684 1775
51	193257	0.3	1	191268 1989
52	162713	0.3	1	160879 1834
53	189876	0.3	1	187767 2109
54	206350	0.3	1	204255 2095
55	111958	0.3	1	110709 1249
56	178579	0.3	1	176602 1977
57	243658	0.3	1	241206 2452
58	187107	0.3	1	185474 1633
59	99656	0.3	1	98492 1164
60	186828	0.3	1	185167 1661
61	140279	0.3	1	138896 1383
62	137815	0.3	1	136416 1399
63	192961	0.3	1	191234 1727
64	128716	0.3	1	127569 1147
65	116027	0.3	1	114931 1096
66	140735	0.3	1	139470 1265
67	173212	0.3	1	171835 1377
68	138125	0.3	1	136828 1297
69	151757	0.3	1	150400 1357
70	153528	0.3	1	152158 1370
71	147152	0.3	1	145773 1379
72	148171	0.3	1	146820 1351
73	134735	0.3	1	133493 1242
74	159656	0.3	1	158140 1516
75	143803	0.3	1	142450 1353
76	142867	0.3	1	141468 1399
77	151612	0.3	1	150116 1496
78	177454	0.3	1	175641 1813
79	246019	0.3	1	240446 5573
80	1439284	0.3	1	1426726 12558
81	630361	0.3	1	623599 6762
82	225105	0.3	1	222542 2563
83	102443	0.3	1	101278 1165
84	61787	0.3	1	61080 707
85	42532	0.3	1	42040 492
86	32852	0.3	1	32468 384
87	24624	0.3	1	24308 316
88	19882	0.3	1	19623 259
89	16121	0.3	1	15936 185
90	11343	0.3	1	11223 120
91	9189	0.3	1	9085 104
92	8003	0.3	1	7913 90
93	6482	0.3	1	6416 66
94	5355	0.3	1	5301 54
95	4045	0.3	1	3987 58
96	3512	0.3	1	3478 34
97	3375	0.3	1	3352 23
98	3697	0.3	1	3671 26
99	3315	0.3	1	3302 13
100	2799	0.3	1	2785 14
101	3263	0.3	1	3245 18
102	4029	0.3	1	4015 14
103	2416	0.3	1	2401 15
104	1444	0.3	1	1433 11
105	1024	0.3	1	1014 10
106	1338	0.3	1	1328 10
107	857	0.3	1	847 10
108	607	0.3	1	601 6
109	403	0.3	1	395 8
110	208	0.3	1	193 15
111	138	0.3	1	119 19
112	119	0.3	1	113 6
113	58	0.3	1	52 6
114	39	0.3	1	37 2
115	21	0.3	1	18 3
116	17	0.3	1	11 6
117	24	0.3	1	17 7
118	21	0.3	1	17 4
119	33	0.3	1	25 8
120	28	0.3	1	20 8
121	34	0.3	1	26 8
122	45	0.3	1	38 7
123	15	0.3	1	14 1


RUN STATISTICS FOR INPUT FILE: P1234_1007_2.fastq.gz
=============================================
21758318 sequences processed in total

Total number of sequences analysed for the sequence pair length validation: 21758318

Number of sequence pairs removed because at least one read was shorter than the length cutoff (20 bp): 577234 (2.65%)
