
SUMMARISING RUN PARAMETERS
==========================
Input filename: P1234_1008_2.fastq.gz
Trimming mode: paired-end
Trim Galore version: 0.4.1
Cutadapt version: 1.9.1
Quality Phred score cutoff: 20
Quality encoding type selected: ASCII+33
Adapter sequence: 'AGATCGGAAGAGC' (Illumina TruSeq, Sanger iPCR; auto-detected)
Maximum trimming error rate: 0.1 (default)
Minimum required adapter overlap (stringency): 1 bp
Minimum required sequence length for both reads before a sequence pair gets removed: 20 bp
Output file will be GZIP compressed


This is cutadapt 1.9.1 with Python 2.7.6
Command line parameters: -f fastq -e 0.1 -q 20 -O 1 -a AGATCGGAAGAGC P1234_1008_2.fastq.gz
Trimming 1 adapter with at most 10.0% errors in single-end mode ...
Finished in 231.72 s (14 us/read; 4.33 M reads/minute).

=== Summary ===

Total reads processed:              16,710,354
Reads with adapters:                14,879,022 (89.0%)
Reads written (passing filters):    16,710,354 (100.0%)

Total basepairs processed: 2,055,373,542 bp
Quality-trimmed:              99,141,221 bp (4.8%)
Total written (filtered):  1,146,285,504 bp (55.8%)

=== Adapter 1 ===

Sequence: AGATCGGAAGAGC; Type: regular 3'; Length: 13; Trimmed: 14879022 times.

No. of allowed errors:
0-9 bp: 0; 10-13 bp: 1

Bases preceding removed adapters:
  A: 2.0%
  C: 70.2%
  G: 26.9%
  T: 0.8%
  none/other: 0.0%

Overview of removed sequences
length	count	expect	max.err	error counts
1	572955	4177588.5	0	572955
2	212998	1044397.1	0	212998
3	99564	261099.3	0	99564
4	69412	65274.8	0	69412
5	65699	16318.7	0	65699
6	64851	4079.7	0	64851
7	71371	1019.9	0	71371
8	63378	255.0	0	63378
9	74126	63.7	0	73886 240
10	77909	15.9	1	77117 792
11	52118	4.0	1	51468 650
12	88748	1.0	1	87804 944
13	66237	0.2	1	65285 952
14	112688	0.2	1	111364 1324
15	64399	0.2	1	63627 772
16	79512	0.2	1	78483 1029
17	106019	0.2	1	104667 1352
18	48183	0.2	1	47478 705
19	88027	0.2	1	86912 1115
20	80644	0.2	1	79647 997
21	67160	0.2	1	66387 773
22	91725	0.2	1	90554 1171
23	114493	0.2	1	112981 1512
24	137898	0.2	1	135764 2134
25	75663	0.2	1	74642 1021
26	111893	0.2	1	110504 1389
27	101917	0.2	1	100384 1533
28	118139	0.2	1	116592 1547
29	62216	0.2	1	61174 1042
30	156495	0.2	1	154436 2059
31	46147	0.2	1	45357 790
32	103317	0.2	1	101892 1425
33	93346	0.2	1	92000 1346
34	102324	0.2	1	100999 1325
35	124404	0.2	1	122671 1733
36	221614	0.2	1	218799 2815
37	128649	0.2	1	126800 1849
38	120701	0.2	1	119227 1474
39	135788	0.2	1	134257 1531
40	162462	0.2	1	160598 1864
41	176857	0.2	1	174860 1997
42	222110	0.2	1	219878 2232
43	227970	0.2	1	225753 2217
44	157565	0.2	1	155824 1741
45	152257	0.2	1	150156 2101
46	216536	0.2	1	213851 2685
47	159015	0.2	1	157086 1929
48	122918	0.2	1	121348 1570
49	172216	0.2	1	170353 1863
50	105472	0.2	1	104072 1400
51	141760	0.2	1	140100 1660
52	124770	0.2	1	123294 1476
53	157639	0.2	1	155872 1767
54	161470	0.2	1	159762 1708
55	91541	0.2	1	90459 1082
56	151890	0.2	1	150175 1715
57	227191	0.2	1	224868 2323
58	159542	0.2	1	158054 1488
59	84232	0.2	1	83340 892
60	162188	0.2	1	160714 1474
61	117164	0.2	1	116038 1126
62	116902	0.2	1	115749 1153
63	163080	0.2	1	161682 1398
64	109805	0.2	1	108782 1023
65	101886	0.2	1	100979 907
66	121483	0.2	1	120397 1086
67	146333	0.2	1	145232 1101
68	123984	0.2	1	122894 1090
69	137022	0.2	1	135767 1255
70	134717	0.2	1	133515 1202
71	129392	0.2	1	128184 1208
72	149835	0.2	1	148501 1334
73	132166	0.2	1	130940 1226
74	151101	0.2	1	149573 1528
75	147980	0.2	1	146528 1452
76	154502	0.2	1	153053 1449
77	171902	0.2	1	170117 1785
78	212097	0.2	1	209804 2293
79	329561	0.2	1	322220 7341
80	2424172	0.2	1	2404671 19501
81	1017818	0.2	1	1007230 10588
82	338729	0.2	1	334926 3803
83	152705	0.2	1	151035 1670
84	93351	0.2	1	92339 1012
85	67065	0.2	1	66289 776
86	55980	0.2	1	55342 638
87	42930	0.2	1	42392 538
88	35028	0.2	1	34627 401
89	28825	0.2	1	28493 332
90	21745	0.2	1	21493 252
91	17749	0.2	1	17559 190
92	15942	0.2	1	15770 172
93	13054	0.2	1	12913 141
94	10388	0.2	1	10304 84
95	7745	0.2	1	7659 86
96	7057	0.2	1	6981 76
97	6877	0.2	1	6829 48
98	8227	0.2	1	8173 54
99	7263	0.2	1	7223 40
100	6203	0.2	1	6162 41
101	7924	0.2	1	7882 42
102	9879	0.2	1	9843 36
103	5844	0.2	1	5815 29
104	3395	0.2	1	3374 21
105	2380	0.2	1	2350 30
106	2938	0.2	1	2919 19
107	2039	0.2	1	2025 14
108	1568	0.2	1	1540 28
109	1002	0.2	1	984 18
110	658	0.2	1	647 11
111	385	0.2	1	374 11
112	331	0.2	1	326 5
113	187	0.2	1	180 7
114	92	0.2	1	87 5
115	35	0.2	1	32 3
116	29	0.2	1	29
117	22	0.2	1	20 2
118	37	0.2	1	33 4
119	53	0.2	1	48 5
120	36	0.2	1	33 3
121	43	0.2	1	38 5
122	34	0.2	1	32 2
123	18	0.2	1	16 2


RUN STATISTICS FOR INPUT FILE: P1234_1008_2.fastq.gz
=============================================
16710354 sequences processed in total

Total number of sequences analysed for the sequence pair length validation: 16710354

Number of sequence pairs removed because at least one read was shorter than the length cutoff (20 bp): 1217529 (7.29%)
