
SUMMARISING RUN PARAMETERS
==========================
Input filename: P1234_1009_2.fastq.gz
Trimming mode: paired-end
Trim Galore version: 0.4.1
Cutadapt version: 1.9.1
Quality Phred score cutoff: 20
Quality encoding type selected: ASCII+33
Adapter sequence: 'AGATCGGAAGAGC' (Illumina TruSeq, Sanger iPCR; auto-detected)
Maximum trimming error rate: 0.1 (default)
Minimum required adapter overlap (stringency): 1 bp
Minimum required sequence length for both reads before a sequence pair gets removed: 20 bp
Output file will be GZIP compressed


This is cutadapt 1.9.1 with Python 2.7.6
Command line parameters: -f fastq -e 0.1 -q 20 -O 1 -a AGATCGGAAGAGC P1234_1009_2.fastq.gz
Trimming 1 adapter with at most 10.0% errors in single-end mode ...
Finished in 300.42 s (15 us/read; 4.09 M reads/minute).

=== Summary ===

Total reads processed:              20,462,961
Reads with adapters:                14,349,377 (70.1%)
Reads written (passing filters):    20,462,961 (100.0%)

Total basepairs processed: 2,516,944,203 bp
Quality-trimmed:              58,058,103 bp (2.3%)
Total written (filtered):  1,990,818,831 bp (79.1%)

=== Adapter 1 ===

Sequence: AGATCGGAAGAGC; Type: regular 3'; Length: 13; Trimmed: 14349377 times.

No. of allowed errors:
0-9 bp: 0; 10-13 bp: 1

Bases preceding removed adapters:
  A: 8.1%
  C: 62.0%
  G: 25.7%
  T: 4.2%
  none/other: 0.0%

Overview of removed sequences
length	count	expect	max.err	error counts
1	2335610	5115740.2	0	2335610
2	637742	1278935.1	0	637742
3	305685	319733.8	0	305685
4	178011	79933.4	0	178011
5	148991	19983.4	0	148991
6	146892	4995.8	0	146892
7	149772	1249.0	0	149772
8	136571	312.2	0	136571
9	155581	78.1	0	155262 319
10	150991	19.5	1	149394 1597
11	113788	4.9	1	112501 1287
12	177010	1.2	1	175107 1903
13	115764	0.3	1	114070 1694
14	181664	0.3	1	179268 2396
15	120703	0.3	1	119080 1623
16	131605	0.3	1	129890 1715
17	180783	0.3	1	178586 2197
18	97636	0.3	1	96349 1287
19	146512	0.3	1	144635 1877
20	139297	0.3	1	137506 1791
21	113509	0.3	1	112094 1415
22	140418	0.3	1	138593 1825
23	154432	0.3	1	152271 2161
24	181956	0.3	1	179410 2546
25	120123	0.3	1	118485 1638
26	153292	0.3	1	151402 1890
27	147442	0.3	1	145390 2052
28	163216	0.3	1	161176 2040
29	101769	0.3	1	100238 1531
30	204999	0.3	1	202382 2617
31	79767	0.3	1	78562 1205
32	142176	0.3	1	140333 1843
33	135222	0.3	1	133288 1934
34	158894	0.3	1	156789 2105
35	190050	0.3	1	187273 2777
36	335434	0.3	1	331211 4223
37	165609	0.3	1	163255 2354
38	169220	0.3	1	167140 2080
39	155233	0.3	1	153386 1847
40	152568	0.3	1	150792 1776
41	171700	0.3	1	169711 1989
42	209128	0.3	1	206918 2210
43	272852	0.3	1	270029 2823
44	160012	0.3	1	158216 1796
45	160619	0.3	1	158453 2166
46	178799	0.3	1	176508 2291
47	113105	0.3	1	111685 1420
48	104973	0.3	1	103604 1369
49	162386	0.3	1	160618 1768
50	89456	0.3	1	88326 1130
51	130357	0.3	1	128903 1454
52	101250	0.3	1	100073 1177
53	120050	0.3	1	118638 1412
54	132698	0.3	1	131291 1407
55	72144	0.3	1	71285 859
56	104985	0.3	1	103804 1181
57	134360	0.3	1	132879 1481
58	119418	0.3	1	118327 1091
59	58349	0.3	1	57654 695
60	112290	0.3	1	111214 1076
61	84019	0.3	1	83194 825
62	84329	0.3	1	83480 849
63	116105	0.3	1	115036 1069
64	79652	0.3	1	78863 789
65	64666	0.3	1	64028 638
66	81751	0.3	1	80982 769
67	95188	0.3	1	94331 857
68	71454	0.3	1	70760 694
69	81630	0.3	1	80852 778
70	90858	0.3	1	89959 899
71	87564	0.3	1	86671 893
72	91010	0.3	1	90119 891
73	84823	0.3	1	83992 831
74	95208	0.3	1	94199 1009
75	79952	0.3	1	79116 836
76	77512	0.3	1	76718 794
77	75300	0.3	1	74483 817
78	86913	0.3	1	85845 1068
79	111668	0.3	1	109248 2420
80	586591	0.3	1	580884 5707
81	250368	0.3	1	247367 3001
82	95610	0.3	1	94317 1293
83	42542	0.3	1	42012 530
84	26314	0.3	1	25991 323
85	17383	0.3	1	17156 227
86	13302	0.3	1	13141 161
87	9972	0.3	1	9864 108
88	7820	0.3	1	7729 91
89	6176	0.3	1	6095 81
90	4447	0.3	1	4405 42
91	3457	0.3	1	3408 49
92	2840	0.3	1	2795 45
93	2371	0.3	1	2350 21
94	1950	0.3	1	1922 28
95	1515	0.3	1	1494 21
96	1428	0.3	1	1416 12
97	1225	0.3	1	1209 16
98	1423	0.3	1	1414 9
99	1262	0.3	1	1255 7
100	1075	0.3	1	1054 21
101	1236	0.3	1	1229 7
102	1393	0.3	1	1384 9
103	872	0.3	1	863 9
104	552	0.3	1	546 6
105	403	0.3	1	395 8
106	448	0.3	1	441 7
107	301	0.3	1	292 9
108	181	0.3	1	177 4
109	132	0.3	1	127 5
110	82	0.3	1	78 4
111	46	0.3	1	43 3
112	43	0.3	1	37 6
113	48	0.3	1	36 12
114	23	0.3	1	17 6
115	5	0.3	1	5
116	14	0.3	1	8 6
117	7	0.3	1	5 2
118	10	0.3	1	9 1
119	7	0.3	1	7
120	11	0.3	1	10 1
121	9	0.3	1	5 4
122	7	0.3	1	7
123	6	0.3	1	4 2


RUN STATISTICS FOR INPUT FILE: P1234_1009_2.fastq.gz
=============================================
20462961 sequences processed in total

Total number of sequences analysed for the sequence pair length validation: 20462961

Number of sequence pairs removed because at least one read was shorter than the length cutoff (20 bp): 284323 (1.39%)
