
SUMMARISING RUN PARAMETERS
==========================
Input filename: P1234_1002_2.fastq.gz
Trimming mode: paired-end
Trim Galore version: 0.4.1
Cutadapt version: 1.9.1
Quality Phred score cutoff: 20
Quality encoding type selected: ASCII+33
Adapter sequence: 'AGATCGGAAGAGC' (Illumina TruSeq, Sanger iPCR; auto-detected)
Maximum trimming error rate: 0.1 (default)
Minimum required adapter overlap (stringency): 1 bp
Minimum required sequence length for both reads before a sequence pair gets removed: 20 bp
Output file will be GZIP compressed


This is cutadapt 1.9.1 with Python 2.7.6
Command line parameters: -f fastq -e 0.1 -q 20 -O 1 -a AGATCGGAAGAGC P1234_1002_2.fastq.gz
Trimming 1 adapter with at most 10.0% errors in single-end mode ...
Finished in 468.88 s (15 us/read; 3.98 M reads/minute).

=== Summary ===

Total reads processed:              31,080,150
Reads with adapters:                15,671,939 (50.4%)
Reads written (passing filters):    31,080,150 (100.0%)

Total basepairs processed: 3,822,858,450 bp
Quality-trimmed:              67,049,058 bp (1.8%)
Total written (filtered):  3,414,525,317 bp (89.3%)

=== Adapter 1 ===

Sequence: AGATCGGAAGAGC; Type: regular 3'; Length: 13; Trimmed: 15671939 times.

No. of allowed errors:
0-9 bp: 0; 10-13 bp: 1

Bases preceding removed adapters:
  A: 12.2%
  C: 56.6%
  G: 24.7%
  T: 6.5%
  none/other: 0.0%

Overview of removed sequences
length	count	expect	max.err	error counts
1	4277582	7770037.5	0	4277582
2	1406904	1942509.4	0	1406904
3	480770	485627.3	0	480770
4	244475	121406.8	0	244475
5	190234	30351.7	0	190234
6	182033	7587.9	0	182033
7	192563	1897.0	0	192563
8	163218	474.2	0	163218
9	176862	118.6	0	176388 474
10	194878	29.6	1	192989 1889
11	126892	7.4	1	125406 1486
12	205272	1.9	1	203243 2029
13	143553	0.5	1	141617 1936
14	239829	0.5	1	236910 2919
15	131393	0.5	1	129713 1680
16	156503	0.5	1	154524 1979
17	217314	0.5	1	214779 2535
18	102747	0.5	1	101321 1426
19	172179	0.5	1	170057 2122
20	165551	0.5	1	163669 1882
21	132353	0.5	1	130707 1646
22	150665	0.5	1	148783 1882
23	159426	0.5	1	157368 2058
24	192455	0.5	1	189871 2584
25	124148	0.5	1	122520 1628
26	161970	0.5	1	160131 1839
27	148969	0.5	1	147021 1948
28	186029	0.5	1	184028 2001
29	100992	0.5	1	99459 1533
30	247927	0.5	1	245260 2667
31	69315	0.5	1	68309 1006
32	131195	0.5	1	129602 1593
33	117739	0.5	1	116304 1435
34	128498	0.5	1	126947 1551
35	147178	0.5	1	145282 1896
36	248112	0.5	1	245178 2934
37	135164	0.5	1	133374 1790
38	119997	0.5	1	118563 1434
39	118583	0.5	1	117146 1437
40	125775	0.5	1	124333 1442
41	136704	0.5	1	135232 1472
42	181162	0.5	1	179279 1883
43	224681	0.5	1	222647 2034
44	135020	0.5	1	133573 1447
45	126641	0.5	1	125061 1580
46	141780	0.5	1	140186 1594
47	99756	0.5	1	98692 1064
48	84222	0.5	1	83232 990
49	118848	0.5	1	117667 1181
50	71743	0.5	1	70865 878
51	96690	0.5	1	95786 904
52	77233	0.5	1	76381 852
53	86356	0.5	1	85424 932
54	96714	0.5	1	95770 944
55	53330	0.5	1	52731 599
56	75569	0.5	1	74751 818
57	97814	0.5	1	96824 990
58	80573	0.5	1	79816 757
59	45218	0.5	1	44737 481
60	75061	0.5	1	74379 682
61	57898	0.5	1	57343 555
62	58879	0.5	1	58323 556
63	78029	0.5	1	77335 694
64	53253	0.5	1	52728 525
65	43599	0.5	1	43194 405
66	55873	0.5	1	55364 509
67	64636	0.5	1	64068 568
68	44181	0.5	1	43759 422
69	53250	0.5	1	52730 520
70	56439	0.5	1	55916 523
71	49037	0.5	1	48598 439
72	50613	0.5	1	50145 468
73	48567	0.5	1	48094 473
74	49865	0.5	1	49358 507
75	45696	0.5	1	45272 424
76	42619	0.5	1	42182 437
77	41753	0.5	1	41335 418
78	43503	0.5	1	43036 467
79	53290	0.5	1	52260 1030
80	244105	0.5	1	241851 2254
81	108318	0.5	1	107132 1186
82	41407	0.5	1	40940 467
83	18791	0.5	1	18572 219
84	11454	0.5	1	11328 126
85	7423	0.5	1	7334 89
86	5429	0.5	1	5364 65
87	4224	0.5	1	4163 61
88	3247	0.5	1	3192 55
89	2564	0.5	1	2513 51
90	1779	0.5	1	1752 27
91	1439	0.5	1	1414 25
92	1175	0.5	1	1131 44
93	1030	0.5	1	1000 30
94	718	0.5	1	701 17
95	587	0.5	1	573 14
96	520	0.5	1	508 12
97	489	0.5	1	463 26
98	535	0.5	1	524 11
99	465	0.5	1	453 12
100	433	0.5	1	416 17
101	464	0.5	1	456 8
102	560	0.5	1	542 18
103	326	0.5	1	301 25
104	233	0.5	1	207 26
105	163	0.5	1	124 39
106	215	0.5	1	181 34
107	155	0.5	1	124 31
108	101	0.5	1	79 22
109	60	0.5	1	54 6
110	31	0.5	1	23 8
111	23	0.5	1	10 13
112	17	0.5	1	8 9
113	20	0.5	1	12 8
114	15	0.5	1	6 9
115	7	0.5	1	2 5
116	17	0.5	1	2 15
117	21	0.5	1	4 17
118	19	0.5	1	2 17
119	5	0.5	1	2 3
120	10	0.5	1	4 6
121	3	0.5	1	3
122	3	0.5	1	3
123	2	0.5	1	2


RUN STATISTICS FOR INPUT FILE: P1234_1002_2.fastq.gz
=============================================
31080150 sequences processed in total

Total number of sequences analysed for the sequence pair length validation: 31080150

Number of sequence pairs removed because at least one read was shorter than the length cutoff (20 bp): 259063 (0.83%)
