
SUMMARISING RUN PARAMETERS
==========================
Input filename: P1234_1007_1.fastq.gz
Trimming mode: paired-end
Trim Galore version: 0.4.1
Cutadapt version: 1.9.1
Quality Phred score cutoff: 20
Quality encoding type selected: ASCII+33
Adapter sequence: 'AGATCGGAAGAGC' (Illumina TruSeq, Sanger iPCR; auto-detected)
Maximum trimming error rate: 0.1 (default)
Minimum required adapter overlap (stringency): 1 bp
Minimum required sequence length for both reads before a sequence pair gets removed: 20 bp
Output file will be GZIP compressed


This is cutadapt 1.9.1 with Python 2.7.6
Command line parameters: -f fastq -e 0.1 -q 20 -O 1 -a AGATCGGAAGAGC P1234_1007_1.fastq.gz
Trimming 1 adapter with at most 10.0% errors in single-end mode ...
Finished in 325.68 s (15 us/read; 4.01 M reads/minute).

=== Summary ===

Total reads processed:              21,758,318
Reads with adapters:                17,880,702 (82.2%)
Reads written (passing filters):    21,758,318 (100.0%)

Total basepairs processed: 2,676,273,114 bp
Quality-trimmed:              72,194,656 bp (2.7%)
Total written (filtered):  1,835,518,861 bp (68.6%)

=== Adapter 1 ===

Sequence: AGATCGGAAGAGC; Type: regular 3'; Length: 13; Trimmed: 17880702 times.

No. of allowed errors:
0-9 bp: 0; 10-13 bp: 1

Bases preceding removed adapters:
  A: 28.1%
  C: 35.7%
  G: 23.7%
  T: 12.5%
  none/other: 0.1%

Overview of removed sequences
length	count	expect	max.err	error counts
1	1345587	5439579.5	0	1345587
2	470252	1359894.9	0	470252
3	233342	339973.7	0	233342
4	159635	84993.4	0	159635
5	137005	21248.4	0	137005
6	120408	5312.1	0	120408
7	122301	1328.0	0	122301
8	117796	332.0	0	117796
9	131172	83.0	0	130284 888
10	135212	20.8	1	131704 3508
11	110468	5.2	1	105894 4574
12	140740	1.3	1	127368 13372
13	165221	0.3	1	45499 119722
14	143655	0.3	1	32619 111036
15	160701	0.3	1	43909 116792
16	128723	0.3	1	27891 100832
17	139739	0.3	1	38830 100909
18	139645	0.3	1	30917 108728
19	135398	0.3	1	29843 105555
20	147062	0.3	1	41098 105964
21	136855	0.3	1	38021 98834
22	148909	0.3	1	33996 114913
23	175549	0.3	1	50069 125480
24	174129	0.3	1	40182 133947
25	162361	0.3	1	55080 107281
26	161751	0.3	1	158175 3576
27	161719	0.3	1	157443 4276
28	167708	0.3	1	163068 4640
29	149437	0.3	1	145265 4172
30	186119	0.3	1	181254 4865
31	155402	0.3	1	151168 4234
32	171307	0.3	1	166781 4526
33	134008	0.3	1	130226 3782
34	184720	0.3	1	179287 5433
35	211190	0.3	1	204723 6467
36	337541	0.3	1	328765 8776
37	191082	0.3	1	185784 5298
38	210712	0.3	1	205055 5657
39	204180	0.3	1	198298 5882
40	262094	0.3	1	255224 6870
41	274889	0.3	1	268027 6862
42	320436	0.3	1	311430 9006
43	566334	0.3	1	556393 9941
44	163580	0.3	1	159926 3654
45	112283	0.3	1	109656 2627
46	153042	0.3	1	149347 3695
47	245345	0.3	1	240068 5277
48	187522	0.3	1	183247 4275
49	184087	0.3	1	179583 4504
50	173661	0.3	1	168953 4708
51	190120	0.3	1	185155 4965
52	179770	0.3	1	174912 4858
53	184311	0.3	1	179480 4831
54	166136	0.3	1	161479 4657
55	166808	0.3	1	162457 4351
56	154280	0.3	1	150080 4200
57	178345	0.3	1	173702 4643
58	161571	0.3	1	157494 4077
59	180123	0.3	1	175722 4401
60	166426	0.3	1	162358 4068
61	158807	0.3	1	155037 3770
62	141602	0.3	1	138193 3409
63	154337	0.3	1	150816 3521
64	148167	0.3	1	144908 3259
65	150268	0.3	1	146997 3271
66	154930	0.3	1	151508 3422
67	160196	0.3	1	156740 3456
68	177811	0.3	1	173949 3862
69	159791	0.3	1	156207 3584
70	154908	0.3	1	151482 3426
71	168581	0.3	1	164760 3821
72	166028	0.3	1	162017 4011
73	162393	0.3	1	158097 4296
74	215588	0.3	1	209570 6018
75	278809	0.3	1	267163 11646
76	748469	0.3	1	719506 28963
77	1511927	0.3	1	1474538 37389
78	479360	0.3	1	467423 11937
79	150253	0.3	1	146491 3762
80	72783	0.3	1	71029 1754
81	44076	0.3	1	42929 1147
82	30969	0.3	1	30136 833
83	20724	0.3	1	20134 590
84	16092	0.3	1	15610 482
85	11072	0.3	1	10724 348
86	9668	0.3	1	9366 302
87	9041	0.3	1	8743 298
88	8418	0.3	1	8184 234
89	6648	0.3	1	6426 222
90	4501	0.3	1	4340 161
91	4495	0.3	1	4333 162
92	3693	0.3	1	3566 127
93	2894	0.3	1	2811 83
94	2351	0.3	1	2267 84
95	1679	0.3	1	1615 64
96	1357	0.3	1	1300 57
97	1099	0.3	1	1044 55
98	958	0.3	1	923 35
99	813	0.3	1	750 63
100	654	0.3	1	621 33
101	630	0.3	1	577 53
102	596	0.3	1	559 37
103	459	0.3	1	433 26
104	450	0.3	1	431 19
105	389	0.3	1	361 28
106	347	0.3	1	330 17
107	337	0.3	1	317 20
108	312	0.3	1	285 27
109	235	0.3	1	220 15
110	162	0.3	1	151 11
111	99	0.3	1	88 11
112	89	0.3	1	75 14
113	68	0.3	1	58 10
114	28	0.3	1	22 6
115	28	0.3	1	14 14
116	30	0.3	1	17 13
117	111	0.3	1	15 96
118	21	0.3	1	12 9
119	65	0.3	1	11 54
120	25	0.3	1	17 8
121	34	0.3	1	19 15
122	46	0.3	1	40 6
123	27	0.3	1	10 17


RUN STATISTICS FOR INPUT FILE: P1234_1007_1.fastq.gz
=============================================
21758318 sequences processed in total

