
SUMMARISING RUN PARAMETERS
==========================
Input filename: P1234_1014_2.fastq.gz
Trimming mode: paired-end
Trim Galore version: 0.4.1
Cutadapt version: 1.9.1
Quality Phred score cutoff: 20
Quality encoding type selected: ASCII+33
Adapter sequence: 'AGATCGGAAGAGC' (Illumina TruSeq, Sanger iPCR; auto-detected)
Maximum trimming error rate: 0.1 (default)
Minimum required adapter overlap (stringency): 1 bp
Minimum required sequence length for both reads before a sequence pair gets removed: 20 bp
Output file will be GZIP compressed


This is cutadapt 1.9.1 with Python 2.7.6
Command line parameters: -f fastq -e 0.1 -q 20 -O 1 -a AGATCGGAAGAGC P1234_1014_2.fastq.gz
Trimming 1 adapter with at most 10.0% errors in single-end mode ...
Finished in 673.29 s (14 us/read; 4.18 M reads/minute).

=== Summary ===

Total reads processed:              46,909,968
Reads with adapters:                27,009,777 (57.6%)
Reads written (passing filters):    46,909,968 (100.0%)

Total basepairs processed: 5,769,926,064 bp
Quality-trimmed:              95,012,083 bp (1.6%)
Total written (filtered):  5,065,011,564 bp (87.8%)

=== Adapter 1 ===

Sequence: AGATCGGAAGAGC; Type: regular 3'; Length: 13; Trimmed: 27009777 times.

No. of allowed errors:
0-9 bp: 0; 10-13 bp: 1

Bases preceding removed adapters:
  A: 12.5%
  C: 54.5%
  G: 26.0%
  T: 6.9%
  none/other: 0.0%

Overview of removed sequences
length	count	expect	max.err	error counts
1	7093505	11727492.0	0	7093505
2	1953844	2931873.0	0	1953844
3	847848	732968.2	0	847848
4	444858	183242.1	0	444858
5	346402	45810.5	0	346402
6	336038	11452.6	0	336038
7	342606	2863.2	0	342606
8	310333	715.8	0	310333
9	349778	178.9	0	348910 868
10	336998	44.7	1	333400 3598
11	259716	11.2	1	256563 3153
12	375391	2.8	1	371431 3960
13	249711	0.7	1	246152 3559
14	389258	0.7	1	384066 5192
15	251557	0.7	1	248216 3341
16	282536	0.7	1	278731 3805
17	377503	0.7	1	372824 4679
18	208911	0.7	1	205967 2944
19	305676	0.7	1	301596 4080
20	283548	0.7	1	279862 3686
21	244356	0.7	1	241203 3153
22	277953	0.7	1	274213 3740
23	282545	0.7	1	278615 3930
24	285331	0.7	1	281280 4051
25	265232	0.7	1	261520 3712
26	284963	0.7	1	281140 3823
27	275976	0.7	1	271903 4073
28	321885	0.7	1	317762 4123
29	180663	0.7	1	177653 3010
30	439792	0.7	1	434132 5660
31	87339	0.7	1	85714 1625
32	310718	0.7	1	306912 3806
33	152043	0.7	1	149864 2179
34	282371	0.7	1	278646 3725
35	294589	0.7	1	290377 4212
36	653952	0.7	1	646758 7194
37	35649	0.7	1	34582 1067
38	284242	0.7	1	280838 3404
39	203335	0.7	1	200783 2552
40	203526	0.7	1	201137 2389
41	282538	0.7	1	279636 2902
42	233511	0.7	1	230738 2773
43	443375	0.7	1	438812 4563
44	190159	0.7	1	187899 2260
45	243626	0.7	1	240429 3197
46	243259	0.7	1	240069 3190
47	169413	0.7	1	167292 2121
48	138976	0.7	1	137148 1828
49	225519	0.7	1	223125 2394
50	120788	0.7	1	119222 1566
51	169621	0.7	1	167590 2031
52	142928	0.7	1	141200 1728
53	161685	0.7	1	159815 1870
54	176270	0.7	1	174339 1931
55	107743	0.7	1	106500 1243
56	139538	0.7	1	137889 1649
57	173426	0.7	1	171477 1949
58	147808	0.7	1	146368 1440
59	80485	0.7	1	79593 892
60	123467	0.7	1	122196 1271
61	102975	0.7	1	101918 1057
62	111535	0.7	1	110354 1181
63	137072	0.7	1	135682 1390
64	97930	0.7	1	96998 932
65	76209	0.7	1	75428 781
66	98658	0.7	1	97663 995
67	115200	0.7	1	114208 992
68	70619	0.7	1	69881 738
69	90872	0.7	1	89998 874
70	94564	0.7	1	93621 943
71	81053	0.7	1	80177 876
72	84592	0.7	1	83714 878
73	83102	0.7	1	82250 852
74	83571	0.7	1	82699 872
75	80504	0.7	1	79689 815
76	77455	0.7	1	76645 810
77	77178	0.7	1	76406 772
78	82132	0.7	1	81244 888
79	99641	0.7	1	97932 1709
80	437458	0.7	1	433284 4174
81	209072	0.7	1	206675 2397
82	80064	0.7	1	79087 977
83	35162	0.7	1	34777 385
84	20546	0.7	1	20272 274
85	13111	0.7	1	12927 184
86	9130	0.7	1	9005 125
87	6851	0.7	1	6751 100
88	5144	0.7	1	5069 75
89	3995	0.7	1	3932 63
90	2962	0.7	1	2907 55
91	2294	0.7	1	2234 60
92	1832	0.7	1	1791 41
93	1487	0.7	1	1456 31
94	1230	0.7	1	1207 23
95	936	0.7	1	909 27
96	823	0.7	1	804 19
97	754	0.7	1	739 15
98	841	0.7	1	822 19
99	779	0.7	1	763 16
100	683	0.7	1	666 17
101	663	0.7	1	649 14
102	753	0.7	1	739 14
103	513	0.7	1	491 22
104	287	0.7	1	273 14
105	205	0.7	1	181 24
106	205	0.7	1	195 10
107	145	0.7	1	132 13
108	106	0.7	1	87 19
109	41	0.7	1	35 6
110	38	0.7	1	30 8
111	37	0.7	1	26 11
112	32	0.7	1	13 19
113	17	0.7	1	8 9
114	20	0.7	1	3 17
115	12	0.7	1	2 10
116	12	0.7	1	1 11
117	22	0.7	1	0 22
118	12	0.7	1	3 9
119	12	0.7	1	5 7
120	11	0.7	1	4 7
121	5	0.7	1	2 3
122	1	0.7	1	1


RUN STATISTICS FOR INPUT FILE: P1234_1014_2.fastq.gz
=============================================
46909968 sequences processed in total

Total number of sequences analysed for the sequence pair length validation: 46909968

Number of sequence pairs removed because at least one read was shorter than the length cutoff (20 bp): 340396 (0.73%)
