
SUMMARISING RUN PARAMETERS
==========================
Input filename: P1234_1002_1.fastq.gz
Trimming mode: paired-end
Trim Galore version: 0.4.1
Cutadapt version: 1.9.1
Quality Phred score cutoff: 20
Quality encoding type selected: ASCII+33
Adapter sequence: 'AGATCGGAAGAGC' (Illumina TruSeq, Sanger iPCR; auto-detected)
Maximum trimming error rate: 0.1 (default)
Minimum required adapter overlap (stringency): 1 bp
Minimum required sequence length for both reads before a sequence pair gets removed: 20 bp
Output file will be GZIP compressed


This is cutadapt 1.9.1 with Python 2.7.6
Command line parameters: -f fastq -e 0.1 -q 20 -O 1 -a AGATCGGAAGAGC P1234_1002_1.fastq.gz
Trimming 1 adapter with at most 10.0% errors in single-end mode ...
Finished in 498.83 s (16 us/read; 3.74 M reads/minute).

=== Summary ===

Total reads processed:              31,080,150
Reads with adapters:                17,264,360 (55.5%)
Reads written (passing filters):    31,080,150 (100.0%)

Total basepairs processed: 3,822,858,450 bp
Quality-trimmed:              34,401,973 bp (0.9%)
Total written (filtered):  3,446,822,024 bp (90.2%)

=== Adapter 1 ===

Sequence: AGATCGGAAGAGC; Type: regular 3'; Length: 13; Trimmed: 17264360 times.

No. of allowed errors:
0-9 bp: 0; 10-13 bp: 1

Bases preceding removed adapters:
  A: 34.0%
  C: 30.3%
  G: 22.0%
  T: 13.6%
  none/other: 0.0%

Overview of removed sequences
length	count	expect	max.err	error counts
1	5239933	7770037.5	0	5239933
2	1856345	1942509.4	0	1856345
3	683780	485627.3	0	683780
4	278780	121406.8	0	278780
5	190966	30351.7	0	190966
6	178592	7587.9	0	178592
7	179181	1897.0	0	179181
8	165906	474.2	0	165906
9	178150	118.6	0	177139 1011
10	173096	29.6	1	169209 3887
11	148320	7.4	1	143603 4717
12	176378	1.9	1	161354 15024
13	178796	0.5	1	48855 129941
14	179266	0.5	1	40499 138767
15	174828	0.5	1	47798 127030
16	151428	0.5	1	32378 119050
17	159917	0.5	1	44138 115779
18	154021	0.5	1	33573 120448
19	159249	0.5	1	34903 124346
20	156894	0.5	1	43702 113192
21	158078	0.5	1	44157 113921
22	144675	0.5	1	32994 111681
23	153456	0.5	1	43817 109639
24	158838	0.5	1	37426 121412
25	154608	0.5	1	50680 103928
26	149546	0.5	1	147522 2024
27	144658	0.5	1	142046 2612
28	156018	0.5	1	153176 2842
29	142956	0.5	1	140251 2705
30	175722	0.5	1	172664 3058
31	133969	0.5	1	131551 2418
32	149682	0.5	1	146960 2722
33	90164	0.5	1	88438 1726
34	161780	0.5	1	158584 3196
35	120725	0.5	1	118449 2276
36	227452	0.5	1	223392 4060
37	136410	0.5	1	133671 2739
38	133266	0.5	1	130800 2466
39	152932	0.5	1	150295 2637
40	101213	0.5	1	99487 1726
41	143695	0.5	1	141437 2258
42	167544	0.5	1	164903 2641
43	403236	0.5	1	398508 4728
44	73034	0.5	1	72090 944
45	58409	0.5	1	57608 801
46	67998	0.5	1	66935 1063
47	101336	0.5	1	99979 1357
48	95206	0.5	1	93833 1373
49	92595	0.5	1	91151 1444
50	88512	0.5	1	87046 1466
51	94850	0.5	1	93246 1604
52	86903	0.5	1	85287 1616
53	84451	0.5	1	82962 1489
54	79328	0.5	1	77769 1559
55	79464	0.5	1	78088 1376
56	65389	0.5	1	64257 1132
57	73614	0.5	1	72317 1297
58	72640	0.5	1	71493 1147
59	75728	0.5	1	74514 1214
60	67671	0.5	1	66608 1063
61	63834	0.5	1	62810 1024
62	60843	0.5	1	59936 907
63	64146	0.5	1	63304 842
64	60305	0.5	1	59468 837
65	56194	0.5	1	55428 766
66	60195	0.5	1	59414 781
67	60575	0.5	1	59700 875
68	56858	0.5	1	56138 720
69	55518	0.5	1	54742 776
70	55916	0.5	1	55142 774
71	55017	0.5	1	54326 691
72	54500	0.5	1	53722 778
73	54299	0.5	1	53414 885
74	61279	0.5	1	60243 1036
75	68794	0.5	1	67259 1535
76	148836	0.5	1	145471 3365
77	278069	0.5	1	272916 5153
78	96203	0.5	1	94484 1719
79	28262	0.5	1	27789 473
80	12058	0.5	1	11833 225
81	7397	0.5	1	7244 153
82	4948	0.5	1	4853 95
83	3922	0.5	1	3804 118
84	3254	0.5	1	3179 75
85	2463	0.5	1	2380 83
86	1660	0.5	1	1610 50
87	1231	0.5	1	1173 58
88	995	0.5	1	925 70
89	708	0.5	1	651 57
90	573	0.5	1	541 32
91	548	0.5	1	504 44
92	444	0.5	1	416 28
93	382	0.5	1	356 26
94	350	0.5	1	310 40
95	251	0.5	1	221 30
96	198	0.5	1	171 27
97	164	0.5	1	132 32
98	150	0.5	1	117 33
99	140	0.5	1	103 37
100	102	0.5	1	76 26
101	107	0.5	1	77 30
102	96	0.5	1	72 24
103	89	0.5	1	61 28
104	78	0.5	1	55 23
105	89	0.5	1	56 33
106	80	0.5	1	41 39
107	64	0.5	1	35 29
108	102	0.5	1	49 53
109	51	0.5	1	22 29
110	34	0.5	1	14 20
111	30	0.5	1	12 18
112	33	0.5	1	6 27
113	47	0.5	1	5 42
114	29	0.5	1	4 25
115	18	0.5	1	5 13
116	28	0.5	1	1 27
117	34	0.5	1	0 34
118	35	0.5	1	3 32
119	29	0.5	1	3 26
120	14	0.5	1	0 14
121	43	0.5	1	1 42
122	44	0.5	1	9 35
123	28	0.5	1	2 26


RUN STATISTICS FOR INPUT FILE: P1234_1002_1.fastq.gz
=============================================
31080150 sequences processed in total

