
SUMMARISING RUN PARAMETERS
==========================
Input filename: P1234_1005_1.fastq.gz
Trimming mode: paired-end
Trim Galore version: 0.4.1
Cutadapt version: 1.9.1
Quality Phred score cutoff: 20
Quality encoding type selected: ASCII+33
Adapter sequence: 'AGATCGGAAGAGC' (Illumina TruSeq, Sanger iPCR; auto-detected)
Maximum trimming error rate: 0.1 (default)
Minimum required adapter overlap (stringency): 1 bp
Minimum required sequence length for both reads before a sequence pair gets removed: 20 bp
Output file will be GZIP compressed


This is cutadapt 1.9.1 with Python 2.7.6
Command line parameters: -f fastq -e 0.1 -q 20 -O 1 -a AGATCGGAAGAGC P1234_1005_1.fastq.gz
Trimming 1 adapter with at most 10.0% errors in single-end mode ...
Finished in 522.48 s (15 us/read; 3.88 M reads/minute).

=== Summary ===

Total reads processed:              33,756,772
Reads with adapters:                21,150,654 (62.7%)
Reads written (passing filters):    33,756,772 (100.0%)

Total basepairs processed: 4,152,082,956 bp
Quality-trimmed:              52,170,230 bp (1.3%)
Total written (filtered):  3,519,017,399 bp (84.8%)

=== Adapter 1 ===

Sequence: AGATCGGAAGAGC; Type: regular 3'; Length: 13; Trimmed: 21150654 times.

No. of allowed errors:
0-9 bp: 0; 10-13 bp: 1

Bases preceding removed adapters:
  A: 31.7%
  C: 32.6%
  G: 22.8%
  T: 12.9%
  none/other: 0.0%

Overview of removed sequences
length	count	expect	max.err	error counts
1	4605471	8439193.0	0	4605471
2	1620114	2109798.2	0	1620114
3	624486	527449.6	0	624486
4	288554	131862.4	0	288554
5	219838	32965.6	0	219838
6	214939	8241.4	0	214939
7	209673	2060.3	0	209673
8	196393	515.1	0	196393
9	209645	128.8	0	208122 1523
10	199765	32.2	1	194141 5624
11	176060	8.0	1	169111 6949
12	214299	2.0	1	195046 19253
13	217033	0.5	1	59466 157567
14	218910	0.5	1	49570 169340
15	233222	0.5	1	63897 169325
16	192231	0.5	1	41250 150981
17	206582	0.5	1	57123 149459
18	201307	0.5	1	44293 157014
19	198147	0.5	1	43330 154817
20	208877	0.5	1	58665 150212
21	198004	0.5	1	55211 142793
22	188476	0.5	1	42901 145575
23	192394	0.5	1	55096 137298
24	205781	0.5	1	49408 156373
25	210165	0.5	1	78453 131712
26	175606	0.5	1	171904 3702
27	196118	0.5	1	191284 4834
28	199605	0.5	1	194518 5087
29	197834	0.5	1	192589 5245
30	215746	0.5	1	210540 5206
31	174010	0.5	1	169281 4729
32	195834	0.5	1	190882 4952
33	139159	0.5	1	135361 3798
34	195373	0.5	1	190042 5331
35	195983	0.5	1	190662 5321
36	286128	0.5	1	278823 7305
37	191564	0.5	1	186524 5040
38	199326	0.5	1	194095 5231
39	184740	0.5	1	179910 4830
40	206052	0.5	1	201114 4938
41	208312	0.5	1	203218 5094
42	284043	0.5	1	275461 8582
43	630734	0.5	1	620326 10408
44	99182	0.5	1	96978 2204
45	70374	0.5	1	68608 1766
46	118136	0.5	1	115326 2810
47	183529	0.5	1	179520 4009
48	157109	0.5	1	153580 3529
49	163425	0.5	1	159624 3801
50	150522	0.5	1	146671 3851
51	156842	0.5	1	152810 4032
52	144276	0.5	1	140432 3844
53	145057	0.5	1	141204 3853
54	137158	0.5	1	133418 3740
55	134223	0.5	1	130815 3408
56	121234	0.5	1	118060 3174
57	128710	0.5	1	125343 3367
58	133796	0.5	1	130505 3291
59	141991	0.5	1	138686 3305
60	124535	0.5	1	121511 3024
61	123768	0.5	1	120900 2868
62	120201	0.5	1	117557 2644
63	123055	0.5	1	120266 2789
64	118146	0.5	1	115720 2426
65	112593	0.5	1	110185 2408
66	120540	0.5	1	118143 2397
67	123331	0.5	1	120794 2537
68	116076	0.5	1	113656 2420
69	113877	0.5	1	111546 2331
70	114678	0.5	1	112306 2372
71	126146	0.5	1	123441 2705
72	122487	0.5	1	119834 2653
73	116772	0.5	1	113967 2805
74	128818	0.5	1	125508 3310
75	152977	0.5	1	147647 5330
76	347948	0.5	1	335772 12176
77	680466	0.5	1	664565 15901
78	239688	0.5	1	234112 5576
79	72073	0.5	1	70320 1753
80	33033	0.5	1	32263 770
81	18980	0.5	1	18450 530
82	14949	0.5	1	14487 462
83	15511	0.5	1	15028 483
84	14860	0.5	1	14493 367
85	9721	0.5	1	9463 258
86	6603	0.5	1	6388 215
87	4879	0.5	1	4705 174
88	3774	0.5	1	3657 117
89	3104	0.5	1	3011 93
90	2617	0.5	1	2518 99
91	2574	0.5	1	2480 94
92	2225	0.5	1	2134 91
93	1868	0.5	1	1795 73
94	1371	0.5	1	1320 51
95	860	0.5	1	809 51
96	574	0.5	1	549 25
97	478	0.5	1	445 33
98	391	0.5	1	358 33
99	291	0.5	1	267 24
100	222	0.5	1	199 23
101	188	0.5	1	175 13
102	188	0.5	1	176 12
103	130	0.5	1	115 15
104	129	0.5	1	117 12
105	122	0.5	1	104 18
106	99	0.5	1	87 12
107	100	0.5	1	85 15
108	103	0.5	1	86 17
109	85	0.5	1	58 27
110	50	0.5	1	27 23
111	32	0.5	1	28 4
112	21	0.5	1	16 5
113	26	0.5	1	7 19
114	8	0.5	1	5 3
115	15	0.5	1	5 10
116	36	0.5	1	1 35
117	42	0.5	1	6 36
118	26	0.5	1	4 22
119	15	0.5	1	3 12
120	9	0.5	1	5 4
121	33	0.5	1	3 30
122	32	0.5	1	7 25
123	8	0.5	1	1 7


RUN STATISTICS FOR INPUT FILE: P1234_1005_1.fastq.gz
=============================================
33756772 sequences processed in total

