
SUMMARISING RUN PARAMETERS
==========================
Input filename: P1234_1016_1.fastq.gz
Trimming mode: paired-end
Trim Galore version: 0.4.1
Cutadapt version: 1.9.1
Quality Phred score cutoff: 20
Quality encoding type selected: ASCII+33
Adapter sequence: 'AGATCGGAAGAGC' (Illumina TruSeq, Sanger iPCR; auto-detected)
Maximum trimming error rate: 0.1 (default)
Minimum required adapter overlap (stringency): 1 bp
Minimum required sequence length for both reads before a sequence pair gets removed: 20 bp
Output file will be GZIP compressed


This is cutadapt 1.9.1 with Python 2.7.6
Command line parameters: -f fastq -e 0.1 -q 20 -O 1 -a AGATCGGAAGAGC P1234_1016_1.fastq.gz
Trimming 1 adapter with at most 10.0% errors in single-end mode ...
Finished in 434.76 s (15 us/read; 3.90 M reads/minute).

=== Summary ===

Total reads processed:              28,242,306
Reads with adapters:                22,322,640 (79.0%)
Reads written (passing filters):    28,242,306 (100.0%)

Total basepairs processed: 3,473,803,638 bp
Quality-trimmed:              70,145,010 bp (2.0%)
Total written (filtered):  2,603,804,118 bp (75.0%)

=== Adapter 1 ===

Sequence: AGATCGGAAGAGC; Type: regular 3'; Length: 13; Trimmed: 22322640 times.

No. of allowed errors:
0-9 bp: 0; 10-13 bp: 1

Bases preceding removed adapters:
  A: 31.6%
  C: 32.3%
  G: 22.9%
  T: 13.2%
  none/other: 0.0%

Overview of removed sequences
length	count	expect	max.err	error counts
1	2808395	7060576.5	0	2808395
2	910017	1765144.1	0	910017
3	477488	441286.0	0	477488
4	249599	110321.5	0	249599
5	200301	27580.4	0	200301
6	208200	6895.1	0	208200
7	206171	1723.8	0	206171
8	202332	430.9	0	202332
9	223921	107.7	0	221812 2109
10	220877	26.9	1	214419 6458
11	192827	6.7	1	183759 9068
12	229512	1.7	1	205880 23632
13	218147	0.4	1	60032 158115
14	229005	0.4	1	51864 177141
15	220376	0.4	1	61171 159205
16	217094	0.4	1	47038 170056
17	224118	0.4	1	62197 161921
18	229253	0.4	1	50561 178692
19	223579	0.4	1	49707 173872
20	218765	0.4	1	61151 157614
21	226411	0.4	1	62606 163805
22	218659	0.4	1	48624 170035
23	234005	0.4	1	66686 167319
24	242405	0.4	1	57292 185113
25	242061	0.4	1	81417 160644
26	220138	0.4	1	214090 6048
27	237466	0.4	1	230203 7263
28	254299	0.4	1	246442 7857
29	229045	0.4	1	221661 7384
30	236743	0.4	1	229407 7336
31	234313	0.4	1	226992 7321
32	239238	0.4	1	231849 7389
33	216694	0.4	1	209763 6931
34	253610	0.4	1	245146 8464
35	251312	0.4	1	243136 8176
36	299117	0.4	1	290140 8977
37	230266	0.4	1	223111 7155
38	248042	0.4	1	240564 7478
39	240815	0.4	1	233399 7416
40	234183	0.4	1	227152 7031
41	253642	0.4	1	246654 6988
42	257203	0.4	1	248309 8894
43	498864	0.4	1	488943 9921
44	161718	0.4	1	157709 4009
45	127267	0.4	1	123480 3787
46	169326	0.4	1	164482 4844
47	213221	0.4	1	207750 5471
48	203981	0.4	1	198345 5636
49	222254	0.4	1	216198 6056
50	197682	0.4	1	191480 6202
51	221013	0.4	1	214452 6561
52	202456	0.4	1	196367 6089
53	212398	0.4	1	205991 6407
54	204979	0.4	1	198393 6586
55	209878	0.4	1	203874 6004
56	178000	0.4	1	172361 5639
57	190334	0.4	1	184563 5771
58	195136	0.4	1	189341 5795
59	204311	0.4	1	198714 5597
60	174863	0.4	1	169972 4891
61	180458	0.4	1	175391 5067
62	170539	0.4	1	165795 4744
63	179888	0.4	1	175377 4511
64	177440	0.4	1	172858 4582
65	165956	0.4	1	161703 4253
66	172996	0.4	1	168592 4404
67	170864	0.4	1	166537 4327
68	168215	0.4	1	163810 4405
69	166159	0.4	1	161920 4239
70	168068	0.4	1	163727 4341
71	172316	0.4	1	167681 4635
72	172129	0.4	1	167573 4556
73	177932	0.4	1	172562 5370
74	205398	0.4	1	198952 6446
75	257321	0.4	1	245956 11365
76	571868	0.4	1	546164 25704
77	1202928	0.4	1	1170164 32764
78	499271	0.4	1	486337 12934
79	139121	0.4	1	135347 3774
80	55937	0.4	1	54322 1615
81	32928	0.4	1	31970 958
82	21740	0.4	1	21008 732
83	14356	0.4	1	13837 519
84	14542	0.4	1	14030 512
85	15381	0.4	1	14839 542
86	14126	0.4	1	13672 454
87	9138	0.4	1	8819 319
88	6665	0.4	1	6415 250
89	4466	0.4	1	4308 158
90	2832	0.4	1	2732 100
91	2539	0.4	1	2447 92
92	2028	0.4	1	1948 80
93	1590	0.4	1	1523 67
94	1271	0.4	1	1200 71
95	1012	0.4	1	955 57
96	833	0.4	1	786 47
97	648	0.4	1	599 49
98	593	0.4	1	541 52
99	545	0.4	1	495 50
100	464	0.4	1	427 37
101	406	0.4	1	383 23
102	341	0.4	1	319 22
103	332	0.4	1	285 47
104	284	0.4	1	260 24
105	250	0.4	1	225 25
106	210	0.4	1	201 9
107	200	0.4	1	172 28
108	167	0.4	1	144 23
109	131	0.4	1	114 17
110	90	0.4	1	66 24
111	57	0.4	1	50 7
112	61	0.4	1	39 22
113	28	0.4	1	16 12
114	24	0.4	1	7 17
115	31	0.4	1	3 28
116	12	0.4	1	7 5
117	39	0.4	1	2 37
118	26	0.4	1	5 21
119	25	0.4	1	5 20
120	11	0.4	1	5 6
121	31	0.4	1	1 30
122	31	0.4	1	8 23
123	27	0.4	1	5 22


RUN STATISTICS FOR INPUT FILE: P1234_1016_1.fastq.gz
=============================================
28242306 sequences processed in total

