
SUMMARISING RUN PARAMETERS
==========================
Input filename: P1234_1004_1.fastq.gz
Trimming mode: paired-end
Trim Galore version: 0.4.1
Cutadapt version: 1.9.1
Quality Phred score cutoff: 20
Quality encoding type selected: ASCII+33
Adapter sequence: 'AGATCGGAAGAGC' (Illumina TruSeq, Sanger iPCR; auto-detected)
Maximum trimming error rate: 0.1 (default)
Minimum required adapter overlap (stringency): 1 bp
Minimum required sequence length for both reads before a sequence pair gets removed: 20 bp
Output file will be GZIP compressed


This is cutadapt 1.9.1 with Python 2.7.6
Command line parameters: -f fastq -e 0.1 -q 20 -O 1 -a AGATCGGAAGAGC P1234_1004_1.fastq.gz
Trimming 1 adapter with at most 10.0% errors in single-end mode ...
Finished in 490.07 s (16 us/read; 3.82 M reads/minute).

=== Summary ===

Total reads processed:              31,194,060
Reads with adapters:                18,173,634 (58.3%)
Reads written (passing filters):    31,194,060 (100.0%)

Total basepairs processed: 3,836,869,380 bp
Quality-trimmed:              42,045,009 bp (1.1%)
Total written (filtered):  3,360,472,501 bp (87.6%)

=== Adapter 1 ===

Sequence: AGATCGGAAGAGC; Type: regular 3'; Length: 13; Trimmed: 18173634 times.

No. of allowed errors:
0-9 bp: 0; 10-13 bp: 1

Bases preceding removed adapters:
  A: 32.2%
  C: 31.8%
  G: 23.0%
  T: 13.0%
  none/other: 0.0%

Overview of removed sequences
length	count	expect	max.err	error counts
1	4739616	7798515.0	0	4739616
2	1650147	1949628.8	0	1650147
3	610719	487407.2	0	610719
4	265074	121851.8	0	265074
5	194746	30462.9	0	194746
6	190970	7615.7	0	190970
7	190022	1903.9	0	190022
8	176191	476.0	0	176191
9	175997	119.0	0	174597 1400
10	186709	29.7	1	181326 5383
11	148939	7.4	1	143275 5664
12	187472	1.9	1	170168 17304
13	191056	0.5	1	51884 139172
14	184618	0.5	1	41516 143102
15	197448	0.5	1	54349 143099
16	169190	0.5	1	36480 132710
17	169720	0.5	1	46800 122920
18	165102	0.5	1	36156 128946
19	169430	0.5	1	37132 132298
20	168250	0.5	1	47243 121007
21	170418	0.5	1	47303 123115
22	155068	0.5	1	35253 119815
23	156678	0.5	1	44284 112394
24	167251	0.5	1	38778 128473
25	158130	0.5	1	49389 108741
26	158158	0.5	1	154538 3620
27	158047	0.5	1	153793 4254
28	163736	0.5	1	159239 4497
29	162193	0.5	1	157748 4445
30	168244	0.5	1	163720 4524
31	146638	0.5	1	142509 4129
32	152109	0.5	1	148116 3993
33	114169	0.5	1	110890 3279
34	162863	0.5	1	157943 4920
35	207270	0.5	1	202077 5193
36	173929	0.5	1	169165 4764
37	158254	0.5	1	154101 4153
38	144655	0.5	1	140711 3944
39	138575	0.5	1	134961 3614
40	162903	0.5	1	159004 3899
41	165624	0.5	1	161477 4147
42	227823	0.5	1	221240 6583
43	412813	0.5	1	405688 7125
44	97128	0.5	1	94862 2266
45	64186	0.5	1	62596 1590
46	92262	0.5	1	89938 2324
47	141460	0.5	1	138332 3128
48	118254	0.5	1	115501 2753
49	128160	0.5	1	125077 3083
50	112518	0.5	1	109472 3046
51	120629	0.5	1	117407 3222
52	107354	0.5	1	104541 2813
53	108111	0.5	1	105243 2868
54	101382	0.5	1	98560 2822
55	101797	0.5	1	99161 2636
56	86253	0.5	1	84002 2251
57	95254	0.5	1	92739 2515
58	97136	0.5	1	94676 2460
59	104837	0.5	1	102342 2495
60	88482	0.5	1	86311 2171
61	89040	0.5	1	86884 2156
62	85588	0.5	1	83525 2063
63	87047	0.5	1	85143 1904
64	82863	0.5	1	81122 1741
65	79230	0.5	1	77596 1634
66	85007	0.5	1	83145 1862
67	85503	0.5	1	83670 1833
68	80138	0.5	1	78322 1816
69	79884	0.5	1	78109 1775
70	80269	0.5	1	78538 1731
71	88555	0.5	1	86643 1912
72	84731	0.5	1	82875 1856
73	80441	0.5	1	78351 2090
74	88499	0.5	1	86215 2284
75	106770	0.5	1	103078 3692
76	227758	0.5	1	219288 8470
77	474807	0.5	1	463251 11556
78	171989	0.5	1	167908 4081
79	55178	0.5	1	53904 1274
80	22659	0.5	1	22101 558
81	12534	0.5	1	12193 341
82	8762	0.5	1	8502 260
83	5872	0.5	1	5708 164
84	5593	0.5	1	5399 194
85	4505	0.5	1	4358 147
86	4342	0.5	1	4221 121
87	3443	0.5	1	3341 102
88	2229	0.5	1	2129 100
89	1585	0.5	1	1527 58
90	1062	0.5	1	1008 54
91	926	0.5	1	886 40
92	849	0.5	1	802 47
93	623	0.5	1	587 36
94	556	0.5	1	530 26
95	358	0.5	1	334 24
96	283	0.5	1	261 22
97	284	0.5	1	270 14
98	197	0.5	1	179 18
99	190	0.5	1	166 24
100	149	0.5	1	132 17
101	137	0.5	1	122 15
102	142	0.5	1	134 8
103	117	0.5	1	108 9
104	91	0.5	1	77 14
105	93	0.5	1	87 6
106	68	0.5	1	58 10
107	70	0.5	1	51 19
108	70	0.5	1	46 24
109	54	0.5	1	37 17
110	44	0.5	1	29 15
111	20	0.5	1	16 4
112	22	0.5	1	9 13
113	33	0.5	1	13 20
114	31	0.5	1	7 24
115	34	0.5	1	2 32
116	11	0.5	1	4 7
117	22	0.5	1	2 20
118	13	0.5	1	3 10
119	14	0.5	1	2 12
120	14	0.5	1	5 9
121	27	0.5	1	1 26
122	22	0.5	1	2 20
123	20	0.5	1	3 17


RUN STATISTICS FOR INPUT FILE: P1234_1004_1.fastq.gz
=============================================
31194060 sequences processed in total

