
SUMMARISING RUN PARAMETERS
==========================
Input filename: P1234_1013_2.fastq.gz
Trimming mode: paired-end
Trim Galore version: 0.4.1
Cutadapt version: 1.9.1
Quality Phred score cutoff: 20
Quality encoding type selected: ASCII+33
Adapter sequence: 'AGATCGGAAGAGC' (Illumina TruSeq, Sanger iPCR; auto-detected)
Maximum trimming error rate: 0.1 (default)
Minimum required adapter overlap (stringency): 1 bp
Minimum required sequence length for both reads before a sequence pair gets removed: 20 bp
Output file will be GZIP compressed


This is cutadapt 1.9.1 with Python 2.7.6
Command line parameters: -f fastq -e 0.1 -q 20 -O 1 -a AGATCGGAAGAGC P1234_1013_2.fastq.gz
Trimming 1 adapter with at most 10.0% errors in single-end mode ...
Finished in 791.38 s (13 us/read; 4.47 M reads/minute).

=== Summary ===

Total reads processed:              59,012,592
Reads with adapters:                36,176,284 (61.3%)
Reads written (passing filters):    59,012,592 (100.0%)

Total basepairs processed: 7,258,548,816 bp
Quality-trimmed:             120,422,390 bp (1.7%)
Total written (filtered):  6,240,207,097 bp (86.0%)

=== Adapter 1 ===

Sequence: AGATCGGAAGAGC; Type: regular 3'; Length: 13; Trimmed: 36176284 times.

No. of allowed errors:
0-9 bp: 0; 10-13 bp: 1

Bases preceding removed adapters:
  A: 10.7%
  C: 57.4%
  G: 25.9%
  T: 5.9%
  none/other: 0.0%

Overview of removed sequences
length	count	expect	max.err	error counts
1	8136244	14753148.0	0	8136244
2	2286421	3688287.0	0	2286421
3	1034790	922071.8	0	1034790
4	570178	230517.9	0	570178
5	461539	57629.5	0	461539
6	458025	14407.4	0	458025
7	464246	3601.8	0	464246
8	422120	900.5	0	422120
9	482856	225.1	0	481666 1190
10	460544	56.3	1	455593 4951
11	354312	14.1	1	350022 4290
12	521156	3.5	1	515574 5582
13	344533	0.9	1	339227 5306
14	542368	0.9	1	535008 7360
15	352137	0.9	1	347379 4758
16	395890	0.9	1	390465 5425
17	528714	0.9	1	521872 6842
18	293657	0.9	1	289222 4435
19	432079	0.9	1	426254 5825
20	403272	0.9	1	397925 5347
21	343465	0.9	1	338926 4539
22	397006	0.9	1	391314 5692
23	407011	0.9	1	401069 5942
24	412343	0.9	1	406166 6177
25	378484	0.9	1	372885 5599
26	411357	0.9	1	405488 5869
27	398871	0.9	1	392799 6072
28	464685	0.9	1	458423 6262
29	259952	0.9	1	255491 4461
30	636491	0.9	1	628026 8465
31	133433	0.9	1	130962 2471
32	448646	0.9	1	442878 5768
33	223019	0.9	1	219744 3275
34	417650	0.9	1	411935 5715
35	434107	0.9	1	427443 6664
36	963316	0.9	1	952464 10852
37	54851	0.9	1	53264 1587
38	419240	0.9	1	414157 5083
39	297886	0.9	1	294128 3758
40	292891	0.9	1	289410 3481
41	413355	0.9	1	408682 4673
42	337067	0.9	1	333001 4066
43	637517	0.9	1	630743 6774
44	277175	0.9	1	273756 3419
45	360883	0.9	1	355885 4998
46	371559	0.9	1	366732 4827
47	243649	0.9	1	240493 3156
48	208052	0.9	1	205249 2803
49	330701	0.9	1	326866 3835
50	183180	0.9	1	180706 2474
51	245930	0.9	1	242785 3145
52	211541	0.9	1	208954 2587
53	241115	0.9	1	238187 2928
54	274666	0.9	1	271598 3068
55	149491	0.9	1	147655 1836
56	211513	0.9	1	208908 2605
57	263975	0.9	1	260995 2980
58	219969	0.9	1	217815 2154
59	121188	0.9	1	119751 1437
60	186274	0.9	1	184361 1913
61	155418	0.9	1	153815 1603
62	167463	0.9	1	165724 1739
63	211025	0.9	1	208965 2060
64	148541	0.9	1	147089 1452
65	114201	0.9	1	113073 1128
66	146914	0.9	1	145395 1519
67	171944	0.9	1	170378 1566
68	106236	0.9	1	105037 1199
69	136569	0.9	1	135159 1410
70	142378	0.9	1	140987 1391
71	122694	0.9	1	121328 1366
72	127448	0.9	1	126069 1379
73	126060	0.9	1	124704 1356
74	128653	0.9	1	127282 1371
75	125878	0.9	1	124525 1353
76	119749	0.9	1	118472 1277
77	120020	0.9	1	118689 1331
78	128225	0.9	1	126770 1455
79	159167	0.9	1	156439 2728
80	691609	0.9	1	684931 6678
81	315458	0.9	1	311805 3653
82	118564	0.9	1	117138 1426
83	52375	0.9	1	51705 670
84	29916	0.9	1	29508 408
85	19049	0.9	1	18799 250
86	13234	0.9	1	13029 205
87	9715	0.9	1	9573 142
88	7157	0.9	1	7073 84
89	5449	0.9	1	5359 90
90	4074	0.9	1	3993 81
91	3165	0.9	1	3115 50
92	2625	0.9	1	2582 43
93	2256	0.9	1	2217 39
94	1793	0.9	1	1761 32
95	1386	0.9	1	1334 52
96	1345	0.9	1	1305 40
97	1198	0.9	1	1166 32
98	1338	0.9	1	1310 28
99	1216	0.9	1	1192 24
100	1048	0.9	1	1029 19
101	1098	0.9	1	1081 17
102	1275	0.9	1	1248 27
103	791	0.9	1	767 24
104	485	0.9	1	464 21
105	356	0.9	1	316 40
106	358	0.9	1	333 25
107	249	0.9	1	233 16
108	151	0.9	1	136 15
109	104	0.9	1	90 14
110	65	0.9	1	51 14
111	42	0.9	1	27 15
112	25	0.9	1	18 7
113	26	0.9	1	11 15
114	14	0.9	1	5 9
115	11	0.9	1	4 7
116	18	0.9	1	7 11
117	15	0.9	1	1 14
118	17	0.9	1	3 14
119	12	0.9	1	5 7
120	17	0.9	1	2 15
121	10	0.9	1	7 3
122	6	0.9	1	2 4
123	1	0.9	1	0 1


RUN STATISTICS FOR INPUT FILE: P1234_1013_2.fastq.gz
=============================================
59012592 sequences processed in total

Total number of sequences analysed for the sequence pair length validation: 59012592

Number of sequence pairs removed because at least one read was shorter than the length cutoff (20 bp): 399226 (0.68%)
