
SUMMARISING RUN PARAMETERS
==========================
Input filename: P1234_1019_2.fastq.gz
Trimming mode: paired-end
Trim Galore version: 0.4.1
Cutadapt version: 1.9.1
Quality Phred score cutoff: 20
Quality encoding type selected: ASCII+33
Adapter sequence: 'AGATCGGAAGAGC' (Illumina TruSeq, Sanger iPCR; auto-detected)
Maximum trimming error rate: 0.1 (default)
Minimum required adapter overlap (stringency): 1 bp
Minimum required sequence length for both reads before a sequence pair gets removed: 20 bp
Output file will be GZIP compressed


This is cutadapt 1.9.1 with Python 2.7.6
Command line parameters: -f fastq -e 0.1 -q 20 -O 1 -a AGATCGGAAGAGC P1234_1019_2.fastq.gz
Trimming 1 adapter with at most 10.0% errors in single-end mode ...
Finished in 236.05 s (14 us/read; 4.30 M reads/minute).

=== Summary ===

Total reads processed:              16,902,605
Reads with adapters:                14,151,003 (83.7%)
Reads written (passing filters):    16,902,605 (100.0%)

Total basepairs processed: 2,079,020,415 bp
Quality-trimmed:              64,723,207 bp (3.1%)
Total written (filtered):  1,396,655,629 bp (67.2%)

=== Adapter 1 ===

Sequence: AGATCGGAAGAGC; Type: regular 3'; Length: 13; Trimmed: 14151003 times.

No. of allowed errors:
0-9 bp: 0; 10-13 bp: 1

Bases preceding removed adapters:
  A: 3.0%
  C: 65.9%
  G: 29.6%
  T: 1.4%
  none/other: 0.1%

Overview of removed sequences
length	count	expect	max.err	error counts
1	867067	4225651.2	0	867067
2	291649	1056412.8	0	291649
3	152530	264103.2	0	152530
4	108703	66025.8	0	108703
5	105936	16506.5	0	105936
6	110161	4126.6	0	110161
7	117595	1031.7	0	117595
8	99046	257.9	0	99046
9	120098	64.5	0	119843 255
10	122982	16.1	1	121561 1421
11	88356	4.0	1	87214 1142
12	142480	1.0	1	140778 1702
13	97032	0.3	1	95401 1631
14	165161	0.3	1	162580 2581
15	96666	0.3	1	95236 1430
16	117018	0.3	1	115168 1850
17	166065	0.3	1	163523 2542
18	83917	0.3	1	82515 1402
19	138560	0.3	1	136513 2047
20	126664	0.3	1	124714 1950
21	112635	0.3	1	110967 1668
22	135997	0.3	1	133970 2027
23	143971	0.3	1	141632 2339
24	157964	0.3	1	155277 2687
25	137550	0.3	1	135204 2346
26	156360	0.3	1	153668 2692
27	152238	0.3	1	149521 2717
28	185536	0.3	1	182521 3015
29	99163	0.3	1	97129 2034
30	270509	0.3	1	266245 4264
31	54445	0.3	1	53343 1102
32	189163	0.3	1	186486 2677
33	89294	0.3	1	87793 1501
34	173002	0.3	1	170315 2687
35	174231	0.3	1	171398 2833
36	397510	0.3	1	392741 4769
37	22953	0.3	1	22133 820
38	192737	0.3	1	190239 2498
39	132368	0.3	1	130647 1721
40	141853	0.3	1	140171 1682
41	196054	0.3	1	193829 2225
42	161147	0.3	1	159154 1993
43	275777	0.3	1	272458 3319
44	132670	0.3	1	130976 1694
45	196967	0.3	1	194076 2891
46	222254	0.3	1	218958 3296
47	150343	0.3	1	148133 2210
48	135167	0.3	1	133225 1942
49	204186	0.3	1	201636 2550
50	125803	0.3	1	123926 1877
51	158761	0.3	1	156665 2096
52	144826	0.3	1	142827 1999
53	163758	0.3	1	161598 2160
54	189994	0.3	1	187720 2274
55	107876	0.3	1	106386 1490
56	154715	0.3	1	152729 1986
57	203316	0.3	1	200900 2416
58	161481	0.3	1	159781 1700
59	96579	0.3	1	95374 1205
60	150666	0.3	1	148993 1673
61	124545	0.3	1	123124 1421
62	134398	0.3	1	133017 1381
63	174275	0.3	1	172539 1736
64	119096	0.3	1	117923 1173
65	98756	0.3	1	97780 976
66	123309	0.3	1	121956 1353
67	149467	0.3	1	147989 1478
68	98924	0.3	1	97907 1017
69	125575	0.3	1	124312 1263
70	133778	0.3	1	132419 1359
71	117514	0.3	1	116245 1269
72	125102	0.3	1	123774 1328
73	124377	0.3	1	123014 1363
74	132231	0.3	1	130697 1534
75	130030	0.3	1	128633 1397
76	129585	0.3	1	128096 1489
77	132430	0.3	1	130859 1571
78	147970	0.3	1	146025 1945
79	207738	0.3	1	202168 5570
80	1014821	0.3	1	1004144 10677
81	438302	0.3	1	432835 5467
82	157937	0.3	1	155823 2114
83	69472	0.3	1	68560 912
84	39392	0.3	1	38882 510
85	26160	0.3	1	25782 378
86	18592	0.3	1	18317 275
87	13934	0.3	1	13716 218
88	10569	0.3	1	10417 152
89	8397	0.3	1	8290 107
90	6467	0.3	1	6375 92
91	5193	0.3	1	5134 59
92	4377	0.3	1	4320 57
93	3724	0.3	1	3665 59
94	3415	0.3	1	3364 51
95	2786	0.3	1	2738 48
96	2686	0.3	1	2660 26
97	2703	0.3	1	2685 18
98	3037	0.3	1	3012 25
99	2840	0.3	1	2822 18
100	2528	0.3	1	2512 16
101	2996	0.3	1	2987 9
102	3631	0.3	1	3611 20
103	2153	0.3	1	2140 13
104	1386	0.3	1	1360 26
105	910	0.3	1	871 39
106	1392	0.3	1	1384 8
107	890	0.3	1	882 8
108	466	0.3	1	458 8
109	288	0.3	1	280 8
110	207	0.3	1	202 5
111	108	0.3	1	103 5
112	111	0.3	1	101 10
113	62	0.3	1	54 8
114	74	0.3	1	42 32
115	47	0.3	1	30 17
116	37	0.3	1	35 2
117	45	0.3	1	37 8
118	54	0.3	1	37 17
119	33	0.3	1	30 3
120	38	0.3	1	35 3
121	39	0.3	1	30 9
122	65	0.3	1	59 6
123	34	0.3	1	21 13


RUN STATISTICS FOR INPUT FILE: P1234_1019_2.fastq.gz
=============================================
16902605 sequences processed in total

Total number of sequences analysed for the sequence pair length validation: 16902605

Number of sequence pairs removed because at least one read was shorter than the length cutoff (20 bp): 421829 (2.50%)
