
SUMMARISING RUN PARAMETERS
==========================
Input filename: P1234_1010_1.fastq.gz
Trimming mode: paired-end
Trim Galore version: 0.4.1
Cutadapt version: 1.9.1
Quality Phred score cutoff: 20
Quality encoding type selected: ASCII+33
Adapter sequence: 'AGATCGGAAGAGC' (Illumina TruSeq, Sanger iPCR; auto-detected)
Maximum trimming error rate: 0.1 (default)
Minimum required adapter overlap (stringency): 1 bp
Minimum required sequence length for both reads before a sequence pair gets removed: 20 bp
Output file will be GZIP compressed


This is cutadapt 1.9.1 with Python 2.7.6
Command line parameters: -f fastq -e 0.1 -q 20 -O 1 -a AGATCGGAAGAGC P1234_1010_1.fastq.gz
Trimming 1 adapter with at most 10.0% errors in single-end mode ...
Finished in 173.10 s (15 us/read; 3.94 M reads/minute).

=== Summary ===

Total reads processed:              11,357,451
Reads with adapters:                 8,630,090 (76.0%)
Reads written (passing filters):    11,357,451 (100.0%)

Total basepairs processed: 1,396,966,473 bp
Quality-trimmed:              29,960,892 bp (2.1%)
Total written (filtered):  1,057,853,350 bp (75.7%)

=== Adapter 1 ===

Sequence: AGATCGGAAGAGC; Type: regular 3'; Length: 13; Trimmed: 8630090 times.

No. of allowed errors:
0-9 bp: 0; 10-13 bp: 1

Bases preceding removed adapters:
  A: 29.3%
  C: 33.3%
  G: 23.5%
  T: 13.7%
  none/other: 0.1%

Overview of removed sequences
length	count	expect	max.err	error counts
1	1161562	2839362.8	0	1161562
2	346866	709840.7	0	346866
3	164994	177460.2	0	164994
4	91326	44365.0	0	91326
5	78060	11091.3	0	78060
6	72680	2772.8	0	72680
7	70275	693.2	0	70275
8	69263	173.3	0	69263
9	74240	43.3	0	73760 480
10	77119	10.8	1	75059 2060
11	62176	2.7	1	59644 2532
12	80471	0.7	1	73166 7305
13	77704	0.2	1	21414 56290
14	75358	0.2	1	16998 58360
15	79618	0.2	1	21721 57897
16	70242	0.2	1	15065 55177
17	73748	0.2	1	20376 53372
18	71510	0.2	1	15783 55727
19	73689	0.2	1	16463 57226
20	69543	0.2	1	19312 50231
21	75751	0.2	1	21333 54418
22	73901	0.2	1	17079 56822
23	81804	0.2	1	23327 58477
24	88961	0.2	1	21320 67641
25	80469	0.2	1	26787 53682
26	82777	0.2	1	80985 1792
27	80762	0.2	1	78705 2057
28	84548	0.2	1	82259 2289
29	74999	0.2	1	72929 2070
30	82275	0.2	1	80141 2134
31	80992	0.2	1	78767 2225
32	91307	0.2	1	88956 2351
33	74692	0.2	1	72602 2090
34	120331	0.2	1	117264 3067
35	101851	0.2	1	99330 2521
36	218598	0.2	1	212773 5825
37	128459	0.2	1	125025 3434
38	113643	0.2	1	110805 2838
39	99658	0.2	1	96910 2748
40	114657	0.2	1	111891 2766
41	104560	0.2	1	102113 2447
42	142679	0.2	1	138827 3852
43	319043	0.2	1	313827 5216
44	56861	0.2	1	55607 1254
45	51633	0.2	1	50485 1148
46	53985	0.2	1	52824 1161
47	78359	0.2	1	76745 1614
48	77713	0.2	1	75985 1728
49	81380	0.2	1	79549 1831
50	75823	0.2	1	73831 1992
51	84782	0.2	1	82644 2138
52	79678	0.2	1	77635 2043
53	79280	0.2	1	77315 1965
54	72835	0.2	1	70953 1882
55	70845	0.2	1	68985 1860
56	59941	0.2	1	58347 1594
57	66198	0.2	1	64467 1731
58	70039	0.2	1	68338 1701
59	73682	0.2	1	71887 1795
60	70833	0.2	1	69173 1660
61	68188	0.2	1	66624 1564
62	61812	0.2	1	60393 1419
63	64723	0.2	1	63277 1446
64	61231	0.2	1	59978 1253
65	55946	0.2	1	54807 1139
66	58977	0.2	1	57699 1278
67	60762	0.2	1	59484 1278
68	59873	0.2	1	58663 1210
69	57947	0.2	1	56711 1236
70	61543	0.2	1	60329 1214
71	71907	0.2	1	70333 1574
72	70899	0.2	1	69349 1550
73	68298	0.2	1	66607 1691
74	93368	0.2	1	90854 2514
75	98290	0.2	1	94194 4096
76	255622	0.2	1	246090 9532
77	460011	0.2	1	448493 11518
78	141184	0.2	1	137771 3413
79	37575	0.2	1	36605 970
80	15503	0.2	1	15129 374
81	9158	0.2	1	8907 251
82	7389	0.2	1	7191 198
83	5736	0.2	1	5557 179
84	4767	0.2	1	4635 132
85	3401	0.2	1	3326 75
86	2561	0.2	1	2488 73
87	1779	0.2	1	1720 59
88	1333	0.2	1	1295 38
89	999	0.2	1	956 43
90	933	0.2	1	862 71
91	910	0.2	1	871 39
92	884	0.2	1	850 34
93	761	0.2	1	733 28
94	614	0.2	1	575 39
95	466	0.2	1	438 28
96	406	0.2	1	390 16
97	289	0.2	1	268 21
98	255	0.2	1	234 21
99	334	0.2	1	200 134
100	187	0.2	1	160 27
101	191	0.2	1	168 23
102	161	0.2	1	152 9
103	154	0.2	1	138 16
104	163	0.2	1	146 17
105	121	0.2	1	113 8
106	109	0.2	1	107 2
107	91	0.2	1	85 6
108	102	0.2	1	82 20
109	117	0.2	1	91 26
110	67	0.2	1	63 4
111	53	0.2	1	29 24
112	33	0.2	1	33
113	27	0.2	1	14 13
114	35	0.2	1	9 26
115	23	0.2	1	5 18
116	101	0.2	1	11 90
117	401	0.2	1	6 395
118	68	0.2	1	7 61
119	64	0.2	1	6 58
120	38	0.2	1	18 20
121	30	0.2	1	12 18
122	34	0.2	1	22 12
123	58	0.2	1	6 52


RUN STATISTICS FOR INPUT FILE: P1234_1010_1.fastq.gz
=============================================
11357451 sequences processed in total

