
SUMMARISING RUN PARAMETERS
==========================
Input filename: P1234_1009_1.fastq.gz
Trimming mode: paired-end
Trim Galore version: 0.4.1
Cutadapt version: 1.9.1
Quality Phred score cutoff: 20
Quality encoding type selected: ASCII+33
Adapter sequence: 'AGATCGGAAGAGC' (Illumina TruSeq, Sanger iPCR; auto-detected)
Maximum trimming error rate: 0.1 (default)
Minimum required adapter overlap (stringency): 1 bp
Minimum required sequence length for both reads before a sequence pair gets removed: 20 bp
Output file will be GZIP compressed


This is cutadapt 1.9.1 with Python 2.7.6
Command line parameters: -f fastq -e 0.1 -q 20 -O 1 -a AGATCGGAAGAGC P1234_1009_1.fastq.gz
Trimming 1 adapter with at most 10.0% errors in single-end mode ...
Finished in 321.41 s (16 us/read; 3.82 M reads/minute).

=== Summary ===

Total reads processed:              20,462,961
Reads with adapters:                14,571,596 (71.2%)
Reads written (passing filters):    20,462,961 (100.0%)

Total basepairs processed: 2,516,944,203 bp
Quality-trimmed:              45,844,095 bp (1.8%)
Total written (filtered):  2,006,499,339 bp (79.7%)

=== Adapter 1 ===

Sequence: AGATCGGAAGAGC; Type: regular 3'; Length: 13; Trimmed: 14571596 times.

No. of allowed errors:
0-9 bp: 0; 10-13 bp: 1

Bases preceding removed adapters:
  A: 31.0%
  C: 32.3%
  G: 22.6%
  T: 14.1%
  none/other: 0.0%

Overview of removed sequences
length	count	expect	max.err	error counts
1	2442161	5115740.2	0	2442161
2	753338	1278935.1	0	753338
3	345107	319733.8	0	345107
4	185883	79933.4	0	185883
5	153077	19983.4	0	153077
6	142269	4995.8	0	142269
7	136815	1249.0	0	136815
8	135576	312.2	0	135576
9	152588	78.1	0	151565 1023
10	142189	19.5	1	138232 3957
11	128463	4.9	1	122559 5904
12	139986	1.2	1	128278 11708
13	156929	0.3	1	42620 114309
14	133017	0.3	1	30322 102695
15	142220	0.3	1	39084 103136
16	135767	0.3	1	30143 105624
17	146209	0.3	1	40816 105393
18	144364	0.3	1	32539 111825
19	123509	0.3	1	27462 96047
20	136863	0.3	1	38108 98755
21	132321	0.3	1	36600 95721
22	129790	0.3	1	29223 100567
23	149035	0.3	1	42352 106683
24	152281	0.3	1	36426 115855
25	150516	0.3	1	52888 97628
26	137879	0.3	1	134610 3269
27	140701	0.3	1	136951 3750
28	152813	0.3	1	148892 3921
29	127115	0.3	1	123484 3631
30	134755	0.3	1	131138 3617
31	139462	0.3	1	135685 3777
32	148735	0.3	1	144866 3869
33	123713	0.3	1	120143 3570
34	167860	0.3	1	162971 4889
35	203821	0.3	1	197747 6074
36	304535	0.3	1	296797 7738
37	150123	0.3	1	146207 3916
38	188160	0.3	1	183011 5149
39	179178	0.3	1	174738 4440
40	135746	0.3	1	132228 3518
41	169628	0.3	1	165433 4195
42	235057	0.3	1	228699 6358
43	431435	0.3	1	423667 7768
44	123591	0.3	1	121076 2515
45	71330	0.3	1	69676 1654
46	76965	0.3	1	75046 1919
47	122603	0.3	1	120024 2579
48	111168	0.3	1	108523 2645
49	130645	0.3	1	127690 2955
50	108151	0.3	1	105311 2840
51	131593	0.3	1	128283 3310
52	109994	0.3	1	107068 2926
53	116410	0.3	1	113354 3056
54	111984	0.3	1	108933 3051
55	105658	0.3	1	102842 2816
56	89225	0.3	1	86817 2408
57	98010	0.3	1	95450 2560
58	101554	0.3	1	99043 2511
59	109437	0.3	1	106712 2725
60	98094	0.3	1	95574 2520
61	98767	0.3	1	96513 2254
62	85406	0.3	1	83327 2079
63	94223	0.3	1	92192 2031
64	90880	0.3	1	88982 1898
65	86004	0.3	1	84207 1797
66	89070	0.3	1	87124 1946
67	91326	0.3	1	89352 1974
68	90500	0.3	1	88563 1937
69	86150	0.3	1	84286 1864
70	91331	0.3	1	89390 1941
71	99602	0.3	1	97302 2300
72	99941	0.3	1	97665 2276
73	98903	0.3	1	96284 2619
74	123233	0.3	1	119947 3286
75	141498	0.3	1	136171 5327
76	332469	0.3	1	320542 11927
77	626652	0.3	1	610906 15746
78	211492	0.3	1	206325 5167
79	60188	0.3	1	58600 1588
80	24233	0.3	1	23588 645
81	16727	0.3	1	16272 455
82	12158	0.3	1	11811 347
83	8572	0.3	1	8337 235
84	7319	0.3	1	7100 219
85	5483	0.3	1	5291 192
86	4313	0.3	1	4186 127
87	3010	0.3	1	2928 82
88	2679	0.3	1	2580 99
89	2007	0.3	1	1936 71
90	1499	0.3	1	1435 64
91	1316	0.3	1	1254 62
92	1143	0.3	1	1092 51
93	922	0.3	1	882 40
94	823	0.3	1	783 40
95	646	0.3	1	607 39
96	522	0.3	1	504 18
97	439	0.3	1	409 30
98	335	0.3	1	307 28
99	314	0.3	1	277 37
100	272	0.3	1	250 22
101	228	0.3	1	210 18
102	203	0.3	1	188 15
103	189	0.3	1	163 26
104	179	0.3	1	167 12
105	142	0.3	1	130 12
106	108	0.3	1	101 7
107	103	0.3	1	90 13
108	103	0.3	1	95 8
109	86	0.3	1	78 8
110	77	0.3	1	70 7
111	54	0.3	1	34 20
112	35	0.3	1	22 13
113	40	0.3	1	20 20
114	36	0.3	1	12 24
115	22	0.3	1	8 14
116	36	0.3	1	4 32
117	110	0.3	1	3 107
118	31	0.3	1	1 30
119	7	0.3	1	5 2
120	4	0.3	1	4
121	9	0.3	1	1 8
122	16	0.3	1	8 8
123	10	0.3	1	3 7


RUN STATISTICS FOR INPUT FILE: P1234_1009_1.fastq.gz
=============================================
20462961 sequences processed in total

