459.057
573.038
682.918
784.309
889.593
995.652
1102.619
1196.714
1272.806
1337.456
1406.383
1470.82
1512.629
1564.014
1626.045
1672.782
1712.056
1755.216
1802.793
1840.329
1870.113
1903.552
1930.98
1983.961
1997.711
2012.127
2032.638
2064.96
2093.98
2122.507
2153.095
2173.727
2195.182
2211.797
2235.848
2253.881
2261.029
2265.175
2265.527
2285.922
2294.461
2301.16
2305.121
2317.803
2328.914
2352.711
2365.535
2365.577
2361.842
2363.351
2370.283
2394.455
2392.815
2392.871
2388.161
2374.663
2359.048
2353.244
2340.157
2339.292
2331.753
2326.8
2323.31
2320.491
2309.129
2304.224
2297.428
2315.651
2303.995
2297.233
2282.667
2246.361
2223.128
2188.563
2162.447
2141.246
2122.322
2108.61
2095.16
2074.155
2045.984
2018.128
1978.336
1932.366
1878.947
1813.488
1768.55
1732.754
1694.128
1637.909
1576.181
1500.042
1435.391
1366.568
1298.112
1227.46
1152.792
1089.388
1028.413
953.951
