913.595
923.994
930.432
942.44
949.243
964.742
974.552
982.524
988.069
994.269
999.289
1006.95
1018.385
1023.231
1031.887
1036.112
1042.008
1047.594
1053.203
1059.72
1066.69
1077.996
1084.073
1089.064
1094.904
1103.515
1114.994
1121.196
1127.365
1134.954
1143.325
1150.585
1158.798
1165.154
1174.249
1184.221
1194.218
1201.776
1207.544
1216.065
1224.997
1235.66
1245.184
1253.204
1260.76
1269.654
1288.192
1296.736
1303.275
1311.213
1320.544
1333.464
1344.021
1355.974
1364.43
1371.32
1380.315
1389.562
1395.422
1402.684
1410.891
1417.591
1425.266
1432.229
1436.465
1439.055
1445.772
1453.625
1460.74
1470.461
1484.501
1494.094
1513.474
1522.845
1532.088
1541.815
1550.027
1558.678
1564.591
1575.05
1584.825
1594.706
1605.536
1615.528
1623.281
1631.418
1641.435
1650.881
1659.015
1667.677
1681.934
1681.404
1689.515
1703.322
1711.23
1717.706
1735.013
1744.194
1751.616
1761.733
1767.602
1775.006
1781.058
1787.338
1799.02
1803.839
1810.938
1825.287
1827.022
1838.087
1836.7357
1844.4755
1847.7347
1855.7007
1865.5946
1874.8959
1884.5615
1891.6287
1897.4524
1900.7335
1909.5121
1915.992
1913.2736
1919.1473
1922.2134
1929.8978
1931.6743
1936.2285
1943.2986
1947.8788
1944.9409
1949.4569
1951.7305
1953.6012
1959.3457
1954.8076
1959.3538
1959.1512
1957.471
1961.7064
1962.9098
1965.5231
1969.7465
1973.6202
1970.465
1969.1503
1971.025
1972.1643
1975.3297
1975.7626
1976.2245
1977.495
1976.8226
1983.1543
1992.4058
1996.5942
1999.2645
2002.45
1999.6122
1999.6653
1997.9098
1999.3838
2003.2365
2004.2736
2008.7686
2010.9359
2017.3757
2021.7855
2024.2526
2029.1323
2030.3807
2037.4069
2041.2545
2040.8436
2043.5781
2042.971
2049.1052
2054.4805
2055.293
2058.7112
2060.353
2058.3782
2060.9138
2057.1355
2055.7854
2057.1113
2062.8677
2072.8967
2079.337
2080.661
2078.8064
2081.9487
2085.0942
2086.9329
2084.7432
2090.2356
2092.3088
2100.8787
2104.5757
2104.0742
2104.7322
2103.4382
2099.3752
2100.7573
2103.1274
2105.069
2111.2727
2108.354
2112.049
2113.9438
2120.8645
2116.4163
2111.636
2117.654
2118.7712
2119.1965
2122.2727
2126.1255
2125.9138
2129.2598
2129.977
2135.715
2136.4744
2134.666
2129.1174
2130.638
2139.314
2144.1665
2147.8726
2145.481
2148.5984
2149.3535
2150.7358
2149.9177
2146.3132
2146.0864
2145.2654
2149.9749
2153.424
2154.3247
2154.615
2157.8862
2164.01
2165.9346
2164.677
2168.4346
2175.1096
2184.179
2178.2737
2183.5483
2188.4622
2186.584
2188.5317
2192.545
2194.502
2196.3892
2197.356
2187.1453
2185.1562
2187.6753
2187.0283
2189.202
2184.1926
2180.1765
2179.2876
2184.007
2197.7224
2197.0808
2190.79
2186.324
2188.9072
2188.9495
2183.5464
2182.3918
2176.804
2163.5283
2163.318
2161.6536
2164.696
2170.0203
2167.2336
2171.5854
2170.6287
2172.7185
2177.4558
2173.0566
2175.14
2173.5872
2166.5244
2167.4868
2164.413
2159.2356
2155.8457
2156.6182
2156.2874
2153.9502
2156.9897
2161.1047
2159.8403
2159.9236
2154.9553
2159.348
2159.9858
2157.4822
2153.8484
2144.7273
2144.7808
2138.4456
2133.4556
2130.425
2125.3354
2121.0796
2107.7195
2106.6887
2106.6428
2106.8813
2092.502
2092.5122
2093.545
2089.764
2087.862
2085.6033
2081.8496
2080.5098
2085.0122
2089.169
2095.5098
2091.7158
2094.5718
2095.6382
2094.7307
2094.742
2088.8633
2090.6636
2093.558
2096.803
2094.539
2090.7834
2092.5427
2085.6511
2088.6987
2089.9153
2094.4092
2097.484
2098.184
2102.915
2109.998
2113.4492
2116.059
2114.1704
2114.895
2114.8447
2106.2666
2106.516
2104.6348
2106.8296
2105.068
2101.092
2101.4036
2100.8406
2095.0723
2096.8457
2097.1228
2091.7795
2101.4812
2095.4111
2093.9075
2089.021
2084.8022
2082.1094
2085.3225
2086.207
2086.9482
2086.4355
2083.7454
2083.746
2077.1038
2078.606
2093.0168
2090.2017
2079.0127
2079.0127
2082.253
2081.4382
2079.1829
2073.6968
2079.6177
2068.8271
2056.2446
2054.6846
2061.118
2055.4463
2055.6477
2051.3137
2056.2344
2060.6875
2057.7693
2059.5366
2056.2646
2052.8398
2038.9349
2031.532
2029.8065
2029.8412
2032.9651
2032.2719
2014.4503
2015.8579
2009.5355
2001.1552
1995.2218
1997.0449
1993.1775
1990.2606
1979.7722
1978.218
1979.0712
1968.0011
1970.7388
1971.2728
1973.4521
1970.2712
1967.6053
1957.968
1956.3793
1949.8644
1948.355
1951.0386
1952.3613
1953.3617
1957.8516
1945.4142
1941.2703
1940.5443
1933.7627
1923.6544
1918.0823
1921.3456
1921.4353
1914.8772
1913.5736
1908.472
1903.7389
1898.7834
1896.9117
1894.5984
1901.1926
1901.6992
1891.9066
1893.8273
1892.2092
1893.4095
1898.0762
1896.5006
1888.9476
1886.1411
1889.4669
1884.9646
1883.2917
1882.1821
1875.2772
1877.8931
1884.1509
1883.8422
1881.8812
1877.2555
1869.6643
1860.1829
1861.46
1859.0371
1864.0604
1866.7334
1866.6702
1863.3846
1861.8635
1860.9696
1860.544
1860.0234
1869.1807
1864.8961
1865.5231
1867.5748
1879.1396
1876.579
1873.9833
1861.697
1860.4221
1856.8005
1856.8893
1860.0844
1866.4216
1861.7418
1863.6534
1862.5405
1861.3685
1876.1519
1869.1436
1872.5754
1870.2036
1877.7726
1876.8749
1875.5067
1891.2935
1881.349
1890.0037
1880.9266
1880.2703
1878.3329
1874.2294
1873.4095
1876.4275
1878.2202
1876.5238
1872.0402
1871.9059
1883.7927
1882.7224
1883.6025
1885.9697
1890.0076
1889.8845
1882.7627
1880.6349
1879.7322
1876.5854
1871.4393
1875.7112
1869.5669
1866.3015
1862.9612
1861.717
1860.793
1859.3804
1858.3312
1851.8926
1851.0634
1854.9844
1854.1598
1856.9935
1856.6888
1855.3538
1845.9359
1853.6793
1849.0288
1850.1509
1847.8818
1844.6833
1843.791
1844.9237
1845.0066
1846.3136
1845.4467
1844.9736
1841.6702
1835.3474
1835.3329
1833.0437
1825.804
1825.5338
1817.2899
1819.788
1827.7343
1822.8153
1821.7885
1818.2664
1817.4858
1819.1631
1816.3895
1815.3208
1818.5115
1824.3076
1821.5835
1823.517
1817.4204
1819.985
1818.8047
1824.1957
1825.0027
1815.4609
1819.158
1819.011
1820.205
1826.3417
1823.8147
1821.4058
1824.2701
1829.6593
1828.2562
1827.6754
1832.3994
1836.7448
1840.2941
1832.1873
1832.1687
1829.1953
1842.6486
1842.6008
1844.5098
1842.5868
1846.3301
1865.4446
1871.8789
1876.3204
1873.5645
1884.448
1879.2168
1874.887
1873.2942
1872.9884
1871.0668
1873.2587
1884.8684
1879.1818
1873.7405
1884.5994
1886.1855
1882.7142
1884.5435
1885.6843
1885.9896
1881.1063
1878.0753
1881.7659
1882.3026
1878.2764
1877.2957
1874.8438
1872.256
1863.3726
1868.4626
1873.5112
1864.7928
1873.8899
1877.0575
1874.8497
1875.8573
1888.7732
1897.7412
1891.2113
1890.2723
1893.0818
1891.6522
1893.9348
1897.1506
1886.073
1884.4028
1885.6489
1885.5133
1902.0094
1899.6843
1900.025
1896.7965
1889.9171
1883.7257
1885.3475
1882.9984
1888.1969
1887.3112
1889.7131
1887.355
1884.601
1896.6885
1899.0912
1898.8368
1893.12
1895.7961
1894.8906
1898.292
1892.6693
1895.4596
1887.1376
1880.7136
1885.2013
1883.7106
1901.213
1897.5228
1898.3153
1901.5869
1898.5707
1875.9457
1868.843
1873.0913
1871.7122
1872.3323
1870.177
1864.9078
1863.8724
1858.9698
1850.0454
1844.1042
1843.3187
1847.924
1837.4071
1834.1757
1824.3892
1827.7272
1823.6694
1824.6011
1824.6735
1824.401
1817.756
1811.4352
1808.6598
1810.0995
1810.1736
1802.6196
1805.888
1817.8
1814.2988
1808.5941
1805.6638
1808.768
1806.1466
1810.5105
1811.6649
1808.2701
1796.4341
1791.0792
1793.0654
1789.2527
1785.44
1785.6766
1784.3575
1792.4512
1795.6196
1792.0715
1786.9714
1779.4158
1779.4209
1773.7766
1770.4883
1765.8373
1764.519
1763.0728
1763.9525
1761.9835
1759.0238
1746.0862
1747.9447
1745.617
1745.4022
1742.2288
1739.2458
1733.2883
1730.2606
1733.0835
1733.5985
1732.7836
1725.4795
1730.694
1727.6212
1729.2542
1720.886
1716.0449
1713.0978
1718.6102
1718.3591
1714.0889
1725.4943
1727.1406
1725.1466
1727.6003
1732.4231
1754.0752
1753.724
1758.2389
1766.3652
1760.0059
1767.0787
1776.7787
1787.5168
1788.1885
1787.6342
1796.584
1804.9276
1795.838
1789.215
1795.1362
1796.6843
1795.1039
1796.1738
1789.957
1788.6892
1798.8624
1802.8082
1799.3217
1796.6433
1792.3699
1786.907
1791.3313
1796.5332
1802.183
1803.0938
1801.6417
1805.2546
1804.7808
1801.0376
1789.3159
1782.7699
1788.5115
1787.7017
1784.9033
1792.551
1789.6077
1786.5577
1782.6517
1778.1346
1787.4537
1783.3534
1783.8683
1780.1323
1774.1475
1780.7843
1778.2013
1775.1466
1779.5253
1780.5996
1782.6519
1777.765
1776.1396
1773.9402
1767.9601
1766.7578
1767.5078
1774.2953
1774.755
1773.1487
1771.3558
1769.3446
1768.4095
1765.1655
1758.7573
1764.1338
1766.0931
1770.8352
1763.3027
1776.2949
1776.739
1782.0626
1771.3851
1773.0721
1771.7256
1777.4359
1774.9883
1773.8501
1751.4259
1746.393
1749.8024
1752.6038
1753.6761
1747.9692
1743.5012
1742.7512
1741.1848
1745.7876
1740.4292
1741.3438
1738.1466
1731.6443
1733.1952
1741.6836
1750.3585
1753.0636
1754.5061
1763.8914
1765.042
1772.2462
1765.7706
1762.374
1762.85
1764.1704
1760.1078
1748.0526
1743.7694
1746.995
1743.6348
1743.947
1737.6987
1744.0
1734.8082
1723.4066
1723.7289
1722.1897
1716.5743
1720.925
1719.4806
1718.5026
1713.5466
1733.3151
1729.3854
1732.5524
1736.6111
1732.529
1725.6746
1720.7295
1720.6383
1725.3877
1733.7607
1727.0295
1730.0
1732.7324
1731.7703
1718.7101
1718.9701
1714.5625
1712.2147
1709.97
1705.8583
1697.4115
1692.7574
1691.1584
1697.0907
1701.9174
1698.4408
1710.5083
1705.3583
1709.1927
1711.6123
1710.2837
1707.9972
1717.1105
1715.2634
1713.8442
1720.88
1717.9253
1712.7069
1703.477
1699.5374
1700.5331
1698.0057
1698.0059
1691.895
1698.4912
1699.4532
1697.5702
1700.3871
1697.6656
1682.8446
1685.4193
1683.5278
1681.4252
1681.1144
1679.5483
1690.4985
1685.5786
1688.4435
1690.2627
1694.1377
1704.8132
1708.3202
1711.9333
1712.8723
1725.9418
1725.6871
1720.5154
1718.3619
1717.5292
1718.4229
1717.9073
1711.4166
1706.4568
1710.0991
1724.5
1723.8727
1728.4767
1730.1031
1738.4734
1738.605
1741.6887
1743.4417
1741.7634
1741.7887
1742.5994
1746.3671
1746.5475
1751.5428
1748.5809
1752.3217
1749.8949
1746.7284
1740.0511
1735.2268
1733.1565
1740.3738
1740.3961
1736.6869
1746.7924
1750.3269
1749.2596
1739.8007
1723.6592
1728.3967
1729.1774
1727.5923
1700.7305
1700.7825
1703.1863
1715.2712
1720.423
1721.059
1724.3191
1724.1085
1724.6415
1731.4983
1736.5133
1735.8577
1724.7417
1724.4801
1721.1158
1721.1821
1718.2119
1720.692
1723.2823
1721.4651
1718.5913
1716.2823
1714.5581
1713.3289
1711.0133
1707.8173
1705.9801
1708.6934
1711.27
1708.62
1714.4281
1711.9633
1707.7893
1713.9261
1713.3724
1708.3759
1708.6208
1706.5806
1705.0201
1702.0436
1709.5338
1687.7703
1687.2635
1690.4222
1694.8068
1689.5017
1687.5458
1682.6769
1678.7585
1682.6416
1682.6655
1683.6484
1683.6621
1685.471
1681.1161
1683.4829
1681.4349
1683.9897
1683.7217
1681.3505
1680.5605
1682.4791
1680.8577
1678.6459
1674.8577
1677.8188
1702.6259
1714.4441
1709.0035
1708.9895
1706.4615
1702.2727
1697.2238
1698.7614
1692.9229
1700.5598
1704.5704
1712.3145
1717.2375
1712.6383
1713.5979
1712.3488
1710.79
1710.612
1710.8363
1709.7616
1710.7758
1708.7081
1706.3168
1704.9537
1704.7758
1716.2858
1719.2214
1715.85
1715.1178
1717.1857
1714.4214
1719.5269
1722.3921
1720.5612
1725.1877
1735.4332
1731.3899
1716.2997
1716.4115
1716.538
1718.0686
1717.6931
1720.7211
1730.8982
1742.3663
1739.1208
1735.4615
1733.773
1729.1282
1729.6849
1726.6959
1723.751
1727.6985
1734.7573
1740.1617
1738.7463
1734.5662
1731.9117
1735.8265
1691.1371
1695.9628
1693.6283
1697.2156
1694.2343
1692.4313
1684.1003
1683.1934
1683.9814
1732.282
1731.3008
1733.361
1735.8226
1733.7057
1730.9698
1738.6136
1737.2235
1735.3901
1732.966
1732.409
1731.3334
1729.8365
1728.2472
1728.8745
1729.1027
1730.374
1726.9427
1716.5343
1715.5
1721.0077
1732.498
1742.7778
1748.4346
1750.9066
1747.6848
1763.0701
1758.9027
1760.7665
1769.2695
1775.5686
1776.0745
1790.0117
1789.9922
1788.4823
1794.8544
1791.1536
1788.8031
1794.0396
1791.6996
1784.9329
1779.5635
1783.9283
1760.4064
1754.3427
1750.6375
1749.4303
1756.056
1752.772
1750.268
1748.528
1745.936
1737.78
1733.896
1730.812
1733.7711
1732.5181
1739.9476
1740.9597
1737.875
1735.6049
1738.413
1737.5406
1734.8536
1739.9183
1744.0656
1742.6681
1739.9016
1737.664
1730.9385
1707.7582
1685.8074
1683.6189
1680.3237
1676.041
1672.2377
1660.0492
1660.291
1659.1926
1658.5902
1656.9426
1655.5902
1637.2255
1638.2008
1639.5656
1647.3811
1648.586
1648.586
1652.2798
1668.9712
1666.6338
1662.5844
1656.642
1653.0946
1657.0411
1656.376
1654.0083
1654.4274
1654.7096
1652.7551
1659.2283
1663.4875
1663.2125
1662.15
1665.1292
1658.8042
1654.0834
1652.1917
1638.0834
1638.2916
1639.3292
1639.7084
1651.2899
1648.9412
1657.0466
1657.6653
1656.5212
1658.9237
1644.2119
1622.4364
1617.945
1617.7119
1614.5763
1615.195
1614.8856
1616.695
1616.6271
1619.0381
1617.7881
1650.2203
1648.733
1654.7234
1653.8723
1661.5342
1660.2393
1660.1581
1657.141
1657.1495
1654.7821
1653.1367
1650.2094
1646.6965
1651.5236
1650.4077
1660.8138
1667.4565
1666.6652
1662.5913
1659.1696
1660.7609
1656.1478
1655.7695
1659.0957
1664.773
1665.428
1666.2708
1675.6052
1671.6886
1678.5771
1673.8855
1698.4071
1698.177
1719.56
1728.4509
1722.0358
1724.7264
1724.8341
1724.4529
1726.1166
1729.6458
1732.4215
1739.399
1729.7444
1731.8296
1729.7085
1734.399
1733.4978
1732.9417
1749.8834
1751.2332
1754.1793
1756.0627
1759.6099
1757.1031
1754.4349
1748.4485
1743.139
1739.7578
1742.8834
1743.6726
1743.6503
1752.1306
1753.536
1758.2126
1757.8417
1753.9186
1748.095
1746.6606
1706.8009
1703.5928
1703.75
1701.3318
1700.1136
1697.8091
1696.9728
1695.0591
1695.4546
1698.4591
1704.6393
1705.3562
1709.0642
1709.8074
1706.1835
1713.6451
1715.7788
1724.4073
1719.9259
1715.5555
1714.3889
1721.0465
1721.5116
1722.5396
1720.2605
1720.693
1727.3832
1732.1597
1737.4198
1728.4104
1724.6698
1725.151
1733.782
1733.7394
1739.0809
1737.5952
1742.0862
1740.3158
1737.5693
1739.5359
1739.5167
1745.3828
1746.2404
1747.4568
1750.5818
1749.1971
1747.1731
1770.9758
1767.3816
1763.1256
1759.314
1756.3672
1735.2961
1734.2281
1738.4
1731.2195
1729.7952
1701.5317
1683.7255
1686.5
1685.054
1686.8088
1686.1765
1686.0294
1684.8431
1685.5049
1683.4755
1685.1863
1685.5294
1688.335
1684.7635
1680.1871
1673.9753
1670.3103
1665.0344
1661.9507
1654.665
1652.3744
1651.1576
1655.4581
1655.6305
1653.7241
1653.2808
1658.1089
1662.3632
1667.66
1665.565
1666.47
1665.58
1670.28
1670.415
1671.8392
1672.4673
1670.8241
1679.6061
1679.1869
1686.467
1688.9492
1732.5026
1731.7867
1734.3198
1736.0558
1734.7766
1732.7462
1728.8375
1729.4518
1728.4873
1726.2538
1723.8325
1723.3097
1723.1117
1737.9949
1733.9026
1736.9026
1741.0103
1751.7823
1748.3472
1748.6891
1745.4404
1745.9482
1748.3627
1755.8177
1752.375
1751.1771
1749.6459
1747.1927
1753.0729
1750.8177
1749.0573
1747.2916
1754.4817
1756.089
1751.7854
1749.2356
1722.5052
1729.1958
1734.8307
1734.8994
1733.2593
1734.5079
1730.0317
1729.0529
1728.8042
1727.3597
1733.6543
1750.4468
1752.3138
1745.3191
1743.1117
1742.8671
1743.6702
1753.0107
1753.77
1756.3529
1757.9786
1766.9786
1766.5027
1771.4409
1769.086
1787.2097
1781.129
1778.8118
1774.699
1773.4517
1760.7742
1762.0968
1765.5161
1764.9247
1762.6882
1758.4517
1758.0054
1756.242
1754.5807
1757.746
1754.5189
1759.5027
1760.5621
1759.4811
1754.919
1771.0432
1768.6378
1775.9728
1757.9565
1755.7174
1751.5055
1758.9126
1754.235
1752.4481
1748.4535
1747.6613
1744.2405
1739.6613
1739.0824
1741.7458
1736.3701
1711.1437
1687.9005
1680.2487
1672.5691
1665.3094
1672.3425
1667.8011
1663.3701
1662.337
1657.6243
1656.3646
1651.9945
1650.8784
1648.8674
1650.0442
1639.0221
1634.4862
1631.4254
1627.4475
1624.1658
1626.3038
1640.4413
1639.8436
1641.9495
1647.305
1645.644
1642.4858
1641.3503
1642.8296
1642.8296
1642.8011
1642.216
1641.3125
1638.8352
1635.6421
1636.1193
1632.8523
1629.0568
1634.1486
1630.4572
1640.5403
1639.4081
1634.2759
1631.454
1629.7126
1623.4138
1627.3237
1624.2312
1620.0579
1618.1849
1614.2255
1621.2139
1615.6185
1610.7168
1608.8324
1603.8901
1599.5203
1579.3641
1577.6821
1580.4509
1572.9653
1577.5814
1572.7849
1567.2675
1561.2094
1561.8889
1588.8889
1594.5
1598.7118
1598.4883
1606.3765
1602.2823
1612.7928
1612.4142
1611.0592
1619.3274
1626.2335
1635.7048
1644.9395
1643.0121
1640.6727
1635.5151
1632.2
1630.594
1606.2727
1598.6243
1606.2683
1602.128
1601.1647
1596.4086
1599.3964
1606.8895
1605.0675
1614.0864
1613.3518
1611.5062
1619.1056
1626.8938
1627.1562
1629.2
1629.95
1631.4938
1633.325
1628.8313
1631.8313
1627.7625
1625.8063
1632.8302
1631.0189
1627.7107
1628.4717
1625.2578
1636.6139
1640.6051
1647.4935
1641.6154
1639.9423
1643.3549
1642.0
1641.5548
1638.0581
1632.1677
1630.6064
1626.458
1626.0968
1622.0774
1637.1569
1632.2091
1624.2941
1622.7451
1617.2157
1613.5425
1608.3595
1617.5724
1613.9276
1601.7302
1608.9735
1604.4238
1600.2782
1597.0331
1605.28
1611.7114
1607.9866
1606.557
1605.2349
1601.906
1612.277
1610.8108
1603.0946
1645.669
1639.169
1638.2635
1633.4054
1630.4933
1629.1418
1634.7483
1636.7551
1637.1089
1632.6123
1630.0
1624.2041
1625.517
1625.2245
1624.7211
1623.2109
1620.6055
1623.0068
1619.2517
1618.8572
1617.0476
1609.4286
1602.1156
1602.8435
1602.1769
1600.7211
1599.5238
1600.9048
1597.9796
1594.5986
1590.6531
1583.8163
1581.517
1585.6781
1583.6165
1578.952
1578.2192
1575.0205
1567.8287
1568.0822
1564.8562
1563.1576
1555.4863
1549.6028
1545.404
1541.7603
1532.862
1552.5104
1550.062
1544.2483
1545.5486
1539.8889
1495.7291
1491.0209
1485.8889
1482.2778
1475.743
1457.3541
1460.1469
1462.1198
1456.0211
1453.3591
1449.2465
1448.5634
1453.2269
1450.8937
1451.2057
1449.844
1446.2837
1444.7234
1444.9646
1436.8298
1435.7092
1443.0643
1443.9642
1443.7858
1440.3
1443.9785
1444.7715
1455.6
1456.8572
1448.2357
1449.3357
1448.0215
1447.7928
1447.6285
1447.0571
1444.5428
1443.3
1453.0504
1454.4028
1457.7986
1487.9281
1489.6259
1499.0869
1507.219
1515.4044
1510.6765
1509.9044
1506.7573
1508.6104
1504.3088
1502.9117
1498.0588
1508.9111
1507.6074
1505.6888
1504.4
1506.4073
1499.9186
1492.3037
1499.3507
1508.9248
1511.2932
1514.1204
1513.3082
1516.827
1514.2256
1508.6616
1509.639
1509.6918
1508.4888
1507.6842
1507.8722
1513.1061
1507.3864
1504.841
1501.9622
1496.7803
1493.7273
1490.9697
1484.2273
1484.9546
1474.8712
1482.168
1476.6183
1472.5115
1467.5038
1462.1068
1458.9465
1453.168
1462.877
1459.2924
1449.723
1450.9231
1445.6307
1442.2384
1437.7847
1435.2307
1431.2924
1429.4692
1427.2924
1434.9225
1429.8837
1434.1875
1453.9683
1447.4841
1438.352
1435.192
1443.624
1438.72
1461.496
1458.5529
1459.0895
1451.2195
1449.0813
1446.4553
1440.6017
1436.4227
1433.7073
1429.4065
1426.2114
1420.7643
1421.9675
1413.813
1425.7377
1420.3032
1418.8197
1414.3606
1384.5702
1383.6333
1380.775
1374.55
1369.3917
1374.3917
1373.825
1383.1932
1379.3445
1379.6722
1387.7797
1381.7966
1387.7778
1402.3826
1393.5826
1398.6492
1393.4036
1389.8596
1388.2544
1392.4036
1390.1316
1387.7456
1386.772
1384.0088
1381.1578
1378.5878
1375.6052
1365.272
1374.2655
1388.6161
1380.9642
1380.125
1385.4955
1385.027
1382.1802
1373.5765
1369.3423
1366.3243
1360.9369
1355.3604
1354.8198
1351.4595
1347.7207
1348.4595
1346.7748
1345.4504
1344.928
1352.7091
1344.9364
1365.1852
1364.2407
1363.2222
1360.3518
1389.1227
1387.1132
1387.783
1385.2264
1382.3773
1379.6227
1388.1904
1391.3905
1390.9333
1389.1619
1384.7142
1381.0095
1381.7238
1360.8096
1373.2019
1374.5481
1389.5729
1404.196
1415.3762
1412.4653
1443.1111
1439.0404
1440.1111
1439.505
1449.4796
1450.7142
1445.1327
1440.5817
1434.8673
1433.2449
1446.6185
1444.7217
1442.4639
1440.4639
1440.7217
1435.0721
1433.3505
1447.75
1443.9062
1454.021
1447.8842
1460.4681
1455.3937
1457.1383
1452.9468
1450.4788
1452.6383
1448.7446
1445.1915
1445.6595
1456.6451
1457.0968
1456.3549
1454.3549
1451.9463
1450.2688
1452.1827
1450.7634
1449.2795
1450.2903
1459.7174
1457.4348
1455.6305
1452.0543
1451.2065
1415.6848
1409.5109
1403.8132
1401.6923
1400.989
1396.3627
1389.1758
1389.8792
1385.956
1382.9121
1410.7528
1412.3595
1407.1349
1406.573
1404.764
1408.5842
1406.8314
1404.4158
1400.6742
1397.6293
1390.4158
1390.2584
1391.2809
1387.2584
1382.9551
1376.7977
1392.3068
1389.8864
1400.7587
1416.6976
1412.9186
1412.4535
1410.1046
