3.065
3.191
3.366
3.565
3.7
3.879
4.03
4.26
4.399
4.548
4.669
4.771
4.871
5.041
5.118
5.24
5.303
5.389
5.48
5.538
5.594
5.676
5.777
5.841
5.944
6.043
6.144
6.261
6.352
6.444
6.537
6.642
6.743
6.794
6.898
6.986
7.088
7.157
7.27
7.399
7.485
7.609
7.715
7.863
7.971
8.096
8.23
8.324
8.454
8.612
8.725
8.844
8.961
9.08
9.201
9.33
9.455
9.596
9.72
9.841
9.989
10.163
10.31
10.457
10.634
10.787
10.917
11.1
11.254
11.439
11.582
11.727
11.934
12.117
12.284
12.481
12.654
12.841
13.012
13.162
13.382
13.564
13.739
13.89
14.044
14.2
14.377
14.567
14.748
14.913
15.108
15.334
15.483
15.655
15.759
15.857
15.96
16.037
16.086
16.15
16.24
16.339
16.432
16.475
16.577
16.621
16.666
16.695
16.778
16.829
16.971
17.054
17.185
17.261
17.398
17.477
17.673
17.826
17.975
18.153
18.349
18.567
18.647
18.799
18.966
19.155
19.303
19.462
19.619
19.742
19.866
19.924
20.036
20.215
20.379
20.493
20.666
20.756756
20.87888
20.996998
21.117117
21.239239
21.368368
21.46947
21.585585
21.713715
21.836838
21.96096
22.053053
22.124125
22.242243
22.376377
22.476477
22.602602
22.75976
22.913914
22.997997
23.089088
23.27928
23.377377
23.518518
23.602602
23.656656
23.815815
23.901901
24.034035
24.144144
24.149149
24.27127
24.377377
24.458458
24.532532
24.572573
24.656656
24.738739
24.795795
24.891891
24.938938
25.084084
25.20921
25.275276
25.365366
25.466467
25.587587
25.644644
25.731731
25.88889
26.025024
26.152153
26.265265
26.348349
26.32833
26.393393
26.456457
26.582582
26.623623
26.754755
26.864864
26.928928
26.91992
26.926928
26.916918
26.954954
27.013014
27.05005
27.123123
27.198198
27.296297
27.405405
27.458458
27.531532
27.622623
27.636637
27.71071
27.758759
27.782784
27.847847
27.893894
27.913914
27.908909
28.0
27.961962
27.938938
28.035034
27.98999
27.938938
27.965965
28.001001
28.087088
28.091091
28.122122
28.217216
28.228228
28.258259
28.307308
28.35135
28.406406
28.537537
28.518518
28.554554
28.59159
28.641642
28.701702
28.719719
28.741741
28.80881
28.855856
28.900902
28.97097
29.006006
29.038038
29.058058
29.135136
29.179178
29.185184
29.18919
29.217216
29.25025
29.233232
29.225225
29.153152
29.179178
29.27027
29.293293
29.241241
29.291292
29.252253
29.256256
29.251251
29.237238
29.252253
29.321321
29.36937
29.422422
29.443443
29.456457
29.465466
29.442442
29.437437
29.373373
29.358358
29.275276
29.25025
29.23023
29.264265
29.24024
29.202202
29.202202
29.231232
29.301302
29.315315
29.387388
29.455456
29.32833
29.372372
29.464464
29.398397
29.37037
29.411411
29.461462
29.447447
29.489489
29.531532
29.503504
29.52152
29.508509
29.479479
29.517517
29.51952
29.518518
29.462463
29.42042
29.376377
29.343344
29.446447
29.452452
29.436436
29.409409
29.424425
29.448448
29.37938
29.355356
29.385386
29.35936
29.37938
29.38038
29.42943
29.36136
29.353354
29.396397
29.412413
29.383383
29.377377
29.395395
29.364365
29.423424
29.396397
29.401402
29.43143
29.405405
29.393393
29.302301
29.224224
29.18018
29.16016
29.188189
29.187187
29.216217
29.215216
29.14014
29.14014
29.183184
29.13914
29.13914
29.083082
29.166166
29.075075
29.078077
28.973974
29.03103
29.117117
29.083082
29.138138
29.087088
29.089088
29.091091
29.077078
29.011011
29.004004
28.976976
28.993994
29.02903
28.966967
28.91992
28.871872
28.886887
28.793795
28.732733
28.72873
28.64965
28.583584
28.562563
28.644644
28.645645
28.61962
28.585585
28.562563
28.546547
28.49049
28.411411
28.346346
28.31031
28.33033
28.438438
28.444445
28.417418
28.43143
28.474474
28.467468
28.463463
28.464464
28.427427
28.381382
28.352352
28.284285
28.28128
28.355356
28.345345
28.331331
28.253254
28.306307
28.371372
28.352352
28.346346
28.2993
28.265265
28.249249
28.208208
28.204205
28.13914
28.144144
28.168169
28.202202
28.18018
28.165165
28.135136
28.192192
28.200201
28.167168
28.142141
28.153152
28.164164
28.136137
28.135136
28.081081
28.042042
27.998999
27.88889
27.774775
27.754755
27.697699
27.635635
27.644644
27.690691
27.71071
27.676676
27.696697
27.661661
27.65065
27.613613
27.567568
27.562563
27.56857
27.495495
27.473473
27.39039
27.454454
27.462463
27.403404
27.366365
27.324324
27.32833
27.267267
27.222221
27.186186
27.2012
27.118118
27.083166
27.097195
27.051102
27.0
26.881645
26.85958
26.815447
26.828314
26.84036
26.848394
26.790955
26.813065
26.900503
26.881407
26.81608
26.796986
26.810051
26.738693
26.703518
26.688442
26.590954
26.579899
26.516582
26.507538
26.419096
26.36583
26.297487
26.24422
26.249496
26.290745
26.265594
26.250755
26.244713
26.250755
26.23162
26.158106
26.185297
26.23565
26.25277
26.150051
26.206446
26.204432
26.205439
26.180262
26.141994
26.182276
26.163141
26.138973
26.128902
26.077543
26.099697
26.099697
26.103725
26.077543
25.973816
25.956697
25.949648
25.880161
25.731855
25.654234
25.60484
25.53784
25.466196
25.396568
25.352169
25.332996
25.277498
25.0777
25.001009
24.9778
25.01009
25.035318
25.007063
25.006054
24.9778
24.967709
24.932392
24.872856
24.846619
24.865656
24.860605
24.785858
24.843277
24.852377
24.815975
24.769464
24.71082
24.709808
24.661274
24.664307
24.652174
24.785643
24.687563
24.68352
24.672396
24.634985
24.55915
24.510616
24.524773
24.512638
24.489384
24.453995
24.452982
24.419617
24.38625
24.331648
24.314459
24.311426
24.273003
24.26188
24.383215
24.360971
24.33367
24.366026
24.366026
24.339737
24.410515
24.403439
24.360971
24.32558
24.314459
24.220425
24.244692
24.227503
24.222446
24.219414
24.159758
24.148636
24.155712
24.149647
24.13448
24.063702
24.023256
24.058645
24.032356
24.030334
24.026289
24.167847
24.114256
24.11628
24.130568
24.095142
24.110323
24.024292
24.020243
23.963562
23.986841
23.949392
23.918016
23.936235
24.092106
24.115385
24.09919
24.104252
24.24595
24.343117
24.348179
24.411943
24.41093
24.467611
24.56174
24.563765
24.577936
24.605263
24.635628
24.617409
24.638664
24.631578
24.59008
24.560728
24.573887
24.634615
24.586033
24.586033
24.540485
24.530365
24.496964
24.493927
24.42915
24.362349
24.288462
24.275303
24.178137
24.126518
24.077936
24.135628
24.07591
24.021255
24.045547
24.016193
24.031376
23.928137
23.97672
23.955465
23.92915
23.940283
23.31174
23.352226
23.190283
23.180162
23.16498
23.120445
23.13664
23.10324
23.133604
23.181173
23.1417
23.084007
23.030365
22.991903
22.98077
22.871458
22.83907
22.82591
22.822874
22.76417
22.727734
22.798582
22.798582
22.707193
22.74772
22.745693
22.726444
22.714285
22.704153
22.679838
22.587639
22.60689
22.605877
22.59068
22.56839
22.518744
22.52077
22.504559
22.430597
22.436676
22.431034
22.421907
22.446247
22.41785
22.42495
22.40365
22.404665
22.445232
22.388437
22.412779
22.432049
22.528399
22.474646
22.44929
22.466532
22.43002
22.464502
22.477688
22.5071
22.434076
22.411764
22.288033
22.220081
22.180527
22.11359
22.102434
22.111563
22.064909
22.078093
22.100405
22.053753
22.030426
22.077158
22.148224
22.053806
21.977665
21.943089
21.914635
21.882114
21.848577
21.861788
21.908537
21.897358
21.903456
21.909554
21.929878
21.908537
21.865854
21.857723
21.822155
21.814024
21.780487
21.754065
21.731707
21.704268
21.691057
21.686993
21.639227
21.720528
21.704268
21.743643
21.68769
21.717192
21.69176
21.696846
21.71414
21.631739
21.624619
21.592066
21.577824
21.570702
21.712107
21.739573
21.758902
21.75585
21.758902
21.782078
21.745417
21.716904
21.72505
21.700611
21.669043
21.70948
21.719673
21.67686
21.674822
21.674822
21.602446
21.570847
21.559633
21.618757
21.587156
21.56473
21.510704
21.41998
21.36901
21.362894
21.326199
21.32314
21.320082
21.37105
21.379206
21.393476
21.355759
21.328236
21.331295
21.289501
21.273191
21.29052
21.295616
21.239552
21.151886
21.197758
21.220184
21.171253
21.175331
21.181818
21.194077
21.11338
21.111338
21.0429
21.051073
21.062372
21.104294
21.100204
21.129856
21.116564
21.150307
21.10225
21.04499
20.958078
21.00409
21.060328
21.08086
21.112589
21.029682
20.916069
20.877174
20.908905
20.883316
20.83214
20.809622
20.766632
20.801434
20.764585
20.746925
20.82787
20.760246
20.82359
20.835897
20.882051
20.836924
20.835897
20.779488
20.688206
20.657436
20.551794
20.693731
20.65262
20.590956
20.507708
20.475847
20.48818
20.450153
20.436794
20.406988
20.457348
20.409044
20.4111
20.416239
20.399794
20.421377
20.337101
20.366907
20.359713
20.364851
20.330935
20.298353
20.338478
20.307613
20.315844
20.324074
20.265432
20.308641
20.313786
20.289095
20.313786
20.354939
20.26749
20.245108
20.23172
20.189495
20.131958
20.131958
20.167183
20.203302
20.206398
20.245613
20.190918
20.204334
20.178535
20.114552
19.949432
19.879257
19.915377
19.933952
19.927761
19.885448
19.961777
19.978283
19.928646
19.926577
19.880041
19.849018
19.871769
19.843847
19.847984
19.7818
19.72906
19.683558
19.741468
19.724922
19.6853
19.643892
19.642857
19.651138
19.646997
19.580746
19.548655
19.536232
19.52588
19.464804
19.425467
19.443064
19.366459
19.355072
19.351967
19.360249
19.250517
19.195652
19.188406
19.180124
19.233955
19.182194
19.206003
19.16356
19.138716
19.143892
19.116978
19.038301
19.013458
19.008282
19.074533
19.018652
19.015545
19.01658
18.98031
18.974092
18.994818
19.017616
19.049742
19.074612
19.131607
19.169949
19.120207
19.129534
19.162695
19.146114
19.182383
19.123444
19.113188
19.060228
19.068537
19.106956
19.074766
19.036345
19.02077
18.998962
18.958464
18.959501
18.904465
18.920042
18.953272
18.959501
18.917965
18.876429
18.86812
18.839045
18.87422
18.876299
18.862785
18.81289
18.841995
18.759874
18.793139
18.753637
18.776506
18.754168
18.763294
18.771637
18.74244
18.793535
18.84463
18.851929
18.75391
18.688217
18.626694
18.640251
18.54953
18.5683
18.589155
18.55683
18.572025
18.512526
18.455591
18.454546
18.486938
18.471758
18.52406
18.536612
18.486403
18.517782
18.49477
18.471758
18.493723
18.463388
18.474895
18.467573
18.526701
18.56335
18.536125
18.621593
18.633123
18.628931
18.633123
18.619497
18.584906
18.578617
18.613207
18.544025
18.524109
18.487421
18.502096
18.451782
18.430819
18.465408
18.496855
18.490032
18.478992
18.461134
18.461134
18.464285
18.454832
18.435925
18.446428
18.436382
18.459517
18.416405
18.439537
18.418947
18.370527
18.335789
18.306316
18.268421
18.243414
18.216017
18.190727
18.261328
18.289335
18.292503
18.318182
18.344608
18.355179
18.2537
18.236786
18.200846
18.181818
18.176533
18.163847
18.18499
18.222221
18.206348
18.150265
18.21693
18.195766
18.118519
18.122751
18.097355
18.120762
18.115465
18.133474
18.12288
18.088984
18.09428
18.028603
18.043478
17.985153
18.043478
18.110287
18.073172
18.138918
18.100742
18.058325
18.076433
18.136942
18.059448
18.0414
17.9862
18.005308
18.007431
18.008501
18.024443
18.053135
18.112766
18.129925
18.124601
18.1258
18.083157
18.053362
18.062967
18.025614
18.029882
18.072649
18.050213
18.056623
18.03312
18.051283
18.080128
18.076017
18.097431
18.0803
17.978586
18.022509
17.992496
18.003216
17.991425
17.967812
17.968884
17.984978
17.983906
17.997854
17.939915
18.005371
18.04726
17.969925
17.986036
17.979591
18.037634
18.053764
18.074194
18.066668
18.093649
18.092573
18.097956
18.108719
18.181915
18.14224
18.168104
18.132544
18.105604
18.172413
18.155172
18.106796
18.091694
18.080906
18.105717
18.151188
18.104752
18.046486
18.063784
18.028109
17.993513
17.948109
17.966486
17.972973
18.047567
18.042162
18.058378
18.015135
18.04108
18.037838
17.985947
17.975136
17.971891
17.98162
17.941622
17.92
17.952433
17.967567
17.894054
17.865946
17.863783
17.877838
17.918919
17.923243
17.92
17.895136
17.804325
17.744865
17.79329
17.727272
17.72186
17.795233
17.775732
17.767063
17.770313
17.763813
17.740782
17.787418
17.777657
17.762472
17.712582
17.691975
17.700651
17.684381
17.64859
17.689468
17.757872
17.774158
17.793703
17.747015
17.753529
17.788273
17.788044
17.755434
17.729347
17.735582
17.711643
17.680086
17.618063
17.651417
17.672113
17.669575
17.697927
17.697927
17.695747
17.691385
17.674673
17.734716
17.728167
17.720524
17.7369
17.692896
17.68306
17.700546
17.652458
17.667759
17.710382
17.738798
17.765863
17.728664
17.678337
17.647703
17.684902
17.744797
17.668127
17.68127
17.628696
17.616648
17.592552
17.578314
17.539978
17.556408
17.538883
17.51864
17.487938
17.46601
17.489035
17.480263
17.472588
17.519209
17.540066
17.542261
17.579582
17.597803
17.516483
17.50385
17.518152
17.585258
17.515951
17.518152
17.577559
17.592958
17.537954
17.581959
17.635864
17.636963
17.58746
17.553965
17.547358
17.52533
17.464758
17.40969
17.386564
17.39978
17.388092
17.465784
17.51766
17.533113
17.45254
17.426048
17.431568
17.404419
17.449724
17.414824
17.411505
17.44469
17.460176
17.434734
17.43031
17.43584
17.409292
17.357697
17.362125
17.36102
17.348837
17.331486
17.315964
17.267183
17.236141
17.26526
17.26748
17.190899
17.200888
17.209766
17.223085
17.220865
17.247503
17.278889
17.256952
17.276974
17.278088
17.272526
17.23693
17.16574
17.140156
17.181313
17.17575
17.10901
17.143494
17.22247
17.1802
17.1802
17.143494
17.115685
17.171492
17.163696
17.087973
17.033407
16.987751
16.974388
16.949888
16.95323
16.952116
16.858574
16.840757
16.804008
16.847439
16.81069
16.78285
16.74499
16.767262
16.769487
16.795101
16.807135
16.832775
16.852842
16.865107
16.831661
16.762543
16.740246
16.76923
16.760313
16.710144
16.6767
16.77146
16.738016
16.723522
16.68562
16.71349
16.703125
16.72067
16.729307
16.782997
16.748322
16.715883
16.717003
16.71812
16.736017
16.722595
16.739374
16.732662
16.721476
16.68421
16.764574
16.730942
16.66779
16.69248
16.64422
16.68504
16.683914
16.631046
16.69482
16.615992
16.712837
16.68018
16.646397
16.612612
16.625
16.597519
16.605412
16.634724
16.70575
16.622322
16.636978
16.642616
16.614431
16.614431
16.650507
16.661781
16.676437
16.626833
16.652761
16.594137
16.572718
16.542278
16.523111
16.456594
16.445322
16.448704
16.43292
16.4239
16.410372
16.40699
16.373167
16.377678
16.351748
16.37655
16.361895
16.35513
16.312288
16.32469
16.293123
16.33973
16.401806
16.37062
16.324293
16.300905
16.433258
16.424208
16.406109
16.402716
16.325792
16.312218
16.262444
16.25
16.228506
16.207014
16.226244
16.276018
16.320498
16.272934
16.261608
16.231031
16.261608
16.263874
16.180067
16.161947
16.143827
16.165346
16.138165
16.14496
16.142694
16.141563
16.116648
16.092865
16.07248
16.053288
16.05102
16.068027
16.098639
16.086168
16.064627
16.031746
16.057823
16.075964
16.061295
16.06243
16.029512
16.034052
16.032917
16.040863
16.023836
16.010216
15.973893
16.01589
15.944382
15.956867
16.00454
16.019318
16.056818
16.093288
16.073948
16.04892
16.075085
16.010239
16.013653
16.031855
16.02278
16.072893
16.047836
16.042141
16.026196
16.058086
16.011389
16.039864
16.062643
16.051311
16.061573
16.109589
16.118721
16.133715
16.194286
16.201143
16.213959
16.036697
16.088303
16.111238
16.111238
16.141054
16.127293
16.129587
16.116972
16.18922
16.251146
16.205275
16.277842
16.24914
16.252583
16.261768
16.282434
16.215843
16.274397
16.269804
16.244547
16.228474
16.267817
16.31954
16.254023
16.249426
16.241379
16.245977
16.267817
16.190805
16.275862
16.28046
16.28046
16.25977
16.261219
16.272728
16.241657
16.238205
16.210587
16.219793
16.247412
16.265823
16.273878
16.330265
16.301497
16.306099
16.303797
16.302647
16.332565
16.32336
16.309551
16.387802
16.363636
16.38435
16.329113
16.25576
16.245392
16.229263
16.279953
16.309908
16.29954
16.26728
16.296425
16.242214
16.272203
16.251442
16.236448
16.262976
16.21478
16.245958
16.213625
16.093641
16.07052
16.086704
16.034681
15.957226
15.982659
16.046244
16.07986
16.084589
16.039398
16.044033
16.030127
16.039444
16.02323
16.054588
16.047619
15.984901
15.946574
15.981396
15.961628
15.922093
15.966279
15.897675
15.784634
15.795111
15.845169
15.848661
15.786962
15.777648
15.871795
15.864644
15.913551
15.912383
15.899532
15.831776
15.814252
15.834112
15.853801
15.770761
15.747072
15.764637
15.76815
15.733021
15.702228
15.69871
15.701878
15.75
15.725352
15.728873
15.7027025
15.687427
15.643949
15.636898
15.701528
15.672151
15.689776
15.699178
15.689776
15.756471
15.763251
15.772674
15.782097
15.755006
15.750295
15.794811
15.801887
15.746462
15.752066
15.767139
15.752955
15.734042
15.752955
15.767139
15.777778
15.747929
15.728673
15.7247925
15.758907
15.770512
15.785969
15.723809
15.728572
15.779762
15.790476
15.848629
15.835322
15.866348
15.849642
15.900954
15.884248
15.922435
15.903341
15.983294
15.916468
15.954654
15.883055
15.923628
15.957041
15.941527
15.923628
15.9642
15.951074
15.934367
15.937947
15.949881
15.954599
15.936679
15.891278
15.902031
15.970132
15.936603
15.982058
15.995215
16.069462
16.022755
16.052694
16.043114
16.10419
16.071856
16.06467
16.077938
16.027578
16.009592
16.034773
16.03837
16.021584
16.032373
16.07563
16.046818
16.01202
16.004814
15.973494
15.936068
15.91918
15.892642
15.864898
15.833534
15.831121
15.874548
15.879373
15.866104
15.831121
15.808203
15.84541
15.927448
15.935835
15.878935
15.843825
15.859564
15.906779
15.90303
15.933333
15.935758
15.916262
15.927184
15.90534
15.93674
15.824818
15.809003
15.852798
15.851582
15.844282
15.896468
15.954878
15.892683
15.901099
15.952381
15.953602
16.021978
16.042734
16.067156
16.042734
16.019537
16.010988
16.070818
16.13553
16.148962
16.153847
16.105005
16.074482
16.065933
16.037851
16.021978
16.020758
16.101467
16.081907
16.111246
16.133251
16.198286
16.205631
16.247852
16.321472
16.343557
16.328835
16.32638
16.377914
16.384521
16.362408
16.35135
16.36978
16.388683
16.46979
16.458693
16.451294
16.430332
16.45432
16.469715
16.505562
16.529049
16.540842
16.617575
16.574968
16.567533
16.584883
16.54399
16.51673
16.494423
16.44541
16.440447
16.418114
16.424318
16.372208
16.418114
16.359802
16.365217
16.324224
16.279503
16.268324
16.317163
16.39726
16.39726
16.448877
16.517456
16.506235
16.53616
16.53616
16.53242
16.552368
16.552368
16.508728
16.601748
16.61875
16.59625
16.565
16.5675
16.54875
16.594494
16.635796
16.662077
16.654568
16.643305
16.668335
16.659575
16.713392
16.7406
16.761906
16.735588
16.790728
16.75188
16.691729
16.649122
16.646616
16.631578
16.642408
16.601004
16.550816
16.496862
16.475533
16.470514
16.464825
16.46231
16.508795
16.566038
16.516981
16.518286
16.505674
16.532156
16.52399
16.549242
16.487373
16.508839
16.507576
16.530973
16.469027
16.434893
16.437422
16.534855
16.420052
16.447268
16.474554
16.325699
16.23028
16.23664
16.1972
16.1972
16.174301
16.247133
16.317198
16.286625
16.276434
16.244585
16.222929
16.208918
16.249681
16.258598
16.28535
16.281528
16.280254
16.343948
16.39618
16.38903
16.396683
16.428572
16.371174
16.432398
16.396683
16.405613
16.452806
16.492975
16.537085
16.471191
16.394365
16.334187
16.326504
16.28297
16.275288
16.241997
16.253521
16.233034
16.21181
16.267353
16.264782
16.251928
16.242931
16.174807
16.1287
16.1287
16.118404
16.078608
16.056702
16.060568
16.020618
15.988402
16.059355
16.105944
16.085272
16.124031
16.125322
16.141008
16.12678
16.152653
16.110104
16.165804
16.216602
16.190908
16.140259
16.102598
16.074026
16.115734
16.102732
16.152344
16.138021
16.110678
16.115885
16.142113
16.1671
16.168407
16.137075
16.08094
16.050915
16.067884
16.071802
16.077023
16.033943
16.037859
16.063969
16.057442
15.997389
15.976501
15.992157
15.9986925
15.94379
15.954248
15.926797
15.954188
15.901833
15.909686
15.956806
15.965968
15.938481
15.91754
16.01178
16.037958
16.03403
15.9921465
15.874346
15.874346
15.803665
15.824607
15.839005
15.862205
15.880577
