4.778
9.789
12.836
13.891
15.347
16.1
16.11
16.531
16.974
17.112
17.476
17.722
17.871
17.832
18.024
17.937
17.978
17.858
18.009
18.049
18.28
18.257
18.016
17.939
17.586
17.417
17.373
17.383
17.668
18.109
18.557
18.834
18.408
17.874
17.293
16.958
16.571
16.504
16.464
16.404
16.399
17.0
17.015
16.985
16.982
16.909
17.124
17.26
17.487
17.453
17.362
17.256
17.019
16.997
17.084
17.041
17.188
17.463
17.61
17.61
17.638
17.703
17.524
17.788
17.994
18.15
18.128
18.161
18.438
18.477
18.803
19.059
19.578
19.717
19.676
20.014
20.375
20.746
21.031
21.435
21.883
22.495
23.448
24.186
24.436
24.827
25.163
24.971
25.245
25.444
25.488
25.667
25.267
24.448
22.954
21.104
17.94
14.136
9.408
4.969
