sample	depth	bases	frac_bases	bases_at_or_above	frac_bases_at_or_above
HG03953	0	544461140	0.17890	3043453562	1.00000
HG03953	1	701573680	0.23052	2498992422	0.82110
HG03953	2	737951772	0.24247	1797418742	0.59059
HG03953	3	538916709	0.17707	1059466970	0.34811
HG03953	4	301918141	0.09920	520550261	0.17104
HG03953	5	137550393	0.04520	218632120	0.07184
HG03953	6	53150615	0.01746	81081727	0.02664
HG03953	7	18081118	0.00594	27931112	0.00918
HG03953	8	5660422	0.00186	9849994	0.00324
HG03953	9	1779513	0.00058	4189572	0.00138
HG03953	10	656563	0.00022	2410059	0.00079
HG03953	11	322771	0.00011	1753496	0.00058
HG03953	12	208733	0.00007	1430725	0.00047
HG03953	13	150184	0.00005	1221992	0.00040
HG03953	14	114032	0.00004	1071808	0.00035
HG03953	15	90322	0.00003	957776	0.00031
HG03953	16	70929	0.00002	867454	0.00029
HG03953	17	55649	0.00002	796525	0.00026
HG03953	18	45201	0.00001	740876	0.00024
HG03953	19	39375	0.00001	695675	0.00023
HG03953	20	34310	0.00001	656300	0.00022
HG03953	21	30633	0.00001	621990	0.00020
HG03953	22	27932	0.00001	591357	0.00019
HG03953	23	25737	0.00001	563425	0.00019
HG03953	24	24121	0.00001	537688	0.00018
HG03953	25	23146	0.00001	513567	0.00017
HG03953	26	22324	0.00001	490421	0.00016
HG03953	27	21863	0.00001	468097	0.00015
HG03953	28	21787	0.00001	446234	0.00015
HG03953	29	21043	0.00001	424447	0.00014
HG03953	30	20320	0.00001	403404	0.00013
HG03953	31	19045	0.00001	383084	0.00013
HG03953	32	17960	0.00001	364039	0.00012
HG03953	33	16504	0.00001	346079	0.00011
HG03953	34	14769	0.00000	329575	0.00011
HG03953	35	13444	0.00000	314806	0.00010
HG03953	36	12063	0.00000	301362	0.00010
HG03953	37	10601	0.00000	289299	0.00010
HG03953	38	9295	0.00000	278698	0.00009
HG03953	39	8032	0.00000	269403	0.00009
HG03953	40	7278	0.00000	261371	0.00009
HG03953	41	6774	0.00000	254093	0.00008
HG03953	42	6263	0.00000	247319	0.00008
HG03953	43	5552	0.00000	241056	0.00008
HG03953	44	5391	0.00000	235504	0.00008
HG03953	45	4797	0.00000	230113	0.00008
HG03953	46	4513	0.00000	225316	0.00007
HG03953	47	4084	0.00000	220803	0.00007
HG03953	48	4088	0.00000	216719	0.00007
HG03953	49	3775	0.00000	212631	0.00007
HG03953	50	3676	0.00000	208856	0.00007
HG03953	51	3416	0.00000	205180	0.00007
HG03953	52	3126	0.00000	201764	0.00007
HG03953	53	3099	0.00000	198638	0.00007
HG03953	54	2971	0.00000	195539	0.00006
HG03953	55	2886	0.00000	192568	0.00006
HG03953	56	2935	0.00000	189682	0.00006
HG03953	57	2825	0.00000	186747	0.00006
HG03953	58	2692	0.00000	183922	0.00006
HG03953	59	2653	0.00000	181230	0.00006
HG03953	60	2571	0.00000	178577	0.00006
HG03953	61	2474	0.00000	176006	0.00006
HG03953	62	2302	0.00000	173532	0.00006
HG03953	63	2222	0.00000	171230	0.00006
HG03953	64	2078	0.00000	169008	0.00006
HG03953	65	1916	0.00000	166930	0.00005
HG03953	66	1943	0.00000	165014	0.00005
HG03953	67	1848	0.00000	163071	0.00005
HG03953	68	1924	0.00000	161223	0.00005
HG03953	69	1752	0.00000	159299	0.00005
HG03953	70	1693	0.00000	157547	0.00005
HG03953	71	1686	0.00000	155854	0.00005
HG03953	72	1570	0.00000	154168	0.00005
HG03953	73	1717	0.00000	152598	0.00005
HG03953	74	1640	0.00000	150881	0.00005
HG03953	75	1609	0.00000	149241	0.00005
HG03953	76	1621	0.00000	147632	0.00005
HG03953	77	1541	0.00000	146011	0.00005
HG03953	78	1561	0.00000	144470	0.00005
HG03953	79	1445	0.00000	142909	0.00005
HG03953	80	1388	0.00000	141464	0.00005
HG03953	81	1404	0.00000	140076	0.00005
HG03953	82	1397	0.00000	138672	0.00005
HG03953	83	1308	0.00000	137275	0.00005
HG03953	84	1283	0.00000	135967	0.00004
HG03953	85	1315	0.00000	134684	0.00004
HG03953	86	1191	0.00000	133369	0.00004
HG03953	87	1213	0.00000	132178	0.00004
HG03953	88	1241	0.00000	130965	0.00004
HG03953	89	1097	0.00000	129724	0.00004
HG03953	90	1030	0.00000	128627	0.00004
HG03953	91	1000	0.00000	127597	0.00004
HG03953	92	938	0.00000	126597	0.00004
HG03953	93	989	0.00000	125659	0.00004
HG03953	94	946	0.00000	124670	0.00004
HG03953	95	957	0.00000	123724	0.00004
HG03953	96	952	0.00000	122767	0.00004
HG03953	97	1004	0.00000	121815	0.00004
HG03953	98	1041	0.00000	120811	0.00004
HG03953	99	993	0.00000	119770	0.00004
HG03953	100	994	0.00000	118777	0.00004
HG03953	101	923	0.00000	117783	0.00004
HG03953	102	947	0.00000	116860	0.00004
HG03953	103	905	0.00000	115913	0.00004
HG03953	104	901	0.00000	115008	0.00004
HG03953	105	846	0.00000	114107	0.00004
HG03953	106	855	0.00000	113261	0.00004
HG03953	107	791	0.00000	112406	0.00004
HG03953	108	836	0.00000	111615	0.00004
HG03953	109	810	0.00000	110779	0.00004
HG03953	110	859	0.00000	109969	0.00004
HG03953	111	807	0.00000	109110	0.00004
HG03953	112	792	0.00000	108303	0.00004
HG03953	113	795	0.00000	107511	0.00004
HG03953	114	732	0.00000	106716	0.00004
HG03953	115	674	0.00000	105984	0.00003
HG03953	116	712	0.00000	105310	0.00003
HG03953	117	780	0.00000	104598	0.00003
HG03953	118	715	0.00000	103818	0.00003
HG03953	119	709	0.00000	103103	0.00003
HG03953	120	680	0.00000	102394	0.00003
HG03953	121	659	0.00000	101714	0.00003
HG03953	122	677	0.00000	101055	0.00003
HG03953	123	642	0.00000	100378	0.00003
HG03953	124	663	0.00000	99736	0.00003
HG03953	125	689	0.00000	99073	0.00003
HG03953	126	642	0.00000	98384	0.00003
HG03953	127	549	0.00000	97742	0.00003
HG03953	128	580	0.00000	97193	0.00003
HG03953	129	611	0.00000	96613	0.00003
HG03953	130	555	0.00000	96002	0.00003
HG03953	131	523	0.00000	95447	0.00003
HG03953	132	524	0.00000	94924	0.00003
HG03953	133	508	0.00000	94400	0.00003
HG03953	134	529	0.00000	93892	0.00003
HG03953	135	508	0.00000	93363	0.00003
HG03953	136	517	0.00000	92855	0.00003
HG03953	137	459	0.00000	92338	0.00003
HG03953	138	498	0.00000	91879	0.00003
HG03953	139	417	0.00000	91381	0.00003
HG03953	140	477	0.00000	90964	0.00003
HG03953	141	472	0.00000	90487	0.00003
HG03953	142	462	0.00000	90015	0.00003
HG03953	143	476	0.00000	89553	0.00003
HG03953	144	486	0.00000	89077	0.00003
HG03953	145	492	0.00000	88591	0.00003
HG03953	146	528	0.00000	88099	0.00003
HG03953	147	458	0.00000	87571	0.00003
HG03953	148	489	0.00000	87113	0.00003
HG03953	149	472	0.00000	86624	0.00003
HG03953	150	457	0.00000	86152	0.00003
HG03953	151	408	0.00000	85695	0.00003
HG03953	152	432	0.00000	85287	0.00003
HG03953	153	461	0.00000	84855	0.00003
HG03953	154	405	0.00000	84394	0.00003
HG03953	155	377	0.00000	83989	0.00003
HG03953	156	402	0.00000	83612	0.00003
HG03953	157	374	0.00000	83210	0.00003
HG03953	158	366	0.00000	82836	0.00003
HG03953	159	427	0.00000	82470	0.00003
HG03953	160	392	0.00000	82043	0.00003
HG03953	161	371	0.00000	81651	0.00003
HG03953	162	372	0.00000	81280	0.00003
HG03953	163	380	0.00000	80908	0.00003
HG03953	164	392	0.00000	80528	0.00003
HG03953	165	379	0.00000	80136	0.00003
HG03953	166	342	0.00000	79757	0.00003
HG03953	167	357	0.00000	79415	0.00003
HG03953	168	360	0.00000	79058	0.00003
HG03953	169	334	0.00000	78698	0.00003
HG03953	170	351	0.00000	78364	0.00003
HG03953	171	301	0.00000	78013	0.00003
HG03953	172	342	0.00000	77712	0.00003
HG03953	173	314	0.00000	77370	0.00003
HG03953	174	289	0.00000	77056	0.00003
HG03953	175	294	0.00000	76767	0.00003
HG03953	176	311	0.00000	76473	0.00003
HG03953	177	297	0.00000	76162	0.00003
HG03953	178	324	0.00000	75865	0.00002
HG03953	179	345	0.00000	75541	0.00002
HG03953	180	345	0.00000	75196	0.00002
HG03953	181	318	0.00000	74851	0.00002
HG03953	182	339	0.00000	74533	0.00002
HG03953	183	344	0.00000	74194	0.00002
HG03953	184	346	0.00000	73850	0.00002
HG03953	185	395	0.00000	73504	0.00002
HG03953	186	385	0.00000	73109	0.00002
HG03953	187	381	0.00000	72724	0.00002
HG03953	188	358	0.00000	72343	0.00002
HG03953	189	323	0.00000	71985	0.00002
HG03953	190	345	0.00000	71662	0.00002
HG03953	191	339	0.00000	71317	0.00002
HG03953	192	360	0.00000	70978	0.00002
HG03953	193	326	0.00000	70618	0.00002
HG03953	194	325	0.00000	70292	0.00002
HG03953	195	300	0.00000	69967	0.00002
HG03953	196	310	0.00000	69667	0.00002
HG03953	197	289	0.00000	69357	0.00002
HG03953	198	306	0.00000	69068	0.00002
HG03953	199	287	0.00000	68762	0.00002
HG03953	200	293	0.00000	68475	0.00002
HG03953	201	306	0.00000	68182	0.00002
HG03953	202	301	0.00000	67876	0.00002
HG03953	203	302	0.00000	67575	0.00002
HG03953	204	278	0.00000	67273	0.00002
HG03953	205	309	0.00000	66995	0.00002
HG03953	206	274	0.00000	66686	0.00002
HG03953	207	274	0.00000	66412	0.00002
HG03953	208	304	0.00000	66138	0.00002
HG03953	209	252	0.00000	65834	0.00002
HG03953	210	251	0.00000	65582	0.00002
HG03953	211	279	0.00000	65331	0.00002
HG03953	212	240	0.00000	65052	0.00002
HG03953	213	257	0.00000	64812	0.00002
HG03953	214	226	0.00000	64555	0.00002
HG03953	215	280	0.00000	64329	0.00002
HG03953	216	269	0.00000	64049	0.00002
HG03953	217	228	0.00000	63780	0.00002
HG03953	218	264	0.00000	63552	0.00002
HG03953	219	237	0.00000	63288	0.00002
HG03953	220	262	0.00000	63051	0.00002
HG03953	221	237	0.00000	62789	0.00002
HG03953	222	236	0.00000	62552	0.00002
HG03953	223	242	0.00000	62316	0.00002
HG03953	224	250	0.00000	62074	0.00002
HG03953	225	253	0.00000	61824	0.00002
HG03953	226	224	0.00000	61571	0.00002
HG03953	227	232	0.00000	61347	0.00002
HG03953	228	266	0.00000	61115	0.00002
HG03953	229	281	0.00000	60849	0.00002
HG03953	230	257	0.00000	60568	0.00002
HG03953	231	240	0.00000	60311	0.00002
HG03953	232	219	0.00000	60071	0.00002
HG03953	233	231	0.00000	59852	0.00002
HG03953	234	227	0.00000	59621	0.00002
HG03953	235	264	0.00000	59394	0.00002
HG03953	236	193	0.00000	59130	0.00002
HG03953	237	224	0.00000	58937	0.00002
HG03953	238	208	0.00000	58713	0.00002
HG03953	239	220	0.00000	58505	0.00002
HG03953	240	167	0.00000	58285	0.00002
HG03953	241	180	0.00000	58118	0.00002
HG03953	242	179	0.00000	57938	0.00002
HG03953	243	168	0.00000	57759	0.00002
HG03953	244	179	0.00000	57591	0.00002
HG03953	245	199	0.00000	57412	0.00002
HG03953	246	200	0.00000	57213	0.00002
HG03953	247	204	0.00000	57013	0.00002
HG03953	248	150	0.00000	56809	0.00002
HG03953	249	185	0.00000	56659	0.00002
HG03953	250	56474	0.00002	56474	0.00002
