# This file was produced by bcftools stats (1.3.1+htslib-1.3.1) and can be plotted using plot-vcfstats.
# The command line was:	bcftools stats  --split-by-ID -s testvcf testvcf.vcf.gz
#
# Definition of sets:
# ID	[2]id	[3]tab-separated file names
ID	0	testvcf.vcf.gz:known (sites with ID different from ".")
ID	1	testvcf.vcf.gz:novel (sites where ID column is ".")
# SN, Summary numbers:
# SN	[2]id	[3]key	[4]value
SN	0	number of samples:	1
SN	0	number of records:	4633169
SN	0	number of no-ALTs:	0
SN	0	number of SNPs:	3824714
SN	0	number of MNPs:	0
SN	0	number of indels:	812623
SN	0	number of others:	0
SN	0	number of multiallelic sites:	60701
SN	0	number of multiallelic SNP sites:	1324
SN	1	number of records:	228016
SN	1	number of no-ALTs:	0
SN	1	number of SNPs:	99291
SN	1	number of MNPs:	0
SN	1	number of indels:	129176
SN	1	number of others:	0
SN	1	number of multiallelic sites:	13187
SN	1	number of multiallelic SNP sites:	81
# TSTV, transitions/transversions:
# TSTV	[2]id	[3]ts	[4]tv	[5]ts/tv	[6]ts (1st ALT)	[7]tv (1st ALT)	[8]ts/tv (1st ALT)
TSTV	0	2564747	1261291	2.03	2563771	1259722	2.04
TSTV	1	56774	42598	1.33	56573	42377	1.33
# SiS, Singleton stats:
# SiS	[2]id	[3]allele count	[4]number of SNPs	[5]number of transitions	[6]number of transversions	[7]number of indels	[8]repeat-consistent	[9]repeat-inconsistent	[10]not applicable
SiS	0	1	2342505	1571049	771456	562686	0	0	562686
SiS	1	1	91183	52102	39081	112490	0	0	112490
# AF, Stats by non-reference allele frequency:
# AF	[2]id	[3]allele frequency	[4]number of SNPs	[5]number of transitions	[6]number of transversions	[7]number of indels	[8]repeat-consistent	[9]repeat-inconsistent	[10]not applicable
AF	0	0.000000	2342505	1571049	771456	562686	0	0	562686
AF	0	99.000000	1483533	993698	489835	305146	0	0	305146
AF	1	0.000000	91183	52102	39081	112490	0	0	112490
AF	1	99.000000	8189	4672	3517	29341	0	0	29341
# QUAL, Stats by quality:
# QUAL	[2]id	[3]Quality	[4]number of SNPs	[5]number of transitions (1st ALT)	[6]number of transversions (1st ALT)	[7]number of indels
QUAL	0	10	337	193	144	139
QUAL	0	11	400	239	161	163
QUAL	0	12	545	334	211	242
QUAL	0	13	356	215	141	143
QUAL	0	14	247	141	106	116
QUAL	0	15	347	217	130	119
QUAL	0	16	408	247	161	148
QUAL	0	17	240	143	97	140
QUAL	0	18	470	288	182	144
QUAL	0	19	378	228	150	162
QUAL	0	20	245	153	92	164
QUAL	0	21	365	228	137	179
QUAL	0	22	408	266	142	194
QUAL	0	23	255	154	101	147
QUAL	0	24	351	210	141	157
QUAL	0	25	435	261	174	166
QUAL	0	26	262	161	101	141
QUAL	0	27	363	223	140	133
QUAL	0	28	440	282	158	178
QUAL	0	29	252	156	96	138
QUAL	0	30	365	221	144	180
QUAL	0	31	435	265	170	203
QUAL	0	32	281	178	103	155
QUAL	0	33	385	240	145	161
QUAL	0	34	441	280	161	200
QUAL	0	35	280	175	105	167
QUAL	0	36	408	250	158	192
QUAL	0	37	411	261	150	212
QUAL	0	38	332	204	128	184
QUAL	0	39	406	251	155	181
QUAL	0	40	434	254	180	205
QUAL	0	41	278	169	109	179
QUAL	0	42	429	261	168	201
QUAL	0	43	442	252	190	207
QUAL	0	44	320	199	121	206
QUAL	0	45	393	250	143	171
QUAL	0	46	472	291	181	211
QUAL	0	47	303	175	128	184
QUAL	0	48	380	219	161	214
QUAL	0	49	449	267	182	212
QUAL	0	50	262	170	92	166
QUAL	0	51	369	223	146	239
QUAL	0	52	493	314	179	226
QUAL	0	53	322	199	123	243
QUAL	0	54	415	264	151	226
QUAL	0	55	462	291	171	240
QUAL	0	56	368	230	138	214
QUAL	0	57	350	198	152	189
QUAL	0	58	512	327	185	245
QUAL	0	59	349	219	130	207
QUAL	0	60	393	249	144	221
QUAL	0	61	590	382	208	245
QUAL	0	62	569	332	237	202
QUAL	0	63	427	263	164	213
QUAL	0	64	424	261	163	258
QUAL	0	65	405	245	160	197
QUAL	0	66	421	266	155	246
QUAL	0	67	657	419	238	284
QUAL	0	68	297	188	109	233
QUAL	0	69	387	255	132	260
QUAL	0	70	435	272	163	273
QUAL	0	71	354	220	134	236
QUAL	0	72	390	240	150	226
QUAL	0	73	463	291	172	284
QUAL	0	74	323	219	104	241
QUAL	0	75	426	264	162	221
QUAL	0	76	452	256	196	306
QUAL	0	77	339	217	122	269
QUAL	0	78	366	246	120	261
QUAL	0	79	468	281	187	315
QUAL	0	80	306	180	126	254
QUAL	0	81	455	292	163	238
QUAL	0	82	491	309	182	319
QUAL	0	83	356	224	132	260
QUAL	0	84	421	262	159	270
QUAL	0	85	600	372	228	304
QUAL	0	86	284	175	109	250
QUAL	0	87	412	268	144	288
QUAL	0	88	443	271	172	275
QUAL	0	89	292	186	106	247
QUAL	0	90	385	234	151	231
QUAL	0	91	539	323	216	303
QUAL	0	92	309	183	126	248
QUAL	0	93	413	253	160	274
QUAL	0	94	530	321	209	309
QUAL	0	95	330	217	113	263
QUAL	0	96	360	236	124	297
QUAL	0	97	651	390	261	303
QUAL	0	98	305	184	121	382
QUAL	0	99	470	308	162	263
QUAL	0	100	409	241	168	339
QUAL	0	101	304	188	116	304
QUAL	0	102	364	203	161	266
QUAL	0	103	485	302	183	335
QUAL	0	104	312	193	119	278
QUAL	0	105	379	248	131	325
QUAL	0	106	456	286	170	343
QUAL	0	107	841	530	311	279
QUAL	0	108	370	235	135	304
QUAL	0	109	455	293	162	400
QUAL	0	110	293	179	114	255
QUAL	0	111	359	226	133	312
QUAL	0	112	481	301	180	315
QUAL	0	113	289	185	104	305
QUAL	0	114	378	251	127	283
QUAL	0	115	495	316	179	354
QUAL	0	116	329	208	121	311
QUAL	0	117	387	231	156	298
QUAL	0	118	484	291	193	340
QUAL	0	119	327	206	121	359
QUAL	0	120	380	245	135	312
QUAL	0	121	410	250	160	371
QUAL	0	122	293	184	109	324
QUAL	0	123	363	234	129	310
QUAL	0	124	488	312	176	377
QUAL	0	125	294	182	112	286
QUAL	0	126	423	264	159	349
QUAL	0	127	470	280	190	373
QUAL	0	128	334	207	126	300
QUAL	0	129	417	274	143	294
QUAL	0	130	479	302	177	334
QUAL	0	131	313	197	116	332
QUAL	0	132	369	242	127	310
QUAL	0	133	426	268	158	385
QUAL	0	134	296	186	110	355
QUAL	0	135	402	247	155	336
QUAL	0	136	470	287	183	391
QUAL	0	137	339	207	132	351
QUAL	0	138	403	254	149	339
QUAL	0	139	536	330	206	383
QUAL	0	140	323	193	130	350
QUAL	0	141	363	236	127	356
QUAL	0	142	459	281	178	391
QUAL	0	143	314	186	128	497
QUAL	0	144	378	233	145	351
QUAL	0	145	415	256	159	424
QUAL	0	146	376	228	148	372
QUAL	0	147	372	208	164	371
QUAL	0	148	445	284	161	398
QUAL	0	149	364	234	130	384
QUAL	0	150	405	272	133	357
QUAL	0	151	450	280	170	372
QUAL	0	152	822	526	296	367
QUAL	0	153	387	240	147	352
QUAL	0	154	473	299	174	442
QUAL	0	155	304	186	118	390
QUAL	0	156	404	234	170	347
QUAL	0	157	434	272	162	420
QUAL	0	158	325	199	126	378
QUAL	0	159	380	209	171	355
QUAL	0	160	503	321	182	449
QUAL	0	161	350	220	130	379
QUAL	0	162	430	264	166	353
QUAL	0	163	431	251	180	431
QUAL	0	164	360	225	135	384
QUAL	0	165	398	246	152	376
QUAL	0	166	500	302	198	410
QUAL	0	167	344	203	141	404
QUAL	0	168	369	229	139	377
QUAL	0	169	500	289	211	452
QUAL	0	170	341	207	134	370
QUAL	0	171	345	216	129	398
QUAL	0	172	403	230	173	434
QUAL	0	173	313	215	98	443
QUAL	0	174	379	232	147	356
QUAL	0	175	460	294	166	424
QUAL	0	176	360	218	142	410
QUAL	0	177	413	276	137	432
QUAL	0	178	477	295	182	435
QUAL	0	179	363	232	131	419
QUAL	0	180	510	306	203	436
QUAL	0	181	425	255	170	468
QUAL	0	182	342	198	144	433
QUAL	0	183	381	243	138	404
QUAL	0	184	411	248	163	439
QUAL	0	185	334	222	112	428
QUAL	0	186	423	257	166	431
QUAL	0	187	536	343	193	591
QUAL	0	188	381	243	138	436
QUAL	0	189	378	234	144	425
QUAL	0	190	461	294	167	469
QUAL	0	191	376	218	158	425
QUAL	0	192	368	221	147	419
QUAL	0	193	560	358	202	491
QUAL	0	194	325	184	141	416
QUAL	0	195	389	242	147	452
QUAL	0	196	854	528	326	511
QUAL	0	197	357	224	133	448
QUAL	0	198	381	248	133	478
QUAL	0	199	497	313	184	469
QUAL	0	200	335	199	136	441
QUAL	0	201	402	264	138	507
QUAL	0	202	484	302	182	532
QUAL	0	203	370	232	138	444
QUAL	0	204	372	229	143	448
QUAL	0	205	535	293	242	518
QUAL	0	206	409	255	153	471
QUAL	0	207	383	214	169	445
QUAL	0	208	469	296	173	440
QUAL	0	209	432	285	147	444
QUAL	0	210	365	238	127	454
QUAL	0	211	504	312	192	533
QUAL	0	212	411	271	140	460
QUAL	0	213	422	277	145	489
QUAL	0	214	444	270	174	518
QUAL	0	215	402	267	135	449
QUAL	0	216	374	249	125	486
QUAL	0	217	476	296	180	550
QUAL	0	218	429	271	158	466
QUAL	0	219	432	264	168	480
QUAL	0	220	428	280	148	580
QUAL	0	221	450	296	154	525
QUAL	0	222	462	298	164	526
QUAL	0	223	470	280	190	557
QUAL	0	224	445	280	165	467
QUAL	0	225	426	278	148	546
QUAL	0	226	428	247	180	576
QUAL	0	227	471	283	188	432
QUAL	0	228	399	257	142	491
QUAL	0	229	468	304	164	568
QUAL	0	230	447	293	154	482
QUAL	0	231	443	268	175	539
QUAL	0	232	502	291	210	694
QUAL	0	233	470	289	181	460
QUAL	0	234	433	275	158	520
QUAL	0	235	510	309	201	554
QUAL	0	236	474	293	181	462
QUAL	0	237	408	267	141	507
QUAL	0	238	564	375	189	575
QUAL	0	239	472	292	180	507
QUAL	0	240	427	255	172	514
QUAL	0	241	880	570	310	552
QUAL	0	242	430	265	165	547
QUAL	0	243	435	266	169	485
QUAL	0	244	483	290	193	587
QUAL	0	245	489	297	192	478
QUAL	0	246	473	278	195	517
QUAL	0	247	512	332	180	637
QUAL	0	248	460	302	158	488
QUAL	0	249	457	283	173	479
QUAL	0	250	561	350	211	622
QUAL	0	251	542	362	180	525
QUAL	0	252	418	266	152	468
QUAL	0	253	560	348	211	630
QUAL	0	254	526	339	187	554
QUAL	0	255	528	311	217	541
QUAL	0	256	522	327	195	607
QUAL	0	257	509	323	186	510
QUAL	0	258	479	287	192	550
QUAL	0	259	560	361	199	622
QUAL	0	260	541	335	206	488
QUAL	0	261	498	312	186	600
QUAL	0	262	587	370	217	658
QUAL	0	263	562	367	195	510
QUAL	0	264	523	332	191	563
QUAL	0	265	573	380	193	637
QUAL	0	266	488	318	170	519
QUAL	0	267	594	380	213	543
QUAL	0	268	542	313	229	627
QUAL	0	269	522	333	189	550
QUAL	0	270	523	336	187	562
QUAL	0	271	609	393	216	685
QUAL	0	272	499	332	166	548
QUAL	0	273	573	377	196	594
QUAL	0	274	606	387	219	644
QUAL	0	275	566	362	204	566
QUAL	0	276	493	311	182	624
QUAL	0	277	671	429	242	831
QUAL	0	278	560	360	200	599
QUAL	0	279	502	316	186	589
QUAL	0	280	691	462	229	660
QUAL	0	281	498	350	148	574
QUAL	0	282	548	345	202	610
QUAL	0	283	739	468	271	679
QUAL	0	284	534	353	181	593
QUAL	0	285	570	365	205	597
QUAL	0	286	1055	655	399	673
QUAL	0	287	537	321	216	538
QUAL	0	288	583	383	200	579
QUAL	0	289	790	508	282	683
QUAL	0	290	523	324	198	568
QUAL	0	291	600	382	218	610
QUAL	0	292	723	454	267	681
QUAL	0	293	609	404	204	617
QUAL	0	294	567	357	209	578
QUAL	0	295	805	518	287	680
QUAL	0	296	641	403	238	576
QUAL	0	297	591	399	192	593
QUAL	0	298	796	510	286	636
QUAL	0	299	587	377	210	605
QUAL	0	300	578	357	220	617
QUAL	0	301	797	527	270	666
QUAL	0	302	584	390	194	642
QUAL	0	303	628	414	214	620
QUAL	0	304	821	536	285	646
QUAL	0	305	632	425	207	634
QUAL	0	306	581	358	223	636
QUAL	0	307	857	551	306	641
QUAL	0	308	597	376	221	627
QUAL	0	309	653	420	233	618
QUAL	0	310	780	491	289	675
QUAL	0	311	584	398	185	665
QUAL	0	312	637	401	235	654
QUAL	0	313	798	491	307	658
QUAL	0	314	624	402	222	619
QUAL	0	315	692	433	259	613
QUAL	0	316	859	573	285	718
QUAL	0	317	651	409	242	626
QUAL	0	318	685	456	229	624
QUAL	0	319	888	557	330	688
QUAL	0	320	717	457	260	611
QUAL	0	321	663	436	227	626
QUAL	0	322	927	577	349	794
QUAL	0	323	659	441	218	646
QUAL	0	324	702	442	260	637
QUAL	0	325	928	609	318	708
QUAL	0	326	652	435	217	656
QUAL	0	327	774	481	292	621
QUAL	0	328	1007	660	347	697
QUAL	0	329	721	485	236	643
QUAL	0	330	734	481	253	639
QUAL	0	331	1326	855	471	740
QUAL	0	332	708	491	217	709
QUAL	0	333	794	492	302	660
QUAL	0	334	1023	669	354	665
QUAL	0	335	744	488	256	627
QUAL	0	336	784	502	282	665
QUAL	0	337	993	646	343	685
QUAL	0	338	719	471	248	700
QUAL	0	339	794	550	243	668
QUAL	0	340	1050	681	368	683
QUAL	0	341	765	491	274	654
QUAL	0	342	832	531	301	645
QUAL	0	343	1022	635	387	712
QUAL	0	344	749	476	273	625
QUAL	0	345	860	547	313	632
QUAL	0	346	1046	697	349	701
QUAL	0	347	811	547	264	672
QUAL	0	348	845	542	303	712
QUAL	0	349	1137	743	394	723
QUAL	0	350	749	476	272	677
QUAL	0	351	869	530	339	714
QUAL	0	352	1158	749	409	713
QUAL	0	353	732	464	268	672
QUAL	0	354	921	597	324	714
QUAL	0	355	1215	800	414	690
QUAL	0	356	762	496	265	671
QUAL	0	357	898	581	316	671
QUAL	0	358	1240	797	443	733
QUAL	0	359	790	502	287	617
QUAL	0	360	979	619	360	692
QUAL	0	361	1254	813	441	742
QUAL	0	362	809	524	285	662
QUAL	0	363	892	579	313	678
QUAL	0	364	1289	820	469	801
QUAL	0	365	839	551	288	693
QUAL	0	366	1018	662	355	715
QUAL	0	367	1383	911	471	862
QUAL	0	368	828	533	294	701
QUAL	0	369	1063	700	363	677
QUAL	0	370	1414	943	469	766
QUAL	0	371	863	583	280	687
QUAL	0	372	1049	676	373	675
QUAL	0	373	1468	966	502	706
QUAL	0	374	887	583	303	719
QUAL	0	375	1010	665	343	707
QUAL	0	376	1801	1171	630	730
QUAL	0	377	941	624	316	657
QUAL	0	378	1103	753	350	646
QUAL	0	379	1599	1038	561	744
QUAL	0	380	948	629	319	677
QUAL	0	381	1096	722	374	653
QUAL	0	382	1503	987	514	767
QUAL	0	383	966	622	343	724
QUAL	0	384	1066	693	372	670
QUAL	0	385	1459	949	509	755
QUAL	0	386	1081	704	376	633
QUAL	0	387	1055	675	379	664
QUAL	0	388	1588	1048	539	753
QUAL	0	389	1106	719	387	675
QUAL	0	390	1044	698	346	665
QUAL	0	391	1525	1009	516	802
QUAL	0	392	1073	706	367	677
QUAL	0	393	1079	674	404	713
QUAL	0	394	1552	1006	545	788
QUAL	0	395	1126	744	382	727
QUAL	0	396	1187	780	407	656
QUAL	0	397	1558	1002	556	809
QUAL	0	398	1200	776	424	697
QUAL	0	399	1158	747	411	693
QUAL	0	400	1668	1065	602	780
QUAL	0	401	1278	867	410	673
QUAL	0	402	1243	803	440	652
QUAL	0	403	1718	1138	580	805
QUAL	0	404	1347	890	456	699
QUAL	0	405	1160	772	387	666
QUAL	0	406	1744	1159	584	777
QUAL	0	407	1373	883	490	722
QUAL	0	408	1238	814	424	681
QUAL	0	409	1774	1171	602	751
QUAL	0	410	1481	955	526	656
QUAL	0	411	1203	797	405	694
QUAL	0	412	1812	1176	634	943
QUAL	0	413	1419	921	497	676
QUAL	0	414	1368	914	454	658
QUAL	0	415	1812	1190	621	787
QUAL	0	416	1471	957	514	668
QUAL	0	417	1404	918	486	654
QUAL	0	418	1815	1237	578	762
QUAL	0	419	1573	1075	497	707
QUAL	0	420	1461	966	495	697
QUAL	0	421	2134	1381	753	792
QUAL	0	422	1495	969	525	660
QUAL	0	423	1438	939	499	668
QUAL	0	424	1721	1136	585	794
QUAL	0	425	1506	990	516	684
QUAL	0	426	1520	1014	504	653
QUAL	0	427	1720	1122	598	774
QUAL	0	428	1520	1010	510	669
QUAL	0	429	1630	1101	528	693
QUAL	0	430	1826	1215	609	800
QUAL	0	431	1567	1059	507	688
QUAL	0	432	1730	1125	605	698
QUAL	0	433	1740	1177	563	733
QUAL	0	434	1514	992	521	675
QUAL	0	435	1792	1196	596	693
QUAL	0	436	1752	1199	553	752
QUAL	0	437	1555	1002	553	674
QUAL	0	438	1894	1213	681	635
QUAL	0	439	1821	1193	628	764
QUAL	0	440	1683	1135	548	691
QUAL	0	441	1919	1235	684	686
QUAL	0	442	1821	1202	619	776
QUAL	0	443	1679	1112	567	717
QUAL	0	444	2003	1325	678	629
QUAL	0	445	1851	1222	627	749
QUAL	0	446	1685	1110	574	674
QUAL	0	447	2075	1416	659	671
QUAL	0	448	1964	1281	683	841
QUAL	0	449	1782	1218	564	671
QUAL	0	450	2142	1426	716	663
QUAL	0	451	2021	1342	679	825
QUAL	0	452	1769	1167	601	712
QUAL	0	453	2159	1430	729	697
QUAL	0	454	2018	1313	705	839
QUAL	0	455	1828	1228	599	679
QUAL	0	456	2107	1397	710	660
QUAL	0	457	2127	1409	718	961
QUAL	0	458	1894	1288	606	734
QUAL	0	459	2240	1496	744	629
QUAL	0	460	2190	1434	756	815
QUAL	0	461	1935	1297	638	712
QUAL	0	462	2121	1466	653	604
QUAL	0	463	2216	1391	824	776
QUAL	0	464	1965	1326	638	694
QUAL	0	465	2144	1421	723	652
QUAL	0	466	2544	1661	882	783
QUAL	0	467	1971	1320	651	679
QUAL	0	468	2170	1415	755	674
QUAL	0	469	2119	1405	714	801
QUAL	0	470	2058	1345	713	687
QUAL	0	471	2190	1457	733	689
QUAL	0	472	2284	1475	808	806
QUAL	0	473	2105	1430	674	672
QUAL	0	474	2191	1461	730	648
QUAL	0	475	2215	1462	752	743
QUAL	0	476	2247	1485	762	652
QUAL	0	477	2227	1490	737	649
QUAL	0	478	2101	1395	706	763
QUAL	0	479	2146	1435	711	667
QUAL	0	480	2449	1646	802	658
QUAL	0	481	2305	1514	791	817
QUAL	0	482	2319	1559	758	680
QUAL	0	483	2505	1696	808	679
QUAL	0	484	2356	1577	778	807
QUAL	0	485	2252	1485	766	599
QUAL	0	486	2605	1731	874	673
QUAL	0	487	2260	1525	735	803
QUAL	0	488	2387	1643	744	640
QUAL	0	489	2733	1782	951	621
QUAL	0	490	2312	1519	793	804
QUAL	0	491	2561	1777	784	641
QUAL	0	492	2747	1816	931	681
QUAL	0	493	2301	1510	791	827
QUAL	0	494	2480	1651	829	686
QUAL	0	495	2762	1838	924	658
QUAL	0	496	2374	1576	798	872
QUAL	0	497	2600	1703	897	681
QUAL	0	498	2826	1884	942	644
QUAL	0	499	2340	1546	793	815
QUAL	0	500	2484	1647	836	652
QUAL	0	501	2936	1959	977	696
QUAL	0	502	2401	1535	864	941
QUAL	0	503	2584	1758	826	675
QUAL	0	504	2984	2014	970	689
QUAL	0	505	2317	1537	779	818
QUAL	0	506	2706	1781	923	629
QUAL	0	507	2985	1981	1004	646
QUAL	0	508	2402	1550	851	822
QUAL	0	509	2664	1834	829	674
QUAL	0	510	3224	2181	1043	665
QUAL	0	511	2649	1705	943	790
QUAL	0	512	2618	1765	852	622
QUAL	0	513	3066	2051	1015	695
QUAL	0	514	2407	1599	807	802
QUAL	0	515	2736	1825	910	599
QUAL	0	516	3245	2180	1065	680
QUAL	0	517	2488	1602	885	749
QUAL	0	518	2677	1799	878	571
QUAL	0	519	3307	2232	1075	663
QUAL	0	520	2370	1576	793	781
QUAL	0	521	2788	1865	919	586
QUAL	0	522	3485	2402	1082	693
QUAL	0	523	2535	1685	849	806
QUAL	0	524	2726	1835	891	626
QUAL	0	525	3482	2325	1156	676
QUAL	0	526	2696	1793	903	819
QUAL	0	527	2934	1965	969	632
QUAL	0	528	3706	2501	1205	647
QUAL	0	529	2695	1780	915	802
QUAL	0	530	2765	1845	918	649
QUAL	0	531	3602	2426	1175	670
QUAL	0	532	2768	1842	925	858
QUAL	0	533	2825	1848	977	644
QUAL	0	534	3824	2621	1203	659
QUAL	0	535	2826	1853	973	801
QUAL	0	536	2836	1896	940	613
QUAL	0	537	3712	2503	1209	648
QUAL	0	538	3056	2038	1015	840
QUAL	0	539	2822	1906	916	655
QUAL	0	540	3744	2494	1250	627
QUAL	0	541	3073	2029	1044	818
QUAL	0	542	2803	1887	916	688
QUAL	0	543	3682	2479	1202	681
QUAL	0	544	3073	2027	1046	844
QUAL	0	545	2728	1817	910	611
QUAL	0	546	3626	2453	1173	657
QUAL	0	547	3202	2153	1049	904
QUAL	0	548	2764	1870	894	667
QUAL	0	549	3646	2439	1207	647
QUAL	0	550	3230	2140	1089	797
QUAL	0	551	2766	1854	911	671
QUAL	0	552	3649	2438	1211	642
QUAL	0	553	3444	2314	1130	770
QUAL	0	554	2714	1807	907	617
QUAL	0	555	3755	2552	1203	678
QUAL	0	556	3867	2514	1353	790
QUAL	0	557	2699	1782	916	619
QUAL	0	558	3759	2534	1224	603
QUAL	0	559	3694	2461	1233	795
QUAL	0	560	2910	1978	932	634
QUAL	0	561	3773	2579	1193	586
QUAL	0	562	3638	2449	1187	750
QUAL	0	563	2977	2046	931	578
QUAL	0	564	3814	2579	1235	655
QUAL	0	565	3725	2439	1284	716
QUAL	0	566	3059	2027	1031	618
QUAL	0	567	3815	2549	1265	655
QUAL	0	568	3779	2497	1282	775
QUAL	0	569	3106	2079	1027	589
QUAL	0	570	3746	2529	1217	652
QUAL	0	571	3829	2556	1273	804
QUAL	0	572	3209	2131	1077	660
QUAL	0	573	3878	2641	1237	682
QUAL	0	574	3776	2496	1280	798
QUAL	0	575	3313	2249	1064	653
QUAL	0	576	3781	2576	1203	659
QUAL	0	577	3750	2542	1207	833
QUAL	0	578	3386	2302	1084	631
QUAL	0	579	3625	2420	1204	639
QUAL	0	580	3756	2488	1267	778
QUAL	0	581	3399	2326	1073	637
QUAL	0	582	3714	2458	1256	677
QUAL	0	583	3657	2422	1235	843
QUAL	0	584	3534	2333	1201	570
QUAL	0	585	3760	2540	1218	618
QUAL	0	586	3668	2510	1158	751
QUAL	0	587	3642	2452	1190	644
QUAL	0	588	3757	2507	1249	641
QUAL	0	589	3713	2490	1223	762
QUAL	0	590	3801	2550	1249	604
QUAL	0	591	3767	2539	1228	711
QUAL	0	592	3746	2530	1216	909
QUAL	0	593	3764	2550	1212	581
QUAL	0	594	3925	2626	1298	644
QUAL	0	595	3719	2447	1272	746
QUAL	0	596	3712	2473	1238	536
QUAL	0	597	3988	2734	1254	622
QUAL	0	598	3857	2572	1285	740
QUAL	0	599	3854	2574	1280	632
QUAL	0	600	3909	2615	1294	634
QUAL	0	601	4175	2826	1348	758
QUAL	0	602	3795	2482	1312	508
QUAL	0	603	4001	2636	1364	637
QUAL	0	604	3923	2557	1364	756
QUAL	0	605	3835	2586	1248	559
QUAL	0	606	4160	2821	1339	635
QUAL	0	607	4108	2697	1411	764
QUAL	0	608	3794	2543	1251	546
QUAL	0	609	4222	2888	1334	686
QUAL	0	610	3939	2614	1321	827
QUAL	0	611	3703	2522	1178	568
QUAL	0	612	4256	2876	1379	632
QUAL	0	613	4053	2759	1294	804
QUAL	0	614	3574	2433	1141	559
QUAL	0	615	4249	2936	1313	656
QUAL	0	616	4088	2675	1413	808
QUAL	0	617	3670	2446	1224	572
QUAL	0	618	4105	2784	1320	618
QUAL	0	619	4133	2762	1371	784
QUAL	0	620	3661	2478	1179	563
QUAL	0	621	4215	2899	1312	638
QUAL	0	622	4264	2826	1438	816
QUAL	0	623	3774	2523	1249	597
QUAL	0	624	4034	2693	1340	633
QUAL	0	625	4299	2913	1384	792
QUAL	0	626	3799	2553	1245	553
QUAL	0	627	4025	2703	1322	574
QUAL	0	628	4375	2928	1446	775
QUAL	0	629	3828	2568	1260	543
QUAL	0	630	4064	2765	1297	664
QUAL	0	631	4368	2938	1430	799
QUAL	0	632	4005	2730	1275	546
QUAL	0	633	4022	2711	1311	621
QUAL	0	634	4425	3032	1392	805
QUAL	0	635	4139	2799	1340	563
QUAL	0	636	3962	2697	1265	627
QUAL	0	637	4383	2925	1458	904
QUAL	0	638	4079	2752	1326	550
QUAL	0	639	3952	2670	1282	550
QUAL	0	640	4691	3095	1596	775
QUAL	0	641	4149	2840	1306	520
QUAL	0	642	3904	2609	1295	610
QUAL	0	643	4714	3075	1639	774
QUAL	0	644	4290	2858	1432	514
QUAL	0	645	3854	2612	1241	623
QUAL	0	646	5027	3384	1643	679
QUAL	0	647	4275	2905	1368	568
QUAL	0	648	3875	2633	1241	631
QUAL	0	649	4620	3105	1515	767
QUAL	0	650	4295	2869	1426	556
QUAL	0	651	3945	2715	1229	654
QUAL	0	652	4725	3153	1572	761
QUAL	0	653	4273	2912	1361	566
QUAL	0	654	3797	2562	1234	578
QUAL	0	655	4728	3172	1555	777
QUAL	0	656	4439	3015	1421	484
QUAL	0	657	3901	2651	1247	623
QUAL	0	658	4756	3174	1582	799
QUAL	0	659	4298	2937	1361	522
QUAL	0	660	3726	2535	1191	648
QUAL	0	661	4545	3024	1520	731
QUAL	0	662	4368	2970	1398	512
QUAL	0	663	3586	2402	1183	591
QUAL	0	664	4613	3068	1545	772
QUAL	0	665	4476	3026	1449	576
QUAL	0	666	3681	2470	1211	626
QUAL	0	667	4628	3052	1575	775
QUAL	0	668	4728	3190	1537	581
QUAL	0	669	3711	2422	1288	585
QUAL	0	670	4659	3152	1506	762
QUAL	0	671	4743	3235	1508	541
QUAL	0	672	3746	2467	1278	528
QUAL	0	673	4540	3059	1481	814
QUAL	0	674	4754	3253	1500	541
QUAL	0	675	3782	2533	1249	610
QUAL	0	676	4527	3053	1472	794
QUAL	0	677	4796	3207	1588	541
QUAL	0	678	3786	2563	1222	688
QUAL	0	679	4615	3049	1566	779
QUAL	0	680	4892	3322	1569	512
QUAL	0	681	3812	2610	1201	612
QUAL	0	682	4570	3085	1485	909
QUAL	0	683	4878	3321	1555	549
QUAL	0	684	3915	2698	1217	596
QUAL	0	685	4438	2962	1476	734
QUAL	0	686	4867	3256	1610	538
QUAL	0	687	3895	2619	1273	643
QUAL	0	688	4554	3031	1522	822
QUAL	0	689	4866	3259	1605	536
QUAL	0	690	4016	2757	1259	639
QUAL	0	691	4876	3281	1594	794
QUAL	0	692	4750	3268	1482	501
QUAL	0	693	4082	2728	1353	580
QUAL	0	694	4426	2965	1460	778
QUAL	0	695	4700	3233	1467	520
QUAL	0	696	4109	2787	1322	613
QUAL	0	697	4336	2900	1436	755
QUAL	0	698	4522	3057	1464	523
QUAL	0	699	4319	2914	1405	508
QUAL	0	700	4213	2856	1356	784
QUAL	0	701	4665	3118	1546	533
QUAL	0	702	4189	2851	1336	603
QUAL	0	703	4197	2796	1399	795
QUAL	0	704	4619	3110	1507	539
QUAL	0	705	4393	3021	1371	578
QUAL	0	706	4246	2881	1364	770
QUAL	0	707	4555	3122	1432	543
QUAL	0	708	4455	2991	1463	555
QUAL	0	709	4088	2712	1376	732
QUAL	0	710	4488	3060	1428	515
QUAL	0	711	4567	3157	1408	619
QUAL	0	712	4102	2749	1352	743
QUAL	0	713	4653	3123	1530	510
QUAL	0	714	4552	3064	1487	558
QUAL	0	715	4220	2847	1372	698
QUAL	0	716	4554	3019	1534	498
QUAL	0	717	4537	3069	1468	580
QUAL	0	718	4219	2848	1371	676
QUAL	0	719	4605	3125	1479	524
QUAL	0	720	4566	3117	1449	540
QUAL	0	721	4258	2878	1380	735
QUAL	0	722	4403	3008	1395	534
QUAL	0	723	4461	2995	1465	585
QUAL	0	724	4210	2832	1377	768
QUAL	0	725	4406	3047	1358	540
QUAL	0	726	4297	2892	1403	622
QUAL	0	727	4577	3073	1501	854
QUAL	0	728	4381	3024	1357	510
QUAL	0	729	4202	2832	1369	583
QUAL	0	730	4454	3006	1448	727
QUAL	0	731	4456	3046	1409	548
QUAL	0	732	4205	2839	1364	574
QUAL	0	733	4594	3086	1506	671
QUAL	0	734	4263	2894	1368	504
QUAL	0	735	3966	2705	1260	541
QUAL	0	736	4834	3216	1617	776
QUAL	0	737	4224	2830	1393	493
QUAL	0	738	4159	2802	1357	584
QUAL	0	739	4572	3144	1427	719
QUAL	0	740	4249	2842	1407	485
QUAL	0	741	4240	2867	1372	586
QUAL	0	742	4539	3054	1484	718
QUAL	0	743	4344	2966	1378	501
QUAL	0	744	4162	2832	1329	576
QUAL	0	745	4474	2985	1488	746
QUAL	0	746	4289	2831	1458	455
QUAL	0	747	4044	2681	1363	596
QUAL	0	748	4328	2916	1412	697
QUAL	0	749	4207	2809	1397	501
QUAL	0	750	4151	2743	1407	609
QUAL	0	751	4271	2878	1393	676
QUAL	0	752	4300	2935	1365	517
QUAL	0	753	4222	2903	1317	581
QUAL	0	754	4182	2791	1390	739
QUAL	0	755	4389	2984	1405	527
QUAL	0	756	4354	2964	1389	633
QUAL	0	757	4099	2754	1343	694
QUAL	0	758	4375	2946	1428	481
QUAL	0	759	4270	2978	1291	563
QUAL	0	760	4239	2841	1397	672
QUAL	0	761	4446	3011	1434	473
QUAL	0	762	4318	2911	1405	508
QUAL	0	763	3998	2697	1299	657
QUAL	0	764	4317	2945	1372	534
QUAL	0	765	4540	3110	1430	551
QUAL	0	766	3930	2627	1301	695
QUAL	0	767	4235	2917	1317	483
QUAL	0	768	4131	2844	1286	531
QUAL	0	769	3883	2600	1282	705
QUAL	0	770	4323	2958	1363	496
QUAL	0	771	4128	2789	1338	580
QUAL	0	772	4211	2873	1337	820
QUAL	0	773	4208	2846	1361	468
QUAL	0	774	4184	2862	1321	575
QUAL	0	775	4055	2704	1350	747
QUAL	0	776	4006	2724	1281	477
QUAL	0	777	4165	2830	1335	551
QUAL	0	778	4204	2869	1335	735
QUAL	0	779	3839	2643	1196	437
QUAL	0	780	4139	2792	1347	623
QUAL	0	781	4366	2917	1448	735
QUAL	0	782	3782	2579	1201	477
QUAL	0	783	4227	2919	1306	483
QUAL	0	784	4033	2707	1323	733
QUAL	0	785	3710	2499	1211	443
QUAL	0	786	4209	2883	1324	527
QUAL	0	787	4080	2755	1324	698
QUAL	0	788	3777	2563	1214	403
QUAL	0	789	4326	2963	1361	535
QUAL	0	790	4087	2775	1311	713
QUAL	0	791	3618	2433	1185	471
QUAL	0	792	4377	3013	1363	525
QUAL	0	793	4051	2745	1305	691
QUAL	0	794	3653	2466	1186	459
QUAL	0	795	4153	2772	1381	527
QUAL	0	796	3960	2633	1324	711
QUAL	0	797	3616	2453	1163	455
QUAL	0	798	4238	2925	1312	570
QUAL	0	799	3994	2687	1307	684
QUAL	0	800	3551	2391	1159	479
QUAL	0	801	4242	2911	1330	552
QUAL	0	802	4009	2751	1255	593
QUAL	0	803	3458	2351	1106	465
QUAL	0	804	4232	2900	1332	551
QUAL	0	805	3938	2652	1285	662
QUAL	0	806	3499	2361	1138	475
QUAL	0	807	4284	2950	1333	542
QUAL	0	808	3916	2688	1228	660
QUAL	0	809	3275	2238	1036	471
QUAL	0	810	4203	2888	1315	565
QUAL	0	811	3792	2569	1221	641
QUAL	0	812	3345	2262	1083	434
QUAL	0	813	4160	2793	1366	534
QUAL	0	814	4050	2710	1338	691
QUAL	0	815	3255	2241	1014	456
QUAL	0	816	3989	2680	1309	595
QUAL	0	817	4133	2792	1340	808
QUAL	0	818	3161	2132	1029	458
QUAL	0	819	3955	2721	1233	565
QUAL	0	820	3960	2678	1282	726
QUAL	0	821	3129	2109	1019	488
QUAL	0	822	3779	2537	1238	551
QUAL	0	823	4230	2819	1411	657
QUAL	0	824	3188	2145	1042	451
QUAL	0	825	3735	2507	1228	503
QUAL	0	826	4434	2957	1477	664
QUAL	0	827	3026	2043	983	432
QUAL	0	828	3765	2538	1226	501
QUAL	0	829	4114	2726	1387	665
QUAL	0	830	3036	2026	1009	428
QUAL	0	831	3777	2534	1243	523
QUAL	0	832	4019	2728	1288	629
QUAL	0	833	3054	2072	981	459
QUAL	0	834	3650	2457	1192	537
QUAL	0	835	4018	2696	1321	646
QUAL	0	836	3205	2157	1048	352
QUAL	0	837	3708	2505	1203	550
QUAL	0	838	3954	2696	1257	628
QUAL	0	839	3185	2131	1054	381
QUAL	0	840	3677	2507	1170	519
QUAL	0	841	4052	2744	1308	570
QUAL	0	842	3092	2146	946	415
QUAL	0	843	3561	2463	1098	550
QUAL	0	844	3933	2665	1262	590
QUAL	0	845	3054	2066	986	450
QUAL	0	846	3623	2435	1186	570
QUAL	0	847	3760	2571	1189	583
QUAL	0	848	3137	2160	976	468
QUAL	0	849	3506	2412	1094	540
QUAL	0	850	3637	2508	1126	629
QUAL	0	851	3085	2047	1038	445
QUAL	0	852	3576	2409	1165	555
QUAL	0	853	3509	2381	1125	671
QUAL	0	854	3050	2096	953	397
QUAL	0	855	3493	2358	1135	509
QUAL	0	856	3540	2419	1120	675
QUAL	0	857	3033	2080	953	412
QUAL	0	858	3352	2243	1109	465
QUAL	0	859	3479	2307	1172	610
QUAL	0	860	3045	2069	976	407
QUAL	0	861	3157	2147	1010	567
QUAL	0	862	3609	2396	1212	891
QUAL	0	863	2953	2041	910	486
QUAL	0	864	3208	2232	975	528
QUAL	0	865	3656	2457	1198	701
QUAL	0	866	2960	2015	944	420
QUAL	0	867	3191	2207	983	508
QUAL	0	868	3559	2389	1169	607
QUAL	0	869	3016	2001	1014	397
QUAL	0	870	3194	2186	1007	480
QUAL	0	871	3792	2483	1309	531
QUAL	0	872	2772	1870	902	369
QUAL	0	873	3197	2188	1009	518
QUAL	0	874	3388	2279	1108	607
QUAL	0	875	2909	2026	881	402
QUAL	0	876	3089	2068	1021	551
QUAL	0	877	3354	2263	1090	583
QUAL	0	878	2880	1889	991	447
QUAL	0	879	3101	2124	976	538
QUAL	0	880	3249	2195	1053	575
QUAL	0	881	2713	1872	841	371
QUAL	0	882	3152	2144	1007	423
QUAL	0	883	3367	2228	1138	513
QUAL	0	884	2724	1859	864	384
QUAL	0	885	3109	2114	995	478
QUAL	0	886	3221	2171	1048	567
QUAL	0	887	2754	1897	857	390
QUAL	0	888	3097	2092	1003	518
QUAL	0	889	3058	2021	1037	505
QUAL	0	890	2740	1881	859	456
QUAL	0	891	3115	2125	990	533
QUAL	0	892	2968	2016	951	543
QUAL	0	893	2632	1796	835	503
QUAL	0	894	3020	2063	955	530
QUAL	0	895	3066	2104	962	529
QUAL	0	896	2594	1751	842	372
QUAL	0	897	3002	2040	962	493
QUAL	0	898	2968	2035	932	620
QUAL	0	899	2598	1786	812	368
QUAL	0	900	2928	1978	948	477
QUAL	0	901	2925	1988	936	587
QUAL	0	902	2500	1684	814	391
QUAL	0	903	2935	2007	928	513
QUAL	0	904	3072	2077	994	642
QUAL	0	905	2537	1728	809	381
QUAL	0	906	2653	1791	860	514
QUAL	0	907	3161	2137	1024	781
QUAL	0	908	2495	1698	795	432
QUAL	0	909	2610	1763	846	492
QUAL	0	910	3054	2075	978	576
QUAL	0	911	2549	1700	849	375
QUAL	0	912	2613	1765	847	455
QUAL	0	913	3158	2094	1060	592
QUAL	0	914	2510	1733	776	360
QUAL	0	915	2619	1786	833	449
QUAL	0	916	3188	2154	1034	550
QUAL	0	917	2572	1700	872	432
QUAL	0	918	2552	1746	804	511
QUAL	0	919	2984	2007	977	597
QUAL	0	920	2540	1697	842	368
QUAL	0	921	2537	1718	819	490
QUAL	0	922	2873	1942	931	521
QUAL	0	923	2471	1662	807	402
QUAL	0	924	2542	1741	799	441
QUAL	0	925	2686	1825	860	478
QUAL	0	926	2377	1618	759	458
QUAL	0	927	2587	1752	835	482
QUAL	0	928	2586	1722	863	492
QUAL	0	929	2405	1621	782	382
QUAL	0	930	2389	1642	747	464
QUAL	0	931	2589	1785	804	456
QUAL	0	932	2423	1614	807	367
QUAL	0	933	2418	1608	809	494
QUAL	0	934	2435	1711	723	457
QUAL	0	935	2283	1552	729	352
QUAL	0	936	2382	1571	811	610
QUAL	0	937	2413	1595	817	519
QUAL	0	938	2332	1560	771	352
QUAL	0	939	2616	1805	808	434
QUAL	0	940	2298	1515	783	502
QUAL	0	941	2422	1645	776	385
QUAL	0	942	2485	1685	800	436
QUAL	0	943	2191	1483	708	573
QUAL	0	944	2349	1578	771	325
QUAL	0	945	2408	1648	760	447
QUAL	0	946	2301	1535	766	555
QUAL	0	947	2295	1559	735	406
QUAL	0	948	2355	1607	748	434
QUAL	0	949	2339	1532	805	540
QUAL	0	950	2308	1585	721	467
QUAL	0	951	2291	1563	727	453
QUAL	0	952	2382	1579	802	675
QUAL	0	953	2225	1514	711	428
QUAL	0	954	2312	1562	750	476
QUAL	0	955	2405	1636	768	511
QUAL	0	956	2221	1461	759	348
QUAL	0	957	2355	1580	775	464
QUAL	0	958	2275	1536	739	451
QUAL	0	959	2146	1454	690	377
QUAL	0	960	2172	1467	704	401
QUAL	0	961	2593	1699	894	516
QUAL	0	962	2067	1366	701	362
QUAL	0	963	2171	1475	693	439
QUAL	0	964	2098	1394	702	487
QUAL	0	965	2031	1407	623	366
QUAL	0	966	2158	1451	706	456
QUAL	0	967	2094	1410	682	458
QUAL	0	968	1991	1337	652	318
QUAL	0	969	2249	1543	706	476
QUAL	0	970	1892	1251	637	531
QUAL	0	971	1976	1353	622	423
QUAL	0	972	2055	1390	664	466
QUAL	0	973	2037	1373	664	427
QUAL	0	974	1851	1223	628	350
QUAL	0	975	2128	1448	679	447
QUAL	0	976	1885	1264	621	407
QUAL	0	977	1940	1323	614	331
QUAL	0	978	2065	1377	686	557
QUAL	0	979	1855	1262	591	528
QUAL	0	980	1894	1265	628	378
QUAL	0	981	2284	1523	761	421
QUAL	0	982	1812	1222	589	360
QUAL	0	983	1779	1233	546	413
QUAL	0	984	2160	1465	694	426
QUAL	0	985	1662	1098	563	405
QUAL	0	986	1828	1244	582	300
QUAL	0	987	2233	1512	721	416
QUAL	0	988	1770	1189	580	509
QUAL	0	989	1812	1191	621	381
QUAL	0	990	2143	1416	727	483
QUAL	0	991	1780	1204	576	502
QUAL	0	992	1785	1216	569	368
QUAL	0	993	1978	1333	645	501
QUAL	0	994	1836	1226	610	482
QUAL	0	995	1712	1152	560	364
QUAL	0	996	1982	1310	671	494
QUAL	0	997	1772	1230	541	651
QUAL	0	998	1662383	1116320	545332	267703
QUAL	1	10	242	103	139	187
QUAL	1	11	375	169	206	180
QUAL	1	12	456	163	293	253
QUAL	1	13	310	145	165	187
QUAL	1	14	223	88	135	140
QUAL	1	15	231	90	141	157
QUAL	1	16	328	134	194	196
QUAL	1	17	185	75	110	144
QUAL	1	18	360	151	209	176
QUAL	1	19	321	154	167	224
QUAL	1	20	194	77	117	163
QUAL	1	21	277	127	150	167
QUAL	1	22	330	139	191	231
QUAL	1	23	169	62	107	133
QUAL	1	24	262	123	139	159
QUAL	1	25	324	130	194	218
QUAL	1	26	178	67	111	160
QUAL	1	27	262	125	137	158
QUAL	1	28	279	117	162	199
QUAL	1	29	150	68	82	164
QUAL	1	30	247	116	131	175
QUAL	1	31	266	132	134	222
QUAL	1	32	159	79	80	169
QUAL	1	33	252	121	131	171
QUAL	1	34	284	135	149	230
QUAL	1	35	148	62	86	154
QUAL	1	36	247	126	121	180
QUAL	1	37	281	143	138	223
QUAL	1	38	144	69	75	157
QUAL	1	39	235	106	129	191
QUAL	1	40	278	135	143	248
QUAL	1	41	132	61	71	180
QUAL	1	42	235	114	121	187
QUAL	1	43	257	129	128	234
QUAL	1	44	167	76	91	191
QUAL	1	45	227	119	108	174
QUAL	1	46	252	123	129	260
QUAL	1	47	159	66	93	164
QUAL	1	48	206	117	89	197
QUAL	1	49	274	129	145	212
QUAL	1	50	129	56	73	171
QUAL	1	51	179	85	94	221
QUAL	1	52	288	142	146	217
QUAL	1	53	155	65	90	267
QUAL	1	54	212	113	99	211
QUAL	1	55	263	140	123	213
QUAL	1	56	128	72	56	173
QUAL	1	57	179	89	90	160
QUAL	1	58	264	140	124	216
QUAL	1	59	158	71	87	185
QUAL	1	60	199	89	110	228
QUAL	1	61	260	134	126	227
QUAL	1	62	259	124	135	172
QUAL	1	63	187	99	88	168
QUAL	1	64	259	136	123	234
QUAL	1	65	149	79	70	163
QUAL	1	66	183	105	78	193
QUAL	1	67	281	157	124	253
QUAL	1	68	142	81	61	180
QUAL	1	69	163	95	68	188
QUAL	1	70	216	118	98	208
QUAL	1	71	135	67	68	202
QUAL	1	72	164	87	77	185
QUAL	1	73	183	82	101	241
QUAL	1	74	113	60	53	180
QUAL	1	75	164	89	75	198
QUAL	1	76	198	102	96	256
QUAL	1	77	160	88	72	182
QUAL	1	78	152	83	69	165
QUAL	1	79	187	92	95	251
QUAL	1	80	111	58	53	184
QUAL	1	81	165	84	81	190
QUAL	1	82	204	110	94	210
QUAL	1	83	129	76	53	191
QUAL	1	84	155	90	65	200
QUAL	1	85	227	121	106	254
QUAL	1	86	114	57	57	198
QUAL	1	87	156	95	61	194
QUAL	1	88	195	112	83	208
QUAL	1	89	104	51	53	196
QUAL	1	90	142	86	56	200
QUAL	1	91	212	99	113	189
QUAL	1	92	92	47	45	170
QUAL	1	93	143	66	77	172
QUAL	1	94	229	117	112	201
QUAL	1	95	116	60	56	166
QUAL	1	96	128	55	73	216
QUAL	1	97	199	108	91	275
QUAL	1	98	90	56	34	309
QUAL	1	99	144	79	65	218
QUAL	1	100	164	95	69	252
QUAL	1	101	122	71	51	178
QUAL	1	102	124	63	61	163
QUAL	1	103	156	84	72	194
QUAL	1	104	118	71	47	175
QUAL	1	105	122	67	55	204
QUAL	1	106	163	101	62	207
QUAL	1	107	310	160	150	183
QUAL	1	108	138	66	72	195
QUAL	1	109	199	94	105	260
QUAL	1	110	93	48	45	182
QUAL	1	111	106	58	48	183
QUAL	1	112	134	77	57	256
QUAL	1	113	86	46	40	174
QUAL	1	114	109	54	55	197
QUAL	1	115	138	77	61	198
QUAL	1	116	87	49	38	172
QUAL	1	117	123	62	61	179
QUAL	1	118	168	93	75	216
QUAL	1	119	93	59	34	205
QUAL	1	120	106	52	54	216
QUAL	1	121	131	60	71	247
QUAL	1	122	82	50	32	194
QUAL	1	123	101	52	49	201
QUAL	1	124	149	83	66	237
QUAL	1	125	69	38	31	222
QUAL	1	126	113	61	52	194
QUAL	1	127	156	89	67	212
QUAL	1	128	87	56	31	181
QUAL	1	129	108	66	42	179
QUAL	1	130	175	95	80	192
QUAL	1	131	87	50	37	193
QUAL	1	132	112	66	46	180
QUAL	1	133	122	73	49	182
QUAL	1	134	74	34	40	211
QUAL	1	135	90	58	32	204
QUAL	1	136	120	65	55	225
QUAL	1	137	65	33	32	190
QUAL	1	138	120	66	54	195
QUAL	1	139	136	78	58	205
QUAL	1	140	77	43	34	190
QUAL	1	141	96	59	37	206
QUAL	1	142	114	61	53	247
QUAL	1	143	71	36	35	332
QUAL	1	144	87	54	33	216
QUAL	1	145	136	90	46	205
QUAL	1	146	81	42	39	186
QUAL	1	147	92	45	47	175
QUAL	1	148	113	63	50	209
QUAL	1	149	93	46	47	183
QUAL	1	150	100	59	41	184
QUAL	1	151	130	75	55	240
QUAL	1	152	283	167	116	188
QUAL	1	153	85	47	38	212
QUAL	1	154	97	51	46	211
QUAL	1	155	74	37	36	175
QUAL	1	156	108	69	39	211
QUAL	1	157	126	68	58	253
QUAL	1	158	71	36	35	174
QUAL	1	159	80	48	32	175
QUAL	1	160	122	71	51	222
QUAL	1	161	70	38	32	187
QUAL	1	162	120	66	54	217
QUAL	1	163	104	59	45	214
QUAL	1	164	74	35	38	186
QUAL	1	165	85	48	37	204
QUAL	1	166	114	56	58	252
QUAL	1	167	69	37	32	183
QUAL	1	168	103	61	41	183
QUAL	1	169	143	74	69	246
QUAL	1	170	76	41	35	166
QUAL	1	171	86	57	29	172
QUAL	1	172	91	43	48	229
QUAL	1	173	58	35	23	172
QUAL	1	174	103	47	56	208
QUAL	1	175	101	57	44	198
QUAL	1	176	57	38	19	181
QUAL	1	177	88	51	37	170
QUAL	1	178	116	74	42	187
QUAL	1	179	85	46	39	180
QUAL	1	180	95	51	43	180
QUAL	1	181	115	66	49	186
QUAL	1	182	70	35	35	156
QUAL	1	183	84	45	39	202
QUAL	1	184	98	58	40	221
QUAL	1	185	49	26	23	180
QUAL	1	186	64	34	30	195
QUAL	1	187	97	50	47	313
QUAL	1	188	59	28	31	151
QUAL	1	189	79	47	32	194
QUAL	1	190	127	70	57	198
QUAL	1	191	68	41	27	139
QUAL	1	192	80	48	32	197
QUAL	1	193	100	58	42	206
QUAL	1	194	50	28	22	173
QUAL	1	195	77	42	34	199
QUAL	1	196	180	99	80	209
QUAL	1	197	59	36	23	139
QUAL	1	198	79	48	31	174
QUAL	1	199	104	66	38	232
QUAL	1	200	77	41	36	143
QUAL	1	201	70	32	38	173
QUAL	1	202	101	44	57	206
QUAL	1	203	59	35	24	156
QUAL	1	204	70	35	35	161
QUAL	1	205	82	47	35	220
QUAL	1	206	87	46	40	188
QUAL	1	207	76	38	38	175
QUAL	1	208	78	47	31	217
QUAL	1	209	53	32	21	166
QUAL	1	210	62	39	23	172
QUAL	1	211	92	56	36	203
QUAL	1	212	76	40	36	163
QUAL	1	213	74	34	40	189
QUAL	1	214	112	66	45	181
QUAL	1	215	71	42	29	173
QUAL	1	216	84	49	35	193
QUAL	1	217	91	42	49	158
QUAL	1	218	54	30	24	150
QUAL	1	219	79	45	34	169
QUAL	1	220	86	42	44	175
QUAL	1	221	50	28	22	137
QUAL	1	222	97	49	48	191
QUAL	1	223	75	36	39	186
QUAL	1	224	63	32	30	147
QUAL	1	225	98	51	47	169
QUAL	1	226	70	43	27	216
QUAL	1	227	44	18	26	137
QUAL	1	228	55	40	15	178
QUAL	1	229	72	40	32	183
QUAL	1	230	49	29	20	185
QUAL	1	231	49	27	22	198
QUAL	1	232	78	37	41	362
QUAL	1	233	59	34	25	178
QUAL	1	234	61	36	25	168
QUAL	1	235	81	44	37	208
QUAL	1	236	58	29	29	153
QUAL	1	237	64	40	24	154
QUAL	1	238	90	53	37	195
QUAL	1	239	61	34	27	146
QUAL	1	240	57	36	21	156
QUAL	1	241	174	94	80	172
QUAL	1	242	52	28	24	151
QUAL	1	243	59	32	27	159
QUAL	1	244	96	53	42	177
QUAL	1	245	40	21	19	153
QUAL	1	246	55	30	25	152
QUAL	1	247	76	39	37	165
QUAL	1	248	49	27	22	138
QUAL	1	249	61	32	29	139
QUAL	1	250	58	39	19	215
QUAL	1	251	36	23	13	175
QUAL	1	252	61	37	24	142
QUAL	1	253	101	49	51	201
QUAL	1	254	50	31	18	154
QUAL	1	255	70	42	28	138
QUAL	1	256	79	49	30	174
QUAL	1	257	50	22	28	146
QUAL	1	258	74	42	32	175
QUAL	1	259	69	41	28	172
QUAL	1	260	53	28	25	153
QUAL	1	261	69	43	26	167
QUAL	1	262	75	38	37	149
QUAL	1	263	69	41	28	136
QUAL	1	264	61	32	29	149
QUAL	1	265	50	25	25	197
QUAL	1	266	43	26	16	129
QUAL	1	267	73	38	34	156
QUAL	1	268	58	30	28	198
QUAL	1	269	40	22	18	169
QUAL	1	270	59	24	35	166
QUAL	1	271	80	47	33	169
QUAL	1	272	43	27	14	139
QUAL	1	273	55	28	27	185
QUAL	1	274	63	34	29	175
QUAL	1	275	40	19	21	160
QUAL	1	276	60	35	25	193
QUAL	1	277	76	44	32	293
QUAL	1	278	50	32	18	162
QUAL	1	279	67	36	31	203
QUAL	1	280	76	39	35	202
QUAL	1	281	43	27	16	139
QUAL	1	282	71	41	30	151
QUAL	1	283	83	47	36	175
QUAL	1	284	46	24	22	149
QUAL	1	285	58	36	22	167
QUAL	1	286	149	85	63	159
QUAL	1	287	54	22	32	114
QUAL	1	288	51	25	26	143
QUAL	1	289	70	35	35	162
QUAL	1	290	41	23	18	153
QUAL	1	291	63	36	27	138
QUAL	1	292	72	38	34	158
QUAL	1	293	52	30	22	142
QUAL	1	294	62	42	20	138
QUAL	1	295	61	34	27	180
QUAL	1	296	40	28	12	142
QUAL	1	297	51	31	20	167
QUAL	1	298	56	32	24	159
QUAL	1	299	42	25	17	128
QUAL	1	300	69	37	32	138
QUAL	1	301	58	32	26	193
QUAL	1	302	52	33	19	144
QUAL	1	303	52	27	25	130
QUAL	1	304	53	27	26	165
QUAL	1	305	62	32	30	140
QUAL	1	306	50	30	20	164
QUAL	1	307	60	28	32	164
QUAL	1	308	50	18	31	125
QUAL	1	309	60	33	27	141
QUAL	1	310	76	43	33	168
QUAL	1	311	48	22	25	140
QUAL	1	312	60	36	23	134
QUAL	1	313	58	29	29	148
QUAL	1	314	50	32	18	156
QUAL	1	315	55	35	20	158
QUAL	1	316	62	36	26	161
QUAL	1	317	43	28	15	140
QUAL	1	318	55	30	25	155
QUAL	1	319	47	26	21	169
QUAL	1	320	42	24	18	137
QUAL	1	321	54	30	24	176
QUAL	1	322	56	31	25	258
QUAL	1	323	39	18	21	162
QUAL	1	324	58	30	28	139
QUAL	1	325	59	35	23	181
QUAL	1	326	52	32	19	123
QUAL	1	327	59	31	27	137
QUAL	1	328	66	36	30	174
QUAL	1	329	46	24	22	139
QUAL	1	330	53	22	30	161
QUAL	1	331	145	62	83	164
QUAL	1	332	47	31	16	118
QUAL	1	333	56	33	22	162
QUAL	1	334	70	36	33	170
QUAL	1	335	47	36	11	135
QUAL	1	336	48	30	18	127
QUAL	1	337	74	39	34	156
QUAL	1	338	36	22	14	139
QUAL	1	339	53	23	30	150
QUAL	1	340	65	39	26	170
QUAL	1	341	40	24	16	130
QUAL	1	342	51	31	20	172
QUAL	1	343	68	34	32	145
QUAL	1	344	44	23	21	148
QUAL	1	345	55	28	27	140
QUAL	1	346	53	33	20	173
QUAL	1	347	50	27	23	104
QUAL	1	348	56	33	23	142
QUAL	1	349	46	24	22	150
QUAL	1	350	37	26	11	122
QUAL	1	351	55	26	29	118
QUAL	1	352	53	34	19	165
QUAL	1	353	46	24	22	133
QUAL	1	354	47	26	21	127
QUAL	1	355	60	33	27	155
QUAL	1	356	27	20	7	146
QUAL	1	357	68	41	27	124
QUAL	1	358	63	34	29	164
QUAL	1	359	37	23	14	135
QUAL	1	360	58	27	31	130
QUAL	1	361	64	32	32	151
QUAL	1	362	51	32	19	140
QUAL	1	363	54	34	19	143
QUAL	1	364	66	39	27	177
QUAL	1	365	48	30	18	144
QUAL	1	366	61	39	22	152
QUAL	1	367	69	42	27	255
QUAL	1	368	38	20	17	133
QUAL	1	369	42	23	19	156
QUAL	1	370	56	37	19	157
QUAL	1	371	36	16	20	134
QUAL	1	372	53	19	34	121
QUAL	1	373	72	46	26	153
QUAL	1	374	50	33	17	117
QUAL	1	375	63	34	29	122
QUAL	1	376	131	81	50	148
QUAL	1	377	46	30	15	119
QUAL	1	378	69	39	29	119
QUAL	1	379	67	39	27	134
QUAL	1	380	48	27	21	124
QUAL	1	381	45	26	19	121
QUAL	1	382	58	31	26	165
QUAL	1	383	48	25	23	128
QUAL	1	384	48	31	16	146
QUAL	1	385	76	41	35	127
QUAL	1	386	56	26	28	101
QUAL	1	387	62	33	28	156
QUAL	1	388	74	47	27	141
QUAL	1	389	38	21	17	111
QUAL	1	390	58	34	24	141
QUAL	1	391	62	35	26	150
QUAL	1	392	46	23	22	121
QUAL	1	393	63	41	21	113
QUAL	1	394	64	33	30	149
QUAL	1	395	44	25	19	125
QUAL	1	396	46	28	17	134
QUAL	1	397	52	31	21	149
QUAL	1	398	41	30	11	116
QUAL	1	399	55	31	24	130
QUAL	1	400	62	37	25	140
QUAL	1	401	54	26	27	108
QUAL	1	402	48	30	18	115
QUAL	1	403	45	24	21	161
QUAL	1	404	51	33	18	108
QUAL	1	405	65	38	27	109
QUAL	1	406	57	32	25	132
QUAL	1	407	40	22	17	120
QUAL	1	408	63	43	20	98
QUAL	1	409	54	39	14	140
QUAL	1	410	56	33	23	116
QUAL	1	411	49	30	19	136
QUAL	1	412	59	31	28	237
QUAL	1	413	42	22	20	117
QUAL	1	414	66	35	31	121
QUAL	1	415	59	40	19	144
QUAL	1	416	44	24	19	102
QUAL	1	417	61	38	23	117
QUAL	1	418	64	30	33	126
QUAL	1	419	52	23	28	108
QUAL	1	420	55	32	22	130
QUAL	1	421	123	67	56	138
QUAL	1	422	46	28	18	125
QUAL	1	423	62	36	26	104
QUAL	1	424	58	36	21	137
QUAL	1	425	49	24	25	121
QUAL	1	426	49	34	15	103
QUAL	1	427	59	33	26	126
QUAL	1	428	60	36	24	110
QUAL	1	429	55	35	20	120
QUAL	1	430	65	37	28	140
QUAL	1	431	62	35	27	106
QUAL	1	432	61	42	19	123
QUAL	1	433	37	18	19	108
QUAL	1	434	43	25	18	103
QUAL	1	435	59	42	16	129
QUAL	1	436	58	35	23	113
QUAL	1	437	43	24	18	94
QUAL	1	438	68	44	24	111
QUAL	1	439	58	39	19	115
QUAL	1	440	59	34	25	102
QUAL	1	441	64	32	31	117
QUAL	1	442	58	31	27	132
QUAL	1	443	34	22	12	82
QUAL	1	444	69	42	27	119
QUAL	1	445	44	21	23	141
QUAL	1	446	44	28	16	106
QUAL	1	447	67	42	24	101
QUAL	1	448	67	37	30	120
QUAL	1	449	55	34	21	82
QUAL	1	450	62	42	20	114
QUAL	1	451	69	39	30	127
QUAL	1	452	52	32	20	114
QUAL	1	453	69	37	31	105
QUAL	1	454	67	40	27	130
QUAL	1	455	57	40	17	96
QUAL	1	456	56	37	19	123
QUAL	1	457	52	31	20	191
QUAL	1	458	40	26	14	103
QUAL	1	459	61	40	21	108
QUAL	1	460	59	33	26	118
QUAL	1	461	71	41	30	112
QUAL	1	462	43	24	18	97
QUAL	1	463	76	50	25	107
QUAL	1	464	55	33	22	102
QUAL	1	465	62	35	26	106
QUAL	1	466	92	48	44	134
QUAL	1	467	60	35	25	112
QUAL	1	468	68	47	21	77
QUAL	1	469	56	31	25	125
QUAL	1	470	43	25	18	106
QUAL	1	471	56	36	20	92
QUAL	1	472	63	31	31	117
QUAL	1	473	62	30	32	103
QUAL	1	474	75	43	32	77
QUAL	1	475	54	33	20	123
QUAL	1	476	47	22	25	109
QUAL	1	477	62	41	21	97
QUAL	1	478	66	41	25	95
QUAL	1	479	47	30	17	92
QUAL	1	480	68	33	35	99
QUAL	1	481	55	34	21	110
QUAL	1	482	61	37	24	84
QUAL	1	483	74	46	26	95
QUAL	1	484	57	33	24	117
QUAL	1	485	58	33	25	87
QUAL	1	486	72	38	33	98
QUAL	1	487	74	46	28	117
QUAL	1	488	56	42	14	100
QUAL	1	489	72	39	33	87
QUAL	1	490	65	44	21	132
QUAL	1	491	43	22	21	107
QUAL	1	492	78	44	33	96
QUAL	1	493	48	28	19	158
QUAL	1	494	53	30	21	100
QUAL	1	495	66	34	32	114
QUAL	1	496	63	32	31	138
QUAL	1	497	60	37	23	102
QUAL	1	498	72	38	34	106
QUAL	1	499	52	30	22	117
QUAL	1	500	56	37	19	118
QUAL	1	501	76	45	31	112
QUAL	1	502	59	36	23	191
QUAL	1	503	76	46	30	92
QUAL	1	504	67	40	27	113
QUAL	1	505	73	43	29	101
QUAL	1	506	58	35	23	86
QUAL	1	507	69	49	20	90
QUAL	1	508	78	45	32	120
QUAL	1	509	57	27	29	106
QUAL	1	510	77	43	34	102
QUAL	1	511	96	51	45	107
QUAL	1	512	56	32	23	106
QUAL	1	513	72	45	27	115
QUAL	1	514	64	44	20	114
QUAL	1	515	58	30	28	91
QUAL	1	516	74	38	36	69
QUAL	1	517	66	36	30	105
QUAL	1	518	68	37	30	75
QUAL	1	519	70	42	28	102
QUAL	1	520	60	33	27	124
QUAL	1	521	54	33	21	92
QUAL	1	522	69	46	23	72
QUAL	1	523	68	44	23	99
QUAL	1	524	54	34	20	98
QUAL	1	525	81	48	31	91
QUAL	1	526	56	40	16	127
QUAL	1	527	63	40	22	94
QUAL	1	528	63	37	26	98
QUAL	1	529	67	40	27	110
QUAL	1	530	55	32	22	71
QUAL	1	531	69	40	29	109
QUAL	1	532	69	43	26	141
QUAL	1	533	61	35	26	84
QUAL	1	534	69	43	26	102
QUAL	1	535	71	38	33	123
QUAL	1	536	53	24	28	92
QUAL	1	537	77	44	33	97
QUAL	1	538	70	45	25	122
QUAL	1	539	55	31	24	91
QUAL	1	540	81	58	23	114
QUAL	1	541	86	53	33	99
QUAL	1	542	52	26	26	80
QUAL	1	543	68	42	25	93
QUAL	1	544	84	51	33	117
QUAL	1	545	50	31	19	95
QUAL	1	546	76	47	29	109
QUAL	1	547	73	38	34	190
QUAL	1	548	59	32	26	76
QUAL	1	549	65	42	23	98
QUAL	1	550	65	46	19	124
QUAL	1	551	61	40	21	98
QUAL	1	552	91	61	29	80
QUAL	1	553	70	39	31	111
QUAL	1	554	56	33	22	97
QUAL	1	555	77	50	27	89
QUAL	1	556	114	62	52	91
QUAL	1	557	59	38	20	91
QUAL	1	558	82	50	32	79
QUAL	1	559	73	44	29	89
QUAL	1	560	55	31	24	92
QUAL	1	561	75	51	24	82
QUAL	1	562	71	45	26	121
QUAL	1	563	65	45	20	83
QUAL	1	564	77	50	26	98
QUAL	1	565	76	48	26	108
QUAL	1	566	53	31	22	75
QUAL	1	567	73	48	25	80
QUAL	1	568	80	52	27	114
QUAL	1	569	62	38	24	74
QUAL	1	570	85	49	36	102
QUAL	1	571	60	30	29	95
QUAL	1	572	49	30	19	76
QUAL	1	573	71	40	31	81
QUAL	1	574	73	48	25	104
QUAL	1	575	55	36	19	78
QUAL	1	576	73	49	24	86
QUAL	1	577	77	55	20	115
QUAL	1	578	53	33	18	83
QUAL	1	579	66	47	19	91
QUAL	1	580	64	45	19	92
QUAL	1	581	79	49	30	79
QUAL	1	582	77	48	29	96
QUAL	1	583	75	43	32	107
QUAL	1	584	53	35	18	73
QUAL	1	585	80	46	34	82
QUAL	1	586	77	46	31	105
QUAL	1	587	58	45	12	89
QUAL	1	588	68	44	24	96
QUAL	1	589	71	45	26	100
QUAL	1	590	72	36	35	71
QUAL	1	591	82	55	27	96
QUAL	1	592	76	48	27	179
QUAL	1	593	75	51	24	95
QUAL	1	594	71	42	29	103
QUAL	1	595	81	54	27	106
QUAL	1	596	74	49	25	84
QUAL	1	597	73	43	30	96
QUAL	1	598	65	44	21	95
QUAL	1	599	68	42	26	60
QUAL	1	600	55	37	18	84
QUAL	1	601	119	62	57	98
QUAL	1	602	71	46	24	79
QUAL	1	603	83	57	26	75
QUAL	1	604	89	55	34	93
QUAL	1	605	75	53	22	58
QUAL	1	606	81	52	28	87
QUAL	1	607	69	41	27	112
QUAL	1	608	96	63	33	79
QUAL	1	609	72	47	25	77
QUAL	1	610	80	51	29	91
QUAL	1	611	48	28	20	67
QUAL	1	612	87	56	31	82
QUAL	1	613	86	48	38	88
QUAL	1	614	76	43	33	83
QUAL	1	615	74	42	32	88
QUAL	1	616	79	47	32	102
QUAL	1	617	75	39	35	81
QUAL	1	618	76	48	28	84
QUAL	1	619	84	52	31	87
QUAL	1	620	51	32	19	90
QUAL	1	621	74	48	25	99
QUAL	1	622	83	49	33	107
QUAL	1	623	70	42	28	77
QUAL	1	624	70	47	23	75
QUAL	1	625	71	45	26	102
QUAL	1	626	89	55	34	57
QUAL	1	627	65	40	25	86
QUAL	1	628	76	45	31	104
QUAL	1	629	56	36	20	77
QUAL	1	630	76	52	24	83
QUAL	1	631	74	41	33	103
QUAL	1	632	79	56	23	76
QUAL	1	633	91	58	33	71
QUAL	1	634	96	57	39	109
QUAL	1	635	70	46	24	76
QUAL	1	636	80	58	22	78
QUAL	1	637	85	48	37	155
QUAL	1	638	60	34	26	101
QUAL	1	639	78	56	22	82
QUAL	1	640	81	51	30	108
QUAL	1	641	69	52	17	67
QUAL	1	642	71	41	30	70
QUAL	1	643	93	57	36	109
QUAL	1	644	84	51	33	49
QUAL	1	645	65	43	22	88
QUAL	1	646	95	57	38	94
QUAL	1	647	67	41	26	79
QUAL	1	648	70	43	27	82
QUAL	1	649	92	56	35	92
QUAL	1	650	82	50	32	57
QUAL	1	651	79	47	32	71
QUAL	1	652	83	49	34	98
QUAL	1	653	87	57	30	56
QUAL	1	654	76	43	33	70
QUAL	1	655	85	57	28	95
QUAL	1	656	62	42	20	74
QUAL	1	657	68	41	27	76
QUAL	1	658	77	46	31	76
QUAL	1	659	71	42	29	59
QUAL	1	660	82	43	39	82
QUAL	1	661	81	48	33	111
QUAL	1	662	67	39	28	74
QUAL	1	663	67	42	23	65
QUAL	1	664	74	42	31	75
QUAL	1	665	75	52	23	61
QUAL	1	666	76	47	29	72
QUAL	1	667	73	43	30	88
QUAL	1	668	85	55	30	63
QUAL	1	669	59	41	18	65
QUAL	1	670	72	53	19	94
QUAL	1	671	76	46	30	71
QUAL	1	672	58	31	26	72
QUAL	1	673	79	46	33	97
QUAL	1	674	77	54	23	72
QUAL	1	675	67	45	22	62
QUAL	1	676	74	49	25	96
QUAL	1	677	69	44	25	67
QUAL	1	678	63	40	23	75
QUAL	1	679	78	43	35	98
QUAL	1	680	87	54	32	52
QUAL	1	681	83	49	34	90
QUAL	1	682	84	56	28	147
QUAL	1	683	93	58	35	60
QUAL	1	684	75	43	31	70
QUAL	1	685	81	47	34	90
QUAL	1	686	88	53	35	65
QUAL	1	687	83	49	33	66
QUAL	1	688	69	42	27	80
QUAL	1	689	77	55	22	81
QUAL	1	690	62	44	18	49
QUAL	1	691	101	55	46	76
QUAL	1	692	95	63	32	65
QUAL	1	693	63	38	25	62
QUAL	1	694	79	47	32	94
QUAL	1	695	72	47	25	72
QUAL	1	696	73	48	25	75
QUAL	1	697	95	59	36	69
QUAL	1	698	80	54	26	75
QUAL	1	699	71	49	22	68
QUAL	1	700	72	38	34	91
QUAL	1	701	71	46	23	65
QUAL	1	702	89	45	44	56
QUAL	1	703	73	45	28	92
QUAL	1	704	77	46	31	52
QUAL	1	705	75	45	29	69
QUAL	1	706	76	41	34	75
QUAL	1	707	50	33	17	83
QUAL	1	708	69	41	28	74
QUAL	1	709	76	49	27	71
QUAL	1	710	91	67	24	68
QUAL	1	711	82	58	24	71
QUAL	1	712	52	32	20	84
QUAL	1	713	76	42	34	54
QUAL	1	714	95	52	43	68
QUAL	1	715	71	45	25	74
QUAL	1	716	91	59	31	70
QUAL	1	717	76	40	36	66
QUAL	1	718	53	40	13	75
QUAL	1	719	71	48	21	54
QUAL	1	720	86	56	30	80
QUAL	1	721	72	37	34	77
QUAL	1	722	68	46	22	62
QUAL	1	723	88	54	34	70
QUAL	1	724	81	48	33	74
QUAL	1	725	73	43	29	47
QUAL	1	726	81	48	33	64
QUAL	1	727	82	60	22	147
QUAL	1	728	85	43	42	54
QUAL	1	729	73	47	26	57
QUAL	1	730	76	48	26	80
QUAL	1	731	71	45	26	46
QUAL	1	732	72	43	28	48
QUAL	1	733	80	54	26	81
QUAL	1	734	68	41	27	49
QUAL	1	735	73	47	25	57
QUAL	1	736	87	46	41	75
QUAL	1	737	76	44	31	60
QUAL	1	738	63	36	27	60
QUAL	1	739	79	48	31	64
QUAL	1	740	77	49	28	53
QUAL	1	741	71	45	26	51
QUAL	1	742	84	41	43	79
QUAL	1	743	66	46	20	49
QUAL	1	744	70	34	35	70
QUAL	1	745	67	42	24	85
QUAL	1	746	74	43	31	49
QUAL	1	747	67	43	24	61
QUAL	1	748	56	35	21	66
QUAL	1	749	79	51	28	63
QUAL	1	750	76	50	25	58
QUAL	1	751	52	34	18	55
QUAL	1	752	91	60	31	64
QUAL	1	753	73	43	30	69
QUAL	1	754	77	46	31	76
QUAL	1	755	70	45	25	54
QUAL	1	756	73	52	21	47
QUAL	1	757	89	64	25	81
QUAL	1	758	74	44	30	39
QUAL	1	759	70	42	28	74
QUAL	1	760	59	35	24	83
QUAL	1	761	68	43	23	55
QUAL	1	762	74	45	28	61
QUAL	1	763	87	57	29	69
QUAL	1	764	65	44	21	45
QUAL	1	765	78	44	34	60
QUAL	1	766	50	27	23	71
QUAL	1	767	75	43	31	58
QUAL	1	768	79	49	29	75
QUAL	1	769	83	51	32	66
QUAL	1	770	75	44	29	63
QUAL	1	771	62	42	19	72
QUAL	1	772	75	47	27	111
QUAL	1	773	59	41	18	60
QUAL	1	774	65	35	30	47
QUAL	1	775	80	60	20	60
QUAL	1	776	61	39	22	50
QUAL	1	777	67	40	27	60
QUAL	1	778	64	37	27	63
QUAL	1	779	81	54	27	50
QUAL	1	780	59	35	24	59
QUAL	1	781	106	54	52	74
QUAL	1	782	55	34	20	41
QUAL	1	783	67	41	26	58
QUAL	1	784	67	44	23	66
QUAL	1	785	63	37	26	54
QUAL	1	786	59	37	22	39
QUAL	1	787	70	46	24	44
QUAL	1	788	68	38	28	40
QUAL	1	789	84	61	23	54
QUAL	1	790	60	37	23	56
QUAL	1	791	70	45	25	51
QUAL	1	792	64	40	24	46
QUAL	1	793	85	50	35	60
QUAL	1	794	69	33	36	46
QUAL	1	795	61	36	25	60
QUAL	1	796	65	37	28	71
QUAL	1	797	57	33	24	47
QUAL	1	798	82	46	36	71
QUAL	1	799	71	36	34	86
QUAL	1	800	73	50	23	46
QUAL	1	801	75	47	28	55
QUAL	1	802	68	39	29	65
QUAL	1	803	68	42	26	47
QUAL	1	804	75	45	30	55
QUAL	1	805	53	26	26	55
QUAL	1	806	58	34	24	48
QUAL	1	807	76	50	26	46
QUAL	1	808	57	35	22	75
QUAL	1	809	53	36	17	56
QUAL	1	810	79	55	23	38
QUAL	1	811	46	33	13	58
QUAL	1	812	51	27	24	45
QUAL	1	813	66	36	30	49
QUAL	1	814	64	31	33	62
QUAL	1	815	65	38	25	44
QUAL	1	816	64	40	23	57
QUAL	1	817	70	43	27	136
QUAL	1	818	61	44	17	47
QUAL	1	819	61	39	22	50
QUAL	1	820	70	42	27	54
QUAL	1	821	44	25	19	50
QUAL	1	822	66	46	20	47
QUAL	1	823	57	33	24	68
QUAL	1	824	48	30	18	45
QUAL	1	825	64	44	20	52
QUAL	1	826	88	46	41	59
QUAL	1	827	50	32	18	42
QUAL	1	828	52	36	16	53
QUAL	1	829	56	37	19	58
QUAL	1	830	62	47	15	53
QUAL	1	831	51	30	21	46
QUAL	1	832	60	35	23	69
QUAL	1	833	47	31	16	48
QUAL	1	834	55	35	20	52
QUAL	1	835	62	36	26	68
QUAL	1	836	60	32	28	39
QUAL	1	837	62	39	23	49
QUAL	1	838	69	42	27	56
QUAL	1	839	44	26	18	43
QUAL	1	840	69	45	24	45
QUAL	1	841	64	47	17	50
QUAL	1	842	52	33	19	43
QUAL	1	843	55	38	17	66
QUAL	1	844	71	39	31	66
QUAL	1	845	50	30	20	45
QUAL	1	846	57	31	26	60
QUAL	1	847	73	42	31	61
QUAL	1	848	49	28	21	41
QUAL	1	849	47	26	21	43
QUAL	1	850	64	34	28	54
QUAL	1	851	49	21	27	37
QUAL	1	852	47	28	19	53
QUAL	1	853	56	41	15	53
QUAL	1	854	59	31	28	40
QUAL	1	855	56	36	19	50
QUAL	1	856	63	36	26	74
QUAL	1	857	43	25	18	28
QUAL	1	858	48	25	23	51
QUAL	1	859	47	35	12	62
QUAL	1	860	54	32	22	40
QUAL	1	861	54	34	20	49
QUAL	1	862	47	32	15	121
QUAL	1	863	39	23	16	47
QUAL	1	864	48	35	13	32
QUAL	1	865	53	32	21	57
QUAL	1	866	46	32	13	55
QUAL	1	867	51	34	17	37
QUAL	1	868	66	39	27	73
QUAL	1	869	46	28	18	38
QUAL	1	870	62	37	25	50
QUAL	1	871	72	42	30	57
QUAL	1	872	51	35	16	43
QUAL	1	873	48	33	15	47
QUAL	1	874	53	37	15	57
QUAL	1	875	38	25	13	45
QUAL	1	876	48	31	17	41
QUAL	1	877	45	23	21	44
QUAL	1	878	59	34	25	46
QUAL	1	879	59	38	20	47
QUAL	1	880	58	30	28	73
QUAL	1	881	39	23	16	56
QUAL	1	882	51	32	18	59
QUAL	1	883	48	32	16	52
QUAL	1	884	42	28	14	37
QUAL	1	885	50	29	21	48
QUAL	1	886	50	31	19	41
QUAL	1	887	45	25	19	47
QUAL	1	888	47	26	21	46
QUAL	1	889	56	27	29	52
QUAL	1	890	53	32	21	32
QUAL	1	891	61	40	21	42
QUAL	1	892	50	29	20	50
QUAL	1	893	48	31	17	39
QUAL	1	894	53	24	29	45
QUAL	1	895	45	35	10	37
QUAL	1	896	44	30	14	32
QUAL	1	897	50	33	17	38
QUAL	1	898	53	35	18	50
QUAL	1	899	51	39	11	34
QUAL	1	900	57	35	22	43
QUAL	1	901	39	25	13	47
QUAL	1	902	50	32	18	39
QUAL	1	903	54	29	25	48
QUAL	1	904	43	27	16	65
QUAL	1	905	46	30	16	40
QUAL	1	906	53	30	23	48
QUAL	1	907	60	35	25	104
QUAL	1	908	38	27	11	34
QUAL	1	909	51	33	17	42
QUAL	1	910	46	28	18	42
QUAL	1	911	41	26	15	37
QUAL	1	912	38	20	18	36
QUAL	1	913	35	19	16	59
QUAL	1	914	40	25	14	32
QUAL	1	915	42	28	13	32
QUAL	1	916	69	47	22	41
QUAL	1	917	42	33	9	37
QUAL	1	918	46	31	14	37
QUAL	1	919	54	29	24	37
QUAL	1	920	38	24	14	30
QUAL	1	921	37	24	13	33
QUAL	1	922	43	23	19	40
QUAL	1	923	49	25	23	35
QUAL	1	924	36	26	10	46
QUAL	1	925	49	33	16	37
QUAL	1	926	53	38	15	25
QUAL	1	927	55	38	16	44
QUAL	1	928	42	27	15	44
QUAL	1	929	40	24	15	33
QUAL	1	930	35	19	16	45
QUAL	1	931	44	23	21	33
QUAL	1	932	39	25	14	39
QUAL	1	933	52	34	18	31
QUAL	1	934	57	34	23	42
QUAL	1	935	32	19	13	21
QUAL	1	936	45	24	21	38
QUAL	1	937	50	36	13	32
QUAL	1	938	45	29	16	37
QUAL	1	939	43	25	18	34
QUAL	1	940	48	31	17	42
QUAL	1	941	26	16	10	39
QUAL	1	942	44	24	19	27
QUAL	1	943	42	29	12	46
QUAL	1	944	48	28	20	30
QUAL	1	945	47	28	19	42
QUAL	1	946	36	23	13	45
QUAL	1	947	60	40	19	42
QUAL	1	948	49	21	28	37
QUAL	1	949	30	17	13	40
QUAL	1	950	37	25	12	36
QUAL	1	951	39	28	11	54
QUAL	1	952	38	22	15	74
QUAL	1	953	40	25	15	36
QUAL	1	954	39	25	14	53
QUAL	1	955	35	19	16	37
QUAL	1	956	35	25	10	27
QUAL	1	957	38	27	10	29
QUAL	1	958	47	30	17	44
QUAL	1	959	36	23	12	34
QUAL	1	960	43	23	20	33
QUAL	1	961	42	24	17	44
QUAL	1	962	50	36	14	32
QUAL	1	963	44	26	17	36
QUAL	1	964	39	27	12	32
QUAL	1	965	38	23	15	32
QUAL	1	966	42	27	15	44
QUAL	1	967	36	22	14	31
QUAL	1	968	45	27	18	27
QUAL	1	969	39	26	13	39
QUAL	1	970	31	19	12	39
QUAL	1	971	40	23	17	20
QUAL	1	972	36	18	17	40
QUAL	1	973	35	19	16	32
QUAL	1	974	36	19	17	27
QUAL	1	975	49	26	23	31
QUAL	1	976	31	17	13	28
QUAL	1	977	24	15	9	26
QUAL	1	978	33	15	18	46
QUAL	1	979	37	24	13	30
QUAL	1	980	30	19	11	35
QUAL	1	981	38	22	16	37
QUAL	1	982	45	30	15	38
QUAL	1	983	44	26	17	36
QUAL	1	984	40	26	13	36
QUAL	1	985	32	15	17	30
QUAL	1	986	18	11	6	26
QUAL	1	987	34	20	14	29
QUAL	1	988	27	16	11	47
QUAL	1	989	32	21	10	35
QUAL	1	990	39	25	13	32
QUAL	1	991	33	22	11	30
QUAL	1	992	37	22	15	25
QUAL	1	993	52	32	19	50
QUAL	1	994	34	21	13	33
QUAL	1	995	30	21	9	27
QUAL	1	996	35	24	10	47
QUAL	1	997	35	20	15	74
QUAL	1	998	20315	11927	8246	14996
# IDD, InDel distribution:
# IDD	[2]id	[3]length (deletions negative)	[4]count
IDD	0	-60	270
IDD	0	-59	10
IDD	0	-58	15
IDD	0	-57	9
IDD	0	-56	22
IDD	0	-55	14
IDD	0	-54	18
IDD	0	-53	11
IDD	0	-52	18
IDD	0	-51	12
IDD	0	-50	72
IDD	0	-49	67
IDD	0	-48	94
IDD	0	-47	49
IDD	0	-46	82
IDD	0	-45	53
IDD	0	-44	102
IDD	0	-43	60
IDD	0	-42	120
IDD	0	-41	77
IDD	0	-40	213
IDD	0	-39	84
IDD	0	-38	175
IDD	0	-37	114
IDD	0	-36	246
IDD	0	-35	124
IDD	0	-34	223
IDD	0	-33	149
IDD	0	-32	377
IDD	0	-31	188
IDD	0	-30	478
IDD	0	-29	215
IDD	0	-28	580
IDD	0	-27	293
IDD	0	-26	545
IDD	0	-25	434
IDD	0	-24	1017
IDD	0	-23	406
IDD	0	-22	887
IDD	0	-21	572
IDD	0	-20	1725
IDD	0	-19	710
IDD	0	-18	1568
IDD	0	-17	844
IDD	0	-16	2673
IDD	0	-15	1712
IDD	0	-14	2622
IDD	0	-13	1559
IDD	0	-12	5760
IDD	0	-11	2062
IDD	0	-10	5847
IDD	0	-9	3272
IDD	0	-8	10539
IDD	0	-7	4145
IDD	0	-6	13029
IDD	0	-5	12425
IDD	0	-4	43999
IDD	0	-3	29979
IDD	0	-2	79663
IDD	0	-1	211224
IDD	0	1	213461
IDD	0	2	77400
IDD	0	3	27382
IDD	0	4	40992
IDD	0	5	11002
IDD	0	6	11805
IDD	0	7	3415
IDD	0	8	9529
IDD	0	9	2693
IDD	0	10	4717
IDD	0	11	1486
IDD	0	12	4731
IDD	0	13	1025
IDD	0	14	1866
IDD	0	15	1265
IDD	0	16	2099
IDD	0	17	616
IDD	0	18	1040
IDD	0	19	481
IDD	0	20	1228
IDD	0	21	417
IDD	0	22	510
IDD	0	23	279
IDD	0	24	694
IDD	0	25	298
IDD	0	26	337
IDD	0	27	217
IDD	0	28	330
IDD	0	29	154
IDD	0	30	277
IDD	0	31	131
IDD	0	32	231
IDD	0	33	106
IDD	0	34	121
IDD	0	35	100
IDD	0	36	141
IDD	0	37	96
IDD	0	38	98
IDD	0	39	69
IDD	0	40	113
IDD	0	41	64
IDD	0	42	82
IDD	0	43	42
IDD	0	44	54
IDD	0	45	48
IDD	0	46	54
IDD	0	47	42
IDD	0	48	59
IDD	0	49	38
IDD	0	50	47
IDD	0	51	18
IDD	0	52	27
IDD	0	53	11
IDD	0	54	27
IDD	0	55	12
IDD	0	56	29
IDD	0	57	12
IDD	0	58	15
IDD	0	59	9
IDD	0	60	338
IDD	1	-60	1636
IDD	1	-59	25
IDD	1	-58	52
IDD	1	-57	46
IDD	1	-56	83
IDD	1	-55	46
IDD	1	-54	63
IDD	1	-53	40
IDD	1	-52	96
IDD	1	-51	60
IDD	1	-50	71
IDD	1	-49	83
IDD	1	-48	95
IDD	1	-47	40
IDD	1	-46	56
IDD	1	-45	52
IDD	1	-44	85
IDD	1	-43	58
IDD	1	-42	86
IDD	1	-41	47
IDD	1	-40	157
IDD	1	-39	80
IDD	1	-38	93
IDD	1	-37	74
IDD	1	-36	173
IDD	1	-35	111
IDD	1	-34	145
IDD	1	-33	105
IDD	1	-32	240
IDD	1	-31	109
IDD	1	-30	242
IDD	1	-29	127
IDD	1	-28	307
IDD	1	-27	166
IDD	1	-26	312
IDD	1	-25	211
IDD	1	-24	510
IDD	1	-23	205
IDD	1	-22	407
IDD	1	-21	250
IDD	1	-20	715
IDD	1	-19	272
IDD	1	-18	632
IDD	1	-17	334
IDD	1	-16	1093
IDD	1	-15	597
IDD	1	-14	886
IDD	1	-13	503
IDD	1	-12	1805
IDD	1	-11	695
IDD	1	-10	1697
IDD	1	-9	961
IDD	1	-8	2970
IDD	1	-7	1267
IDD	1	-6	3279
IDD	1	-5	2215
IDD	1	-4	6160
IDD	1	-3	4442
IDD	1	-2	11182
IDD	1	-1	17759
IDD	1	1	20283
IDD	1	2	11734
IDD	1	3	4605
IDD	1	4	6473
IDD	1	5	2406
IDD	1	6	3616
IDD	1	7	1404
IDD	1	8	3622
IDD	1	9	1106
IDD	1	10	2273
IDD	1	11	830
IDD	1	12	2276
IDD	1	13	613
IDD	1	14	1206
IDD	1	15	682
IDD	1	16	1333
IDD	1	17	354
IDD	1	18	891
IDD	1	19	285
IDD	1	20	1028
IDD	1	21	265
IDD	1	22	550
IDD	1	23	261
IDD	1	24	663
IDD	1	25	252
IDD	1	26	373
IDD	1	27	225
IDD	1	28	467
IDD	1	29	158
IDD	1	30	336
IDD	1	31	145
IDD	1	32	313
IDD	1	33	125
IDD	1	34	183
IDD	1	35	140
IDD	1	36	219
IDD	1	37	88
IDD	1	38	120
IDD	1	39	90
IDD	1	40	192
IDD	1	41	73
IDD	1	42	101
IDD	1	43	70
IDD	1	44	108
IDD	1	45	64
IDD	1	46	78
IDD	1	47	62
IDD	1	48	115
IDD	1	49	69
IDD	1	50	88
IDD	1	51	54
IDD	1	52	97
IDD	1	53	63
IDD	1	54	84
IDD	1	55	56
IDD	1	56	70
IDD	1	57	56
IDD	1	58	76
IDD	1	59	45
IDD	1	60	1909
# ST, Substitution types:
# ST	[2]id	[3]type	[4]count
ST	0	A>C	159748
ST	0	A>G	626463
ST	0	A>T	139745
ST	0	C>A	164508
ST	0	C>G	166313
ST	0	C>T	655172
ST	0	G>A	656529
ST	0	G>C	166516
ST	0	G>T	165243
ST	0	T>A	139268
ST	0	T>C	626583
ST	0	T>G	159950
ST	1	A>C	4930
ST	1	A>G	12526
ST	1	A>T	5061
ST	1	C>A	6002
ST	1	C>G	4937
ST	1	C>T	15916
ST	1	G>A	15601
ST	1	G>C	5370
ST	1	G>T	5848
ST	1	T>A	5838
ST	1	T>C	12731
ST	1	T>G	4612
# DP, Depth distribution
# DP	[2]id	[3]bin	[4]number of genotypes	[5]fraction of genotypes (%)	[6]number of sites	[7]fraction of sites (%)
DP	0	0	36	0.000777	3	0.000065
DP	0	1	396	0.008547	169	0.003648
DP	0	2	1145	0.024714	621	0.013403
DP	0	3	3564	0.076927	2707	0.058427
DP	0	4	3986	0.086036	2944	0.063542
DP	0	5	4633	0.100001	3211	0.069305
DP	0	6	4965	0.107167	3461	0.074700
DP	0	7	5552	0.119837	3793	0.081866
DP	0	8	6218	0.134212	4252	0.091773
DP	0	9	6906	0.149062	4620	0.099716
DP	0	10	7514	0.162186	5234	0.112968
DP	0	11	8213	0.177273	5722	0.123501
DP	0	12	9087	0.196138	6500	0.140293
DP	0	13	9682	0.208981	7020	0.151516
DP	0	14	10561	0.227954	7736	0.166970
DP	0	15	11444	0.247013	8514	0.183762
DP	0	16	12414	0.267950	9245	0.199539
DP	0	17	12954	0.279606	9759	0.210633
DP	0	18	14281	0.308248	10769	0.232433
DP	0	19	15288	0.329984	11700	0.252527
DP	0	20	16639	0.359144	12559	0.271067
DP	0	21	18055	0.389708	13954	0.301176
DP	0	22	19448	0.419775	15445	0.333357
DP	0	23	20946	0.452109	16743	0.361373
DP	0	24	23472	0.506631	19141	0.413130
DP	0	25	26452	0.570953	21402	0.461930
DP	0	26	29724	0.641577	24997	0.539523
DP	0	27	34312	0.740607	28816	0.621950
DP	0	28	39397	0.850364	34079	0.735544
DP	0	29	45714	0.986713	39641	0.855591
DP	0	30	53199	1.148273	47147	1.017597
DP	0	31	61474	1.326885	55429	1.196352
DP	0	32	71870	1.551277	65972	1.423907
DP	0	33	83218	1.796218	77339	1.669246
DP	0	34	95908	2.070125	90464	1.952530
DP	0	35	108737	2.347033	103687	2.237928
DP	0	36	121779	2.628538	117667	2.539666
DP	0	37	135262	2.919562	132247	2.854353
DP	0	38	148227	3.199404	145742	3.145622
DP	0	39	160701	3.468649	158984	3.431431
DP	0	40	171234	3.695999	171762	3.707225
DP	0	41	180863	3.903836	181727	3.922305
DP	0	42	187287	4.042495	189707	4.094541
DP	0	43	192197	4.148475	195327	4.215840
DP	0	44	194487	4.197903	198356	4.281217
DP	0	45	193851	4.184175	199348	4.302627
DP	0	46	190865	4.119724	197484	4.262396
DP	0	47	185644	4.007031	192570	4.156334
DP	0	48	177527	3.831830	185287	3.999142
DP	0	49	167563	3.616762	175290	3.783372
DP	0	50	155781	3.362454	164180	3.543579
DP	0	51	144845	3.126406	152557	3.292714
DP	0	52	131584	2.840174	139293	3.006430
DP	0	53	119454	2.578354	126781	2.736378
DP	0	54	106773	2.304641	113652	2.453008
DP	0	55	93915	2.027108	100410	2.167199
DP	0	56	82375	1.778022	88116	1.901852
DP	0	57	71693	1.547457	76865	1.659016
DP	0	58	61461	1.326604	66465	1.434547
DP	0	59	52607	1.135495	56787	1.225662
DP	0	60	44576	0.962150	48010	1.036224
DP	0	61	37036	0.799403	40254	0.868822
DP	0	62	31204	0.673522	33935	0.732436
DP	0	63	25896	0.558952	28027	0.604921
DP	0	64	21357	0.460980	23274	0.502334
DP	0	65	17609	0.380081	19150	0.413324
DP	0	66	14142	0.305248	15553	0.335688
DP	0	67	11799	0.254675	12864	0.277650
DP	0	68	9656	0.208420	10541	0.227512
DP	0	69	7917	0.170884	8616	0.185963
DP	0	70	6451	0.139242	7013	0.151365
DP	0	71	5365	0.115801	5916	0.127688
DP	0	72	4470	0.096483	4912	0.106018
DP	0	73	3812	0.082280	4142	0.089399
DP	0	74	3309	0.071423	3535	0.076298
DP	0	75	2792	0.060264	2985	0.064427
DP	0	76	2445	0.052774	2571	0.055491
DP	0	77	2078	0.044853	2260	0.048779
DP	0	78	1857	0.040082	1917	0.041376
DP	0	79	1704	0.036780	1817	0.039217
DP	0	80	1519	0.032787	1611	0.034771
DP	0	81	1501	0.032398	1509	0.032570
DP	0	82	1237	0.026700	1347	0.029073
DP	0	83	1285	0.027736	1358	0.029310
DP	0	84	1173	0.025319	1254	0.027066
DP	0	85	1096	0.023657	1203	0.025965
DP	0	86	1038	0.022405	1085	0.023418
DP	0	87	1003	0.021649	1024	0.022102
DP	0	88	994	0.021455	1008	0.021756
DP	0	89	919	0.019836	982	0.021195
DP	0	90	873	0.018843	940	0.020288
DP	0	91	881	0.019016	914	0.019727
DP	0	92	823	0.017764	854	0.018432
DP	0	93	764	0.016491	852	0.018389
DP	0	94	805	0.017376	815	0.017591
DP	0	95	761	0.016426	803	0.017332
DP	0	96	762	0.016447	783	0.016900
DP	0	97	702	0.015152	762	0.016447
DP	0	98	723	0.015606	698	0.015065
DP	0	99	655	0.014138	695	0.015001
DP	0	100	688	0.014850	688	0.014849
DP	0	101	643	0.013879	676	0.014590
DP	0	102	651	0.014052	638	0.013770
DP	0	103	627	0.013533	661	0.014267
DP	0	104	592	0.012778	621	0.013403
DP	0	105	609	0.013145	630	0.013598
DP	0	106	604	0.013037	627	0.013533
DP	0	107	554	0.011958	567	0.012238
DP	0	108	549	0.011850	581	0.012540
DP	0	109	539	0.011634	563	0.012152
DP	0	110	503	0.010857	524	0.011310
DP	0	111	548	0.011828	560	0.012087
DP	0	112	503	0.010857	544	0.011741
DP	0	113	488	0.010533	495	0.010684
DP	0	114	468	0.010102	483	0.010425
DP	0	115	454	0.009799	482	0.010403
DP	0	116	473	0.010209	474	0.010231
DP	0	117	468	0.010102	456	0.009842
DP	0	118	456	0.009843	460	0.009928
DP	0	119	411	0.008871	424	0.009151
DP	0	120	425	0.009173	421	0.009087
DP	0	121	380	0.008202	417	0.009000
DP	0	122	416	0.008979	438	0.009454
DP	0	123	384	0.008288	410	0.008849
DP	0	124	380	0.008202	381	0.008223
DP	0	125	359	0.007749	377	0.008137
DP	0	126	369	0.007965	381	0.008223
DP	0	127	357	0.007706	372	0.008029
DP	0	128	341	0.007360	357	0.007705
DP	0	129	332	0.007166	362	0.007813
DP	0	130	313	0.006756	337	0.007274
DP	0	131	332	0.007166	339	0.007317
DP	0	132	298	0.006432	303	0.006540
DP	0	133	310	0.006691	332	0.007166
DP	0	134	311	0.006713	311	0.006712
DP	0	135	309	0.006670	330	0.007123
DP	0	136	268	0.005785	289	0.006238
DP	0	137	287	0.006195	303	0.006540
DP	0	138	282	0.006087	293	0.006324
DP	0	139	284	0.006130	277	0.005979
DP	0	140	277	0.005979	281	0.006065
DP	0	141	250	0.005396	256	0.005525
DP	0	142	254	0.005482	255	0.005504
DP	0	143	251	0.005418	268	0.005784
DP	0	144	267	0.005763	273	0.005892
DP	0	145	236	0.005094	267	0.005763
DP	0	146	208	0.004490	227	0.004899
DP	0	147	220	0.004749	227	0.004899
DP	0	148	201	0.004338	216	0.004662
DP	0	149	201	0.004338	217	0.004684
DP	0	150	205	0.004425	224	0.004835
DP	0	151	190	0.004101	199	0.004295
DP	0	152	191	0.004123	203	0.004381
DP	0	153	186	0.004015	181	0.003907
DP	0	154	165	0.003561	189	0.004079
DP	0	155	192	0.004144	201	0.004338
DP	0	156	166	0.003583	197	0.004252
DP	0	157	152	0.003281	155	0.003345
DP	0	158	146	0.003151	168	0.003626
DP	0	159	152	0.003281	159	0.003432
DP	0	160	156	0.003367	161	0.003475
DP	0	161	125	0.002698	145	0.003130
DP	0	162	152	0.003281	159	0.003432
DP	0	163	139	0.003000	147	0.003173
DP	0	164	137	0.002957	140	0.003022
DP	0	165	137	0.002957	132	0.002849
DP	0	166	141	0.003043	152	0.003281
DP	0	167	120	0.002590	126	0.002720
DP	0	168	126	0.002720	126	0.002720
DP	0	169	122	0.002633	126	0.002720
DP	0	170	96	0.002072	96	0.002072
DP	0	171	91	0.001964	87	0.001878
DP	0	172	97	0.002094	112	0.002417
DP	0	173	91	0.001964	104	0.002245
DP	0	174	111	0.002396	117	0.002525
DP	0	175	106	0.002288	84	0.001813
DP	0	176	102	0.002202	116	0.002504
DP	0	177	105	0.002266	93	0.002007
DP	0	178	97	0.002094	113	0.002439
DP	0	179	93	0.002007	104	0.002245
DP	0	180	77	0.001662	102	0.002202
DP	0	181	96	0.002072	91	0.001964
DP	0	182	88	0.001899	81	0.001748
DP	0	183	88	0.001899	73	0.001576
DP	0	184	91	0.001964	99	0.002137
DP	0	185	88	0.001899	82	0.001770
DP	0	186	76	0.001640	74	0.001597
DP	0	187	85	0.001835	89	0.001921
DP	0	188	85	0.001835	82	0.001770
DP	0	189	99	0.002137	95	0.002050
DP	0	190	80	0.001727	86	0.001856
DP	0	191	82	0.001770	90	0.001943
DP	0	192	86	0.001856	98	0.002115
DP	0	193	71	0.001532	77	0.001662
DP	0	194	71	0.001532	67	0.001446
DP	0	195	78	0.001684	83	0.001791
DP	0	196	68	0.001468	75	0.001619
DP	0	197	62	0.001338	71	0.001532
DP	0	198	72	0.001554	70	0.001511
DP	0	199	83	0.001792	79	0.001705
DP	0	200	60	0.001295	75	0.001619
DP	0	201	62	0.001338	60	0.001295
DP	0	202	65	0.001403	68	0.001468
DP	0	203	63	0.001360	63	0.001360
DP	0	204	62	0.001338	51	0.001101
DP	0	205	64	0.001381	66	0.001425
DP	0	206	54	0.001166	63	0.001360
DP	0	207	70	0.001511	77	0.001662
DP	0	208	60	0.001295	70	0.001511
DP	0	209	60	0.001295	65	0.001403
DP	0	210	65	0.001403	65	0.001403
DP	0	211	56	0.001209	59	0.001273
DP	0	212	50	0.001079	60	0.001295
DP	0	213	56	0.001209	57	0.001230
DP	0	214	52	0.001122	44	0.000950
DP	0	215	57	0.001230	61	0.001317
DP	0	216	55	0.001187	51	0.001101
DP	0	217	62	0.001338	50	0.001079
DP	0	218	54	0.001166	62	0.001338
DP	0	219	53	0.001144	45	0.000971
DP	0	220	45	0.000971	41	0.000885
DP	0	221	50	0.001079	56	0.001209
DP	0	222	48	0.001036	50	0.001079
DP	0	223	58	0.001252	66	0.001425
DP	0	224	56	0.001209	52	0.001122
DP	0	225	44	0.000950	44	0.000950
DP	0	226	45	0.000971	47	0.001014
DP	0	227	55	0.001187	56	0.001209
DP	0	228	47	0.001014	49	0.001058
DP	0	229	41	0.000885	38	0.000820
DP	0	230	42	0.000907	45	0.000971
DP	0	231	49	0.001058	48	0.001036
DP	0	232	51	0.001101	43	0.000928
DP	0	233	43	0.000928	51	0.001101
DP	0	234	50	0.001079	46	0.000993
DP	0	235	51	0.001101	53	0.001144
DP	0	236	32	0.000691	52	0.001122
DP	0	237	47	0.001014	42	0.000907
DP	0	238	47	0.001014	45	0.000971
DP	0	239	45	0.000971	46	0.000993
DP	0	240	49	0.001058	48	0.001036
DP	0	241	36	0.000777	44	0.000950
DP	0	242	45	0.000971	40	0.000863
DP	0	243	34	0.000734	40	0.000863
DP	0	244	38	0.000820	37	0.000799
DP	0	245	64	0.001381	61	0.001317
DP	0	246	40	0.000863	39	0.000842
DP	0	247	37	0.000799	49	0.001058
DP	0	248	46	0.000993	52	0.001122
DP	0	249	50	0.001079	52	0.001122
DP	0	250	33	0.000712	48	0.001036
DP	0	251	36	0.000777	42	0.000907
DP	0	252	43	0.000928	41	0.000885
DP	0	253	43	0.000928	46	0.000993
DP	0	254	36	0.000777	43	0.000928
DP	0	255	49	0.001058	36	0.000777
DP	0	256	44	0.000950	49	0.001058
DP	0	257	38	0.000820	42	0.000907
DP	0	258	49	0.001058	46	0.000993
DP	0	259	41	0.000885	45	0.000971
DP	0	260	33	0.000712	39	0.000842
DP	0	261	46	0.000993	36	0.000777
DP	0	262	52	0.001122	55	0.001187
DP	0	263	54	0.001166	61	0.001317
DP	0	264	42	0.000907	52	0.001122
DP	0	265	37	0.000799	39	0.000842
DP	0	266	51	0.001101	43	0.000928
DP	0	267	50	0.001079	58	0.001252
DP	0	268	53	0.001144	55	0.001187
DP	0	269	42	0.000907	54	0.001166
DP	0	270	39	0.000842	39	0.000842
DP	0	271	35	0.000755	38	0.000820
DP	0	272	39	0.000842	40	0.000863
DP	0	273	62	0.001338	57	0.001230
DP	0	274	36	0.000777	44	0.000950
DP	0	275	49	0.001058	40	0.000863
DP	0	276	43	0.000928	38	0.000820
DP	0	277	40	0.000863	47	0.001014
DP	0	278	44	0.000950	37	0.000799
DP	0	279	45	0.000971	48	0.001036
DP	0	280	36	0.000777	47	0.001014
DP	0	281	44	0.000950	38	0.000820
DP	0	282	39	0.000842	39	0.000842
DP	0	283	34	0.000734	42	0.000907
DP	0	284	34	0.000734	41	0.000885
DP	0	285	44	0.000950	36	0.000777
DP	0	286	30	0.000648	38	0.000820
DP	0	287	29	0.000626	37	0.000799
DP	0	288	39	0.000842	35	0.000755
DP	0	289	49	0.001058	45	0.000971
DP	0	290	38	0.000820	29	0.000626
DP	0	291	37	0.000799	33	0.000712
DP	0	292	29	0.000626	37	0.000799
DP	0	293	36	0.000777	36	0.000777
DP	0	294	34	0.000734	37	0.000799
DP	0	295	37	0.000799	34	0.000734
DP	0	296	41	0.000885	35	0.000755
DP	0	297	37	0.000799	40	0.000863
DP	0	298	30	0.000648	43	0.000928
DP	0	299	19	0.000410	29	0.000626
DP	0	300	26	0.000561	40	0.000863
DP	0	301	33	0.000712	26	0.000561
DP	0	302	21	0.000453	30	0.000648
DP	0	303	27	0.000583	29	0.000626
DP	0	304	17	0.000367	25	0.000540
DP	0	305	34	0.000734	26	0.000561
DP	0	306	27	0.000583	29	0.000626
DP	0	307	22	0.000475	26	0.000561
DP	0	308	17	0.000367	18	0.000389
DP	0	309	30	0.000648	29	0.000626
DP	0	310	33	0.000712	30	0.000648
DP	0	311	26	0.000561	24	0.000518
DP	0	312	22	0.000475	20	0.000432
DP	0	313	21	0.000453	26	0.000561
DP	0	314	31	0.000669	29	0.000626
DP	0	315	22	0.000475	25	0.000540
DP	0	316	23	0.000496	25	0.000540
DP	0	317	19	0.000410	20	0.000432
DP	0	318	16	0.000345	17	0.000367
DP	0	319	21	0.000453	23	0.000496
DP	0	320	16	0.000345	17	0.000367
DP	0	321	20	0.000432	19	0.000410
DP	0	322	16	0.000345	19	0.000410
DP	0	323	17	0.000367	23	0.000496
DP	0	324	14	0.000302	14	0.000302
DP	0	325	12	0.000259	19	0.000410
DP	0	326	11	0.000237	15	0.000324
DP	0	327	14	0.000302	9	0.000194
DP	0	328	18	0.000389	22	0.000475
DP	0	329	15	0.000324	18	0.000389
DP	0	330	10	0.000216	11	0.000237
DP	0	331	19	0.000410	11	0.000237
DP	0	332	14	0.000302	17	0.000367
DP	0	333	13	0.000281	10	0.000216
DP	0	334	7	0.000151	16	0.000345
DP	0	335	13	0.000281	23	0.000496
DP	0	336	13	0.000281	9	0.000194
DP	0	337	15	0.000324	11	0.000237
DP	0	338	11	0.000237	9	0.000194
DP	0	339	14	0.000302	18	0.000389
DP	0	340	16	0.000345	22	0.000475
DP	0	341	9	0.000194	12	0.000259
DP	0	342	9	0.000194	15	0.000324
DP	0	343	7	0.000151	11	0.000237
DP	0	344	14	0.000302	13	0.000281
DP	0	345	8	0.000173	12	0.000259
DP	0	346	7	0.000151	12	0.000259
DP	0	347	6	0.000130	5	0.000108
DP	0	348	4	0.000086	10	0.000216
DP	0	349	10	0.000216	7	0.000151
DP	0	350	6	0.000130	11	0.000237
DP	0	351	9	0.000194	7	0.000151
DP	0	352	6	0.000130	9	0.000194
DP	0	353	3	0.000065	7	0.000151
DP	0	354	5	0.000108	7	0.000151
DP	0	355	7	0.000151	7	0.000151
DP	0	356	8	0.000173	4	0.000086
DP	0	357	6	0.000130	9	0.000194
DP	0	358	10	0.000216	7	0.000151
DP	0	359	8	0.000173	8	0.000173
DP	0	360	6	0.000130	5	0.000108
DP	0	361	12	0.000259	9	0.000194
DP	0	362	8	0.000173	5	0.000108
DP	0	363	3	0.000065	8	0.000173
DP	0	364	4	0.000086	6	0.000130
DP	0	365	2	0.000043	5	0.000108
DP	0	366	8	0.000173	5	0.000108
DP	0	367	5	0.000108	9	0.000194
DP	0	368	7	0.000151	6	0.000130
DP	0	369	4	0.000086	7	0.000151
DP	0	370	10	0.000216	3	0.000065
DP	0	371	8	0.000173	6	0.000130
DP	0	372	6	0.000130	10	0.000216
DP	0	373	4	0.000086	5	0.000108
DP	0	374	4	0.000086	6	0.000130
DP	0	375	4	0.000086	3	0.000065
DP	0	376	7	0.000151	8	0.000173
DP	0	377	2	0.000043	6	0.000130
DP	0	378	6	0.000130	3	0.000065
DP	0	379	1	0.000022	1	0.000022
DP	0	380	7	0.000151	6	0.000130
DP	0	381	8	0.000173	7	0.000151
DP	0	382	6	0.000130	4	0.000086
DP	0	383	7	0.000151	6	0.000130
DP	0	384	6	0.000130	8	0.000173
DP	0	385	7	0.000151	11	0.000237
DP	0	386	2	0.000043	7	0.000151
DP	0	387	2	0.000043	7	0.000151
DP	0	388	7	0.000151	5	0.000108
DP	0	389	1	0.000022	8	0.000173
DP	0	390	4	0.000086	5	0.000108
DP	0	391	4	0.000086	2	0.000043
DP	0	392	3	0.000065	2	0.000043
DP	0	393	7	0.000151	5	0.000108
DP	0	394	4	0.000086	4	0.000086
DP	0	395	4	0.000086	7	0.000151
DP	0	396	4	0.000086	7	0.000151
DP	0	397	0	0.000000	6	0.000130
DP	0	398	6	0.000130	5	0.000108
DP	0	399	3	0.000065	7	0.000151
DP	0	400	5	0.000108	8	0.000173
DP	0	401	2	0.000043	4	0.000086
DP	0	402	3	0.000065	6	0.000130
DP	0	403	4	0.000086	5	0.000108
DP	0	404	6	0.000130	4	0.000086
DP	0	405	3	0.000065	4	0.000086
DP	0	406	2	0.000043	3	0.000065
DP	0	407	4	0.000086	6	0.000130
DP	0	408	4	0.000086	10	0.000216
DP	0	409	2	0.000043	3	0.000065
DP	0	410	1	0.000022	7	0.000151
DP	0	411	6	0.000130	6	0.000130
DP	0	412	3	0.000065	3	0.000065
DP	0	413	2	0.000043	2	0.000043
DP	0	414	6	0.000130	2	0.000043
DP	0	415	4	0.000086	2	0.000043
DP	0	416	5	0.000108	7	0.000151
DP	0	417	2	0.000043	3	0.000065
DP	0	418	7	0.000151	8	0.000173
DP	0	419	3	0.000065	4	0.000086
DP	0	420	6	0.000130	1	0.000022
DP	0	421	3	0.000065	6	0.000130
DP	0	422	5	0.000108	8	0.000173
DP	0	423	4	0.000086	2	0.000043
DP	0	424	0	0.000000	3	0.000065
DP	0	425	3	0.000065	6	0.000130
DP	0	426	2	0.000043	2	0.000043
DP	0	427	2	0.000043	3	0.000065
DP	0	428	1	0.000022	6	0.000130
DP	0	429	2	0.000043	4	0.000086
DP	0	430	5	0.000108	3	0.000065
DP	0	431	1	0.000022	2	0.000043
DP	0	432	2	0.000043	6	0.000130
DP	0	433	7	0.000151	6	0.000130
DP	0	434	4	0.000086	5	0.000108
DP	0	435	2	0.000043	7	0.000151
DP	0	436	2	0.000043	4	0.000086
DP	0	437	3	0.000065	4	0.000086
DP	0	438	3	0.000065	2	0.000043
DP	0	439	0	0.000000	4	0.000086
DP	0	440	6	0.000130	3	0.000065
DP	0	441	1	0.000022	5	0.000108
DP	0	442	2	0.000043	1	0.000022
DP	0	443	3	0.000065	5	0.000108
DP	0	444	4	0.000086	1	0.000022
DP	0	445	2	0.000043	4	0.000086
DP	0	446	2	0.000043	4	0.000086
DP	0	447	3	0.000065	2	0.000043
DP	0	448	4	0.000086	2	0.000043
DP	0	449	2	0.000043	2	0.000043
DP	0	450	3	0.000065	3	0.000065
DP	0	451	5	0.000108	5	0.000108
DP	0	452	2	0.000043	2	0.000043
DP	0	453	5	0.000108	4	0.000086
DP	0	454	3	0.000065	3	0.000065
DP	0	455	5	0.000108	2	0.000043
DP	0	456	2	0.000043	2	0.000043
DP	0	457	3	0.000065	3	0.000065
DP	0	458	1	0.000022	1	0.000022
DP	0	459	2	0.000043	5	0.000108
DP	0	460	1	0.000022	4	0.000086
DP	0	461	5	0.000108	5	0.000108
DP	0	462	4	0.000086	2	0.000043
DP	0	463	2	0.000043	2	0.000043
DP	0	464	3	0.000065	4	0.000086
DP	0	465	2	0.000043	4	0.000086
DP	0	466	1	0.000022	1	0.000022
DP	0	467	5	0.000108	2	0.000043
DP	0	468	3	0.000065	3	0.000065
DP	0	469	3	0.000065	3	0.000065
DP	0	470	2	0.000043	1	0.000022
DP	0	471	5	0.000108	2	0.000043
DP	0	472	1	0.000022	4	0.000086
DP	0	473	3	0.000065	2	0.000043
DP	0	474	2	0.000043	0	0.000000
DP	0	475	4	0.000086	5	0.000108
DP	0	476	1	0.000022	2	0.000043
DP	0	477	2	0.000043	1	0.000022
DP	0	478	3	0.000065	1	0.000022
DP	0	479	1	0.000022	2	0.000043
DP	0	480	4	0.000086	4	0.000086
DP	0	481	4	0.000086	2	0.000043
DP	0	482	1	0.000022	2	0.000043
DP	0	483	3	0.000065	1	0.000022
DP	0	484	3	0.000065	2	0.000043
DP	0	485	5	0.000108	3	0.000065
DP	0	486	1	0.000022	3	0.000065
DP	0	487	4	0.000086	4	0.000086
DP	0	488	1	0.000022	0	0.000000
DP	0	489	4	0.000086	4	0.000086
DP	0	490	6	0.000130	5	0.000108
DP	0	491	1	0.000022	2	0.000043
DP	0	492	2	0.000043	2	0.000043
DP	0	493	4	0.000086	3	0.000065
DP	0	494	0	0.000000	1	0.000022
DP	0	495	2	0.000043	3	0.000065
DP	0	496	3	0.000065	1	0.000022
DP	0	497	2	0.000043	0	0.000000
DP	0	498	5	0.000108	5	0.000108
DP	0	499	4	0.000086	1	0.000022
DP	0	500	5	0.000108	5	0.000108
DP	0	>500	919	0.019836	977	0.021087
DP	1	0	97	0.042566	6	0.002631
DP	1	1	372	0.163243	86	0.037717
DP	1	2	1047	0.459450	259	0.113589
DP	1	3	2125	0.932504	1020	0.447337
DP	1	4	2556	1.121638	1153	0.505666
DP	1	5	2737	1.201065	1223	0.536366
DP	1	6	3023	1.326570	1493	0.654779
DP	1	7	3277	1.438031	1660	0.728019
DP	1	8	3639	1.596886	1938	0.849940
DP	1	9	3790	1.663149	2144	0.940285
DP	1	10	3829	1.680263	2407	1.055628
DP	1	11	3929	1.724145	2601	1.140709
DP	1	12	4057	1.780315	2779	1.218774
DP	1	13	4149	1.820687	3080	1.350782
DP	1	14	4177	1.832974	3369	1.477528
DP	1	15	4383	1.923372	3453	1.514367
DP	1	16	4373	1.918984	3560	1.561294
DP	1	17	4186	1.836924	3595	1.576644
DP	1	18	4224	1.853599	3645	1.598572
DP	1	19	4326	1.898359	3675	1.611729
DP	1	20	4358	1.912402	3821	1.675760
DP	1	21	4346	1.907136	3764	1.650761
DP	1	22	4265	1.871591	3864	1.694618
DP	1	23	4110	1.803573	3834	1.681461
DP	1	24	4209	1.847017	3959	1.736282
DP	1	25	4107	1.802256	4018	1.762157
DP	1	26	4220	1.851844	3989	1.749439
DP	1	27	4225	1.854038	4061	1.781015
DP	1	28	3983	1.747842	4031	1.767858
DP	1	29	3899	1.710981	4104	1.799874
DP	1	30	4009	1.759252	4198	1.841099
DP	1	31	3860	1.693867	4210	1.846362
DP	1	32	3697	1.622338	4280	1.877061
DP	1	33	3766	1.652617	4201	1.842415
DP	1	34	3654	1.603468	4170	1.828819
DP	1	35	3780	1.658760	4282	1.877938
DP	1	36	3714	1.629798	4494	1.970914
DP	1	37	3609	1.583721	4460	1.956003
DP	1	38	3655	1.603907	4607	2.020472
DP	1	39	3666	1.608734	4489	1.968721
DP	1	40	3572	1.567485	4605	2.019595
DP	1	41	3484	1.528868	4554	1.997228
DP	1	42	3424	1.502539	4455	1.953810
DP	1	43	3296	1.446369	4325	1.896797
DP	1	44	3329	1.460850	4287	1.880131
DP	1	45	3134	1.375279	4078	1.788471
DP	1	46	2983	1.309017	3938	1.727072
DP	1	47	2885	1.266012	3799	1.666111
DP	1	48	2536	1.112862	3560	1.561294
DP	1	49	2540	1.114617	3307	1.450337
DP	1	50	2353	1.032556	3167	1.388938
DP	1	51	2193	0.962344	2829	1.240702
DP	1	52	1952	0.856587	2614	1.146411
DP	1	53	1820	0.798662	2427	1.064399
DP	1	54	1671	0.733277	2201	0.965283
DP	1	55	1501	0.658677	1983	0.869676
DP	1	56	1344	0.589782	1760	0.771876
DP	1	57	1180	0.517814	1500	0.657849
DP	1	58	1128	0.494995	1423	0.624079
DP	1	59	1036	0.454623	1283	0.562680
DP	1	60	912	0.400209	1146	0.502596
DP	1	61	749	0.328680	1049	0.460055
DP	1	62	790	0.346672	1014	0.444706
DP	1	63	668	0.293135	808	0.354361
DP	1	64	623	0.273388	744	0.326293
DP	1	65	579	0.254080	685	0.300418
DP	1	66	577	0.253202	651	0.285506
DP	1	67	482	0.211514	553	0.242527
DP	1	68	448	0.196594	555	0.243404
DP	1	69	446	0.195716	506	0.221914
DP	1	70	387	0.169825	478	0.209634
DP	1	71	385	0.168948	414	0.181566
DP	1	72	366	0.160610	401	0.175865
DP	1	73	364	0.159732	383	0.167971
DP	1	74	369	0.161927	396	0.173672
DP	1	75	326	0.143057	354	0.155252
DP	1	76	297	0.130331	327	0.143411
DP	1	77	324	0.142179	369	0.161831
DP	1	78	338	0.148323	381	0.167094
DP	1	79	322	0.141302	345	0.151305
DP	1	80	293	0.128576	305	0.133763
DP	1	81	310	0.136036	349	0.153059
DP	1	82	294	0.129015	308	0.135078
DP	1	83	240	0.105318	280	0.122798
DP	1	84	293	0.128576	302	0.132447
DP	1	85	297	0.130331	298	0.130693
DP	1	86	247	0.108390	266	0.116658
DP	1	87	249	0.109268	246	0.107887
DP	1	88	261	0.114533	279	0.122360
DP	1	89	253	0.111023	262	0.114904
DP	1	90	231	0.101369	239	0.104817
DP	1	91	235	0.103124	240	0.105256
DP	1	92	241	0.105757	256	0.112273
DP	1	93	259	0.113656	256	0.112273
DP	1	94	238	0.104440	244	0.107010
DP	1	95	211	0.092592	236	0.103502
DP	1	96	223	0.097858	234	0.102624
DP	1	97	234	0.102685	244	0.107010
DP	1	98	239	0.104879	231	0.101309
DP	1	99	207	0.090837	207	0.090783
DP	1	100	250	0.109706	225	0.098677
DP	1	101	226	0.099175	237	0.103940
DP	1	102	214	0.093909	208	0.091222
DP	1	103	208	0.091276	230	0.100870
DP	1	104	197	0.086449	222	0.097362
DP	1	105	220	0.096542	227	0.099554
DP	1	106	211	0.092592	227	0.099554
DP	1	107	208	0.091276	211	0.092537
DP	1	108	201	0.088204	193	0.084643
DP	1	109	197	0.086449	210	0.092099
DP	1	110	187	0.082060	182	0.079819
DP	1	111	181	0.079427	167	0.073240
DP	1	112	177	0.077672	181	0.079380
DP	1	113	213	0.093470	207	0.090783
DP	1	114	202	0.088643	182	0.079819
DP	1	115	174	0.076356	212	0.092976
DP	1	116	190	0.083377	205	0.089906
DP	1	117	196	0.086010	192	0.084205
DP	1	118	206	0.090398	209	0.091660
DP	1	119	185	0.081183	198	0.086836
DP	1	120	183	0.080305	187	0.082012
DP	1	121	174	0.076356	161	0.070609
DP	1	122	153	0.067140	171	0.074995
DP	1	123	179	0.078550	168	0.073679
DP	1	124	176	0.077233	186	0.081573
DP	1	125	169	0.074162	201	0.088152
DP	1	126	175	0.076794	199	0.087275
DP	1	127	177	0.077672	186	0.081573
DP	1	128	172	0.075478	167	0.073240
DP	1	129	152	0.066701	146	0.064031
DP	1	130	176	0.077233	170	0.074556
DP	1	131	165	0.072406	180	0.078942
DP	1	132	190	0.083377	175	0.076749
DP	1	133	169	0.074162	168	0.073679
DP	1	134	157	0.068896	154	0.067539
DP	1	135	189	0.082938	176	0.077188
DP	1	136	167	0.073284	174	0.076310
DP	1	137	160	0.070212	173	0.075872
DP	1	138	156	0.068457	161	0.070609
DP	1	139	162	0.071090	168	0.073679
DP	1	140	166	0.072845	163	0.071486
DP	1	141	169	0.074162	173	0.075872
DP	1	142	141	0.061874	152	0.066662
DP	1	143	154	0.067579	166	0.072802
DP	1	144	137	0.060119	136	0.059645
DP	1	145	144	0.063191	134	0.058768
DP	1	146	147	0.064507	154	0.067539
DP	1	147	172	0.075478	167	0.073240
DP	1	148	164	0.071967	169	0.074118
DP	1	149	162	0.071090	160	0.070171
DP	1	150	131	0.057486	154	0.067539
DP	1	151	146	0.064069	141	0.061838
DP	1	152	132	0.057925	143	0.062715
DP	1	153	144	0.063191	149	0.065346
DP	1	154	122	0.053537	136	0.059645
DP	1	155	132	0.057925	127	0.055698
DP	1	156	131	0.057486	146	0.064031
DP	1	157	158	0.069334	143	0.062715
DP	1	158	129	0.056608	146	0.064031
DP	1	159	139	0.060997	130	0.057014
DP	1	160	150	0.065824	152	0.066662
DP	1	161	124	0.054414	115	0.050435
DP	1	162	122	0.053537	137	0.060084
DP	1	163	130	0.057047	142	0.062276
DP	1	164	128	0.056170	118	0.051751
DP	1	165	140	0.061436	130	0.057014
DP	1	166	117	0.051343	111	0.048681
DP	1	167	138	0.060558	145	0.063592
DP	1	168	136	0.059680	140	0.061399
DP	1	169	133	0.058364	114	0.049996
DP	1	170	136	0.059680	142	0.062276
DP	1	171	105	0.046077	122	0.053505
DP	1	172	114	0.050026	137	0.060084
DP	1	173	117	0.051343	127	0.055698
DP	1	174	112	0.049148	118	0.051751
DP	1	175	120	0.052659	113	0.049558
DP	1	176	107	0.046954	111	0.048681
DP	1	177	117	0.051343	124	0.054382
DP	1	178	113	0.049587	104	0.045611
DP	1	179	115	0.050465	106	0.046488
DP	1	180	103	0.045199	95	0.041664
DP	1	181	114	0.050026	119	0.052189
DP	1	182	104	0.045638	96	0.042102
DP	1	183	113	0.049587	119	0.052189
DP	1	184	100	0.043883	115	0.050435
DP	1	185	130	0.057047	123	0.053944
DP	1	186	114	0.050026	107	0.046927
DP	1	187	115	0.050465	121	0.053066
DP	1	188	137	0.060119	139	0.060961
DP	1	189	107	0.046954	106	0.046488
DP	1	190	126	0.055292	112	0.049119
DP	1	191	131	0.057486	128	0.056136
DP	1	192	117	0.051343	135	0.059206
DP	1	193	137	0.060119	121	0.053066
DP	1	194	107	0.046954	123	0.053944
DP	1	195	95	0.041688	125	0.054821
DP	1	196	97	0.042566	101	0.044295
DP	1	197	122	0.053537	111	0.048681
DP	1	198	132	0.057925	125	0.054821
DP	1	199	144	0.063191	136	0.059645
DP	1	200	110	0.048271	121	0.053066
DP	1	201	122	0.053537	132	0.057891
DP	1	202	128	0.056170	126	0.055259
DP	1	203	131	0.057486	121	0.053066
DP	1	204	125	0.054853	124	0.054382
DP	1	205	141	0.061874	124	0.054382
DP	1	206	107	0.046954	129	0.056575
DP	1	207	122	0.053537	119	0.052189
DP	1	208	126	0.055292	115	0.050435
DP	1	209	127	0.055731	136	0.059645
DP	1	210	123	0.053976	124	0.054382
DP	1	211	122	0.053537	140	0.061399
DP	1	212	118	0.051781	131	0.057452
DP	1	213	123	0.053976	124	0.054382
DP	1	214	118	0.051781	130	0.057014
DP	1	215	116	0.050904	121	0.053066
DP	1	216	102	0.044760	130	0.057014
DP	1	217	110	0.048271	113	0.049558
DP	1	218	116	0.050904	125	0.054821
DP	1	219	126	0.055292	130	0.057014
DP	1	220	105	0.046077	112	0.049119
DP	1	221	104	0.045638	110	0.048242
DP	1	222	108	0.047393	115	0.050435
DP	1	223	123	0.053976	118	0.051751
DP	1	224	114	0.050026	129	0.056575
DP	1	225	97	0.042566	120	0.052628
DP	1	226	103	0.045199	105	0.046049
DP	1	227	97	0.042566	96	0.042102
DP	1	228	91	0.039933	111	0.048681
DP	1	229	94	0.041250	101	0.044295
DP	1	230	92	0.040372	84	0.036840
DP	1	231	81	0.035545	95	0.041664
DP	1	232	85	0.037300	93	0.040787
DP	1	233	108	0.047393	98	0.042979
DP	1	234	81	0.035545	81	0.035524
DP	1	235	81	0.035545	77	0.033770
DP	1	236	91	0.039933	87	0.038155
DP	1	237	89	0.039055	102	0.044734
DP	1	238	76	0.033351	92	0.040348
DP	1	239	73	0.032034	80	0.035085
DP	1	240	72	0.031595	71	0.031138
DP	1	241	71	0.031157	78	0.034208
DP	1	242	71	0.031157	68	0.029822
DP	1	243	63	0.027646	77	0.033770
DP	1	244	58	0.025452	82	0.035962
DP	1	245	71	0.031157	70	0.030700
DP	1	246	63	0.027646	75	0.032892
DP	1	247	65	0.028524	60	0.026314
DP	1	248	65	0.028524	53	0.023244
DP	1	249	64	0.028085	68	0.029822
DP	1	250	49	0.021502	53	0.023244
DP	1	251	57	0.025013	58	0.025437
DP	1	252	45	0.019747	51	0.022367
DP	1	253	42	0.018431	50	0.021928
DP	1	254	55	0.024135	54	0.023683
DP	1	255	28	0.012287	46	0.020174
DP	1	256	51	0.022380	54	0.023683
DP	1	257	34	0.014920	40	0.017543
DP	1	258	44	0.019308	46	0.020174
DP	1	259	35	0.015359	41	0.017981
DP	1	260	37	0.016237	50	0.021928
DP	1	261	44	0.019308	45	0.019735
DP	1	262	38	0.016675	46	0.020174
DP	1	263	31	0.013604	39	0.017104
DP	1	264	30	0.013165	35	0.015350
DP	1	265	38	0.016675	33	0.014473
DP	1	266	29	0.012726	29	0.012718
DP	1	267	34	0.014920	35	0.015350
DP	1	268	22	0.009654	40	0.017543
DP	1	269	21	0.009215	34	0.014911
DP	1	270	27	0.011848	22	0.009648
DP	1	271	24	0.010532	20	0.008771
DP	1	272	25	0.010971	18	0.007894
DP	1	273	19	0.008338	24	0.010526
DP	1	274	24	0.010532	31	0.013596
DP	1	275	17	0.007460	26	0.011403
DP	1	276	23	0.010093	19	0.008333
DP	1	277	15	0.006582	22	0.009648
DP	1	278	12	0.005266	19	0.008333
DP	1	279	18	0.007899	15	0.006578
DP	1	280	24	0.010532	18	0.007894
DP	1	281	17	0.007460	23	0.010087
DP	1	282	10	0.004388	17	0.007456
DP	1	283	10	0.004388	22	0.009648
DP	1	284	18	0.007899	15	0.006578
DP	1	285	10	0.004388	18	0.007894
DP	1	286	13	0.005705	15	0.006578
DP	1	287	12	0.005266	11	0.004824
DP	1	288	9	0.003949	9	0.003947
DP	1	289	13	0.005705	14	0.006140
DP	1	290	8	0.003511	12	0.005263
DP	1	291	6	0.002633	7	0.003070
DP	1	292	8	0.003511	12	0.005263
DP	1	293	9	0.003949	15	0.006578
DP	1	294	7	0.003072	5	0.002193
DP	1	295	9	0.003949	10	0.004386
DP	1	296	7	0.003072	5	0.002193
DP	1	297	10	0.004388	8	0.003509
DP	1	298	14	0.006144	15	0.006578
DP	1	299	6	0.002633	10	0.004386
DP	1	300	5	0.002194	9	0.003947
DP	1	301	7	0.003072	11	0.004824
DP	1	302	8	0.003511	12	0.005263
DP	1	303	9	0.003949	10	0.004386
DP	1	304	3	0.001316	3	0.001316
DP	1	305	5	0.002194	6	0.002631
DP	1	306	7	0.003072	6	0.002631
DP	1	307	4	0.001755	7	0.003070
DP	1	308	8	0.003511	7	0.003070
DP	1	309	3	0.001316	6	0.002631
DP	1	310	2	0.000878	3	0.001316
DP	1	311	5	0.002194	8	0.003509
DP	1	312	3	0.001316	5	0.002193
DP	1	313	8	0.003511	6	0.002631
DP	1	314	3	0.001316	6	0.002631
DP	1	315	5	0.002194	5	0.002193
DP	1	316	5	0.002194	3	0.001316
DP	1	317	4	0.001755	9	0.003947
DP	1	318	3	0.001316	4	0.001754
DP	1	319	2	0.000878	2	0.000877
DP	1	320	6	0.002633	5	0.002193
DP	1	321	3	0.001316	2	0.000877
DP	1	322	1	0.000439	6	0.002631
DP	1	323	4	0.001755	4	0.001754
DP	1	324	2	0.000878	1	0.000439
DP	1	325	4	0.001755	4	0.001754
DP	1	326	3	0.001316	0	0.000000
DP	1	327	4	0.001755	2	0.000877
DP	1	328	5	0.002194	6	0.002631
DP	1	329	1	0.000439	1	0.000439
DP	1	330	5	0.002194	7	0.003070
DP	1	331	1	0.000439	1	0.000439
DP	1	332	4	0.001755	5	0.002193
DP	1	333	3	0.001316	2	0.000877
DP	1	334	3	0.001316	6	0.002631
DP	1	335	1	0.000439	6	0.002631
DP	1	336	3	0.001316	3	0.001316
DP	1	337	8	0.003511	1	0.000439
DP	1	338	5	0.002194	6	0.002631
DP	1	339	3	0.001316	1	0.000439
DP	1	340	4	0.001755	3	0.001316
DP	1	341	3	0.001316	5	0.002193
DP	1	342	2	0.000878	5	0.002193
DP	1	343	1	0.000439	6	0.002631
DP	1	344	4	0.001755	2	0.000877
DP	1	345	1	0.000439	1	0.000439
DP	1	346	1	0.000439	5	0.002193
DP	1	347	2	0.000878	4	0.001754
DP	1	348	5	0.002194	2	0.000877
DP	1	349	3	0.001316	4	0.001754
DP	1	350	5	0.002194	0	0.000000
DP	1	351	2	0.000878	3	0.001316
DP	1	352	2	0.000878	4	0.001754
DP	1	353	6	0.002633	4	0.001754
DP	1	354	3	0.001316	7	0.003070
DP	1	355	3	0.001316	4	0.001754
DP	1	356	1	0.000439	2	0.000877
DP	1	357	6	0.002633	6	0.002631
DP	1	358	3	0.001316	3	0.001316
DP	1	359	2	0.000878	4	0.001754
DP	1	360	2	0.000878	3	0.001316
DP	1	361	2	0.000878	2	0.000877
DP	1	362	3	0.001316	5	0.002193
DP	1	363	1	0.000439	0	0.000000
DP	1	364	0	0.000000	2	0.000877
DP	1	365	1	0.000439	1	0.000439
DP	1	366	1	0.000439	1	0.000439
DP	1	367	3	0.001316	4	0.001754
DP	1	368	2	0.000878	5	0.002193
DP	1	369	1	0.000439	3	0.001316
DP	1	370	1	0.000439	1	0.000439
DP	1	371	2	0.000878	0	0.000000
DP	1	372	1	0.000439	1	0.000439
DP	1	373	1	0.000439	2	0.000877
DP	1	374	3	0.001316	3	0.001316
DP	1	375	2	0.000878	2	0.000877
DP	1	376	1	0.000439	1	0.000439
DP	1	377	2	0.000878	2	0.000877
DP	1	378	1	0.000439	3	0.001316
DP	1	379	0	0.000000	1	0.000439
DP	1	380	2	0.000878	0	0.000000
DP	1	381	1	0.000439	1	0.000439
DP	1	383	2	0.000878	2	0.000877
DP	1	384	0	0.000000	3	0.001316
DP	1	385	2	0.000878	1	0.000439
DP	1	386	3	0.001316	3	0.001316
DP	1	387	2	0.000878	1	0.000439
DP	1	388	0	0.000000	2	0.000877
DP	1	389	2	0.000878	2	0.000877
DP	1	390	0	0.000000	3	0.001316
DP	1	392	1	0.000439	2	0.000877
DP	1	393	3	0.001316	3	0.001316
DP	1	394	2	0.000878	2	0.000877
DP	1	395	0	0.000000	2	0.000877
DP	1	396	3	0.001316	2	0.000877
DP	1	397	2	0.000878	2	0.000877
DP	1	398	2	0.000878	2	0.000877
DP	1	399	1	0.000439	1	0.000439
DP	1	400	0	0.000000	2	0.000877
DP	1	401	0	0.000000	3	0.001316
DP	1	402	3	0.001316	2	0.000877
DP	1	403	4	0.001755	3	0.001316
DP	1	404	0	0.000000	2	0.000877
DP	1	405	1	0.000439	2	0.000877
DP	1	406	1	0.000439	2	0.000877
DP	1	407	1	0.000439	2	0.000877
DP	1	408	0	0.000000	1	0.000439
DP	1	409	1	0.000439	3	0.001316
DP	1	410	2	0.000878	5	0.002193
DP	1	411	1	0.000439	2	0.000877
DP	1	412	1	0.000439	1	0.000439
DP	1	413	0	0.000000	1	0.000439
DP	1	414	2	0.000878	1	0.000439
DP	1	415	1	0.000439	1	0.000439
DP	1	416	1	0.000439	3	0.001316
DP	1	417	3	0.001316	2	0.000877
DP	1	418	0	0.000000	1	0.000439
DP	1	419	1	0.000439	4	0.001754
DP	1	420	1	0.000439	2	0.000877
DP	1	421	3	0.001316	1	0.000439
DP	1	422	1	0.000439	3	0.001316
DP	1	423	1	0.000439	1	0.000439
DP	1	424	1	0.000439	3	0.001316
DP	1	426	1	0.000439	2	0.000877
DP	1	427	0	0.000000	3	0.001316
DP	1	428	2	0.000878	1	0.000439
DP	1	429	0	0.000000	2	0.000877
DP	1	430	1	0.000439	2	0.000877
DP	1	431	1	0.000439	0	0.000000
DP	1	432	2	0.000878	3	0.001316
DP	1	433	3	0.001316	2	0.000877
DP	1	434	1	0.000439	4	0.001754
DP	1	435	1	0.000439	0	0.000000
DP	1	436	1	0.000439	3	0.001316
DP	1	437	0	0.000000	2	0.000877
DP	1	439	0	0.000000	1	0.000439
DP	1	440	2	0.000878	0	0.000000
DP	1	441	0	0.000000	3	0.001316
DP	1	442	0	0.000000	2	0.000877
DP	1	443	0	0.000000	2	0.000877
DP	1	444	4	0.001755	1	0.000439
DP	1	445	1	0.000439	0	0.000000
DP	1	446	3	0.001316	1	0.000439
DP	1	448	0	0.000000	2	0.000877
DP	1	449	0	0.000000	1	0.000439
DP	1	450	1	0.000439	0	0.000000
DP	1	451	1	0.000439	0	0.000000
DP	1	452	2	0.000878	1	0.000439
DP	1	454	0	0.000000	1	0.000439
DP	1	456	0	0.000000	1	0.000439
DP	1	458	1	0.000439	0	0.000000
DP	1	459	0	0.000000	2	0.000877
DP	1	460	2	0.000878	0	0.000000
DP	1	461	0	0.000000	2	0.000877
DP	1	462	1	0.000439	2	0.000877
DP	1	463	2	0.000878	0	0.000000
DP	1	464	1	0.000439	1	0.000439
DP	1	465	2	0.000878	2	0.000877
DP	1	466	1	0.000439	1	0.000439
DP	1	467	2	0.000878	0	0.000000
DP	1	468	0	0.000000	1	0.000439
DP	1	469	1	0.000439	2	0.000877
DP	1	470	3	0.001316	2	0.000877
DP	1	472	1	0.000439	0	0.000000
DP	1	474	0	0.000000	1	0.000439
DP	1	475	1	0.000439	2	0.000877
DP	1	476	1	0.000439	0	0.000000
DP	1	477	1	0.000439	1	0.000439
DP	1	479	2	0.000878	0	0.000000
DP	1	480	0	0.000000	1	0.000439
DP	1	481	0	0.000000	2	0.000877
DP	1	482	0	0.000000	1	0.000439
DP	1	483	2	0.000878	0	0.000000
DP	1	484	4	0.001755	0	0.000000
DP	1	486	3	0.001316	0	0.000000
DP	1	487	1	0.000439	0	0.000000
DP	1	488	3	0.001316	1	0.000439
DP	1	489	3	0.001316	2	0.000877
DP	1	491	0	0.000000	1	0.000439
DP	1	492	0	0.000000	1	0.000439
DP	1	493	1	0.000439	1	0.000439
DP	1	494	2	0.000878	1	0.000439
DP	1	495	0	0.000000	2	0.000877
DP	1	496	1	0.000439	1	0.000439
DP	1	498	0	0.000000	1	0.000439
DP	1	>500	561	0.246181	595	0.260947
# PSC, Per-sample counts
# PSC	[2]id	[3]sample	[4]nRefHom	[5]nNonRefHom	[6]nHets	[7]nTransitions	[8]nTransversions	[9]nIndels	[10]average depth	[11]nSingletons
PSC	0	testvcf	0	1483533	2341091	2563709	1259694	812503	44.6	4632959
PSC	1	testvcf	0	8189	91085	56562	42371	129064	47.4	227887
# PSI, Per-Sample Indels
# PSI	[2]id	[3]sample	[4]in-frame	[5]out-frame	[6]not applicable	[7]out/(in+out) ratio	[8]nHets	[9]nAA
PSI	0	testvcf	0	0	0	0.00	507357	305146
PSI	1	testvcf	0	0	0	0.00	99723	29341
# HWE
# HWE	[2]id	[3]1st ALT allele frequency	[4]Number of observations	[5]25th percentile	[6]median	[7]75th percentile
HWE	0	0.000000	2844280	0.990000	0.990000	0.990000
HWE	0	99.000000	1788679	0.000000	0.000000	0.000000
HWE	1	0.000000	190357	0.990000	0.990000	0.990000
HWE	1	99.000000	37530	0.000000	0.000000	0.000000
