##Falco	1.2.5
>>Basic Statistics	pass
#Measure	Value
Filename	SRR7890918_WES_HCC1395-EA_tumor_1.fastq.gz
File type	Conventional base calls
Encoding	Sanger / Illumina 1.9
Total Sequences	105035715
Sequences flagged as poor quality	0
Sequence length	126
%GC	50
>>END_MODULE
>>Per base sequence quality	pass
#Base	Mean	Median	Lower Quartile	Upper Quartile	10th Percentile	90th Percentile
1	36.2027	38	38	38	32	38
2	36.2143	38	38	38	32	38
3	36.2636	38	38	38	32	38
4	36.2786	38	38	38	32	38
5	36.2986	38	38	38	32	38
6	38.4919	40	38	40	38	40
7	38.5159	40	38	40	38	40
8	38.2607	40	38	40	38	40
9	38.4316	40	38	40	38	40
10-11	38.4793	40	38	40	38	40
12-13	38.5101	40	38	40	38	40
14-15	38.5147	40	38	40	38	40
16-17	38.4915	40	38	40	38	40
18-19	38.4947	40	38	40	38	40
20-21	38.4906	40	38	40	38	40
22-23	38.4802	40	38	40	38	40
24-25	38.4434	40	38	40	38	40
26-27	38.3943	40	38	40	38	40
28-29	38.3614	40	38	40	38	40
30-31	38.3667	40	38	40	38	40
32-33	38.3447	40	38	40	38	40
34-35	38.3257	40	38	40	38	40
36-37	38.3011	40	38	40	38	40
38-39	38.29	40	38	40	38	40
40-41	38.2563	40	38	40	38	40
42-43	38.227	40	38	40	38	40
44-45	38.1962	40	38	40	38	40
46-47	38.1797	40	38	40	38	40
48-49	38.1451	40	38	40	38	40
50-51	38.1486	40	38	40	38	40
52-53	38.1107	40	38	40	38	40
54-55	38.1169	40	38	40	38	40
56-57	38.0816	40	38	40	38	40
58-59	38.0741	40	38	40	38	40
60-61	38.0346	40	38	40	38	40
62-63	38.0107	40	38	40	38	40
64-65	37.9845	40	38	40	38	40
66-67	37.9913	40	38	40	38	40
68-69	37.9378	40	38	40	38	40
70-71	37.9268	40	38	40	38	40
72-73	37.8987	40	38	40	38	40
74-75	37.8621	40	38	40	35	40
76-77	37.8185	40	38	40	32	40
78-79	37.8229	40	38	40	35	40
80-81	37.7828	40	38	40	32	40
82-83	37.7389	40	38	40	32	40
84-85	37.7258	40	38	40	32	40
86-87	37.6888	40	38	40	32	40
88-89	37.6708	40	38	40	32	40
90-91	37.6429	40	38	40	32	40
92-93	37.5608	40	38	40	32	40
94-95	37.5235	40	38	40	32	40
96-97	37.5009	40	38	40	32	40
98-99	37.4287	38	38	40	32	40
100-101	37.3976	39	38	40	32	40
102-103	35.8199	38	38	38	29.5	39
104-105	37.2275	38	38	40	32	40
106-107	37.5926	40	38	40	32	40
108-109	37.6517	40	38	40	32	40
110-111	37.6442	40	38	40	32	40
112-113	37.5829	40	38	40	32	40
114-115	37.5247	40	38	40	32	40
116-117	37.4528	40	38	40	32	40
118-119	37.4112	40	38	40	32	40
120-121	37.2763	40	38	40	32	40
122-123	37.1925	40	38	40	32	40
124-125	36.9116	39	38	40	32	40
126	34.6299	38	38	40	27	40
>>END_MODULE
>>Per sequence quality scores	pass
#Quality	Count
2	13936
3	3854
4	3696
5	4921
6	7383
7	11358
8	15734
9	20621
10	22770
11	24099
12	26355
13	29267
14	31954
15	34283
16	38027
17	41272
18	46384
19	52329
20	58130
21	65535
22	79739
23	104664
24	152306
25	230102
26	343478
27	493593
28	684419
29	913481
30	1185745
31	1507776
32	1889935
33	2365657
34	2988364
35	3897527
36	5421189
37	8546885
38	17177558
39	56501389
>>END_MODULE
>>Per base sequence content	pass
#Base	G	A	T	C
1	24.1458	26.3592	23.5345	25.9264
2	24.6465	26.4507	23.991	24.908
3	24.6015	25.3091	24.9581	25.1186
4	24.7325	24.9195	25.2983	25.0457
5	24.8412	25.1839	25.3259	24.649
6	24.7507	25.0222	24.8626	25.3636
7	24.739	25.103	25.3179	24.84
8	24.2083	25.1586	25.0845	24.8808
9	24.2823	25.1563	25.4427	25.1187
10-11	24.3114	25.3788	25.3737	24.9361
12-13	24.2174	25.2657	25.4772	25.0397
14-15	24.2452	25.2746	25.4868	24.9933
16-17	24.285	25.2057	25.4828	25.0264
18-19	24.2873	25.0854	25.4615	25.1656
20-21	24.3158	25.065	25.447	25.1718
22-23	24.3771	25.0974	25.3857	25.1399
24-25	24.4213	25.0698	25.3307	25.1776
26-27	24.4625	25.0822	25.3001	25.1551
28-29	24.485	25.1076	25.2756	25.1317
30-31	24.5349	25.0666	25.2449	25.153
32-33	24.5579	25.0842	25.2173	25.1403
34-35	24.5754	25.1163	25.1969	25.1114
36-37	24.5918	25.0942	25.1716	25.1424
38-39	24.5953	25.0889	25.1827	25.1331
40-41	24.6289	25.1225	25.1693	25.0789
42-43	24.659	25.0959	25.133	25.1117
44-45	24.6654	25.0961	25.1468	25.0918
46-47	24.6871	25.1174	25.1261	25.0694
48-49	24.7076	25.0834	25.1064	25.1025
50-51	24.7054	25.1081	25.1095	25.0764
52-53	24.7363	25.1197	25.0978	25.0462
54-55	24.7464	25.1103	25.076	25.0666
56-57	24.7552	25.1178	25.0769	25.0488
58-59	24.7742	25.1324	25.065	25.0283
60-61	24.777	25.11	25.0505	25.0612
62-63	24.7765	25.1265	25.0661	25.0297
64-65	24.799	25.1575	25.0465	24.9969
66-67	24.8073	25.1379	25.0252	25.0295
68-69	24.8059	25.1513	25.0334	25.0094
70-71	24.8335	25.1637	25.0222	24.9805
72-73	24.8364	25.1624	25.0091	24.992
74-75	24.8425	25.168	25.0298	24.9597
76-77	24.8491	25.1942	25.017	24.9397
78-79	24.8543	25.1889	25.0102	24.9466
80-81	24.8585	25.2005	25.0179	24.9231
82-83	24.8644	25.2331	25.0199	24.8826
84-85	24.8651	25.2145	24.9981	24.9223
86-87	24.8552	25.2475	25.0021	24.8952
88-89	24.8681	25.2773	24.9912	24.8634
90-91	24.8776	25.2687	24.9777	24.876
92-93	24.872	25.2993	24.9867	24.842
94-95	24.888	25.3367	24.9651	24.8102
96-97	24.8923	25.3546	24.9351	24.8181
98-99	24.9022	25.4125	24.9212	24.7641
100-101	24.9139	25.4725	24.89	24.7235
102-103	24.9246	25.5111	24.8621	24.7022
104-105	24.949	25.5801	24.8216	24.6494
106-107	24.9756	25.6775	24.7619	24.5849
108-109	24.9901	25.7415	24.6945	24.574
110-111	25.0284	25.8311	24.6364	24.5042
112-113	25.0682	25.9431	24.5355	24.4532
114-115	25.1085	26.0382	24.4378	24.4155
116-117	25.1461	26.1647	24.3216	24.3676
118-119	25.1914	26.3137	24.1817	24.3133
120-121	25.2464	26.441	24.0213	24.2898
122-123	25.2518	26.5727	23.8861	24.2894
124-125	25.2817	26.7344	23.7389	24.245
126	25.288	26.7927	23.619	24.3003
>>END_MODULE
>>Per sequence GC content	fail
#GC Content	Count
0	29
1	25.5
2	25.5
3	27.5
4	22
5	25.5
6	39.5
7	49
8	49.5
9	54.5
10	82.5
11	98.5
12	121
13	190
14	267
15	356
16	491
17	736.5
18	1170
19	1969.5
20	3652
21	7042
22	13526.5
23	25523.5
24	46445
25	82218.5
26	138403
27	220264
28	336494
29	492394
30	691389
31	940332
32	1.24067e+06
33	1.5887e+06
34	1.97586e+06
35	2.36953e+06
36	2.72299e+06
37	2.99852e+06
38	3.16652e+06
39	3.2191e+06
40	3.191e+06
41	3.13487e+06
42	3.08213e+06
43	3.04978e+06
44	3.03258e+06
45	3.00906e+06
46	2.98083e+06
47	2.94653e+06
48	2.90421e+06
49	2.86282e+06
50	2.82584e+06
51	2.78675e+06
52	2.73164e+06
53	2.65589e+06
54	2.56526e+06
55	2.4604e+06
56	2.34284e+06
57	2.23565e+06
58	2.1612e+06
59	2.11691e+06
60	2.10644e+06
61	2.13607e+06
62	2.19276e+06
63	2.24664e+06
64	2.25077e+06
65	2.18017e+06
66	2.04667e+06
67	1.87778e+06
68	1.69908e+06
69	1.51395e+06
70	1.32306e+06
71	1.13918e+06
72	965468
73	805564
74	662188
75	539126
76	439091
77	355705
78	288034
79	230716
80	179580
81	138374
82	106311
83	80447.5
84	58999.5
85	41581.5
86	27909.5
87	17918
88	11102.5
89	6599
90	3506
91	1846
92	985.5
93	289
94	86.5
95	45.5
96	22.5
97	12
98	5
99	3.5
100	2
>>END_MODULE
>>Per base N content	pass
#Base	N-Count
1	0.0342398
2	0.00379966
3	0.0127833
4	0.0039577
5	0
6	0.000964434
7	0
8	0.667698
9	1.52329e-05
10-11	2.80857e-05
12-13	0
14-15	0.000114247
16-17	0.000168514
18-19	0.000127576
20-21	0.000344645
22-23	0
24-25	0.000508875
26-27	8.09249e-05
28-29	0.000150901
30-31	0.000540768
32-33	0.000308467
34-35	4.76029e-07
36-37	3.76063e-05
38-39	0
40-41	0.000354165
42-43	0.000404148
44-45	0
46-47	0
48-49	0
50-51	0.000552669
52-53	0
54-55	0.000817341
56-57	0.00131051
58-59	0
60-61	0.00125481
62-63	0.00122339
64-65	1.38048e-05
66-67	2.85617e-06
68-69	0
70-71	0
72-73	0
74-75	0
76-77	0
78-79	0
80-81	0
82-83	0
84-85	0
86-87	5.71234e-06
88-89	0
90-91	0
92-93	0
94-95	0
96-97	0
98-99	0
100-101	0
102-103	0
104-105	0
106-107	0
108-109	0
110-111	0
112-113	0
114-115	4.66508e-05
116-117	7.80687e-05
118-119	0
120-121	0.00144522
122-123	1.38048e-05
124-125	3.14179e-05
126	0
>>END_MODULE
>>Sequence Length Distribution	pass
#Length	Count
126	105035715.0
>>END_MODULE
>>Sequence Duplication Levels	warn
#Total Deduplicated Percentage	59.8152
#Duplication Level	Percentage of deduplicated	Percentage of total
1	63.1978	37.8019
2	21.616	25.8594
3	8.37722	15.0326
4	3.53543	8.45891
5	1.56848	4.69095
6	0.763796	2.7412
7	0.391991	1.64129
8	0.202583	0.969403
9	0.117933	0.634875
>10	0.222686	1.83041
>50	0.00467387	0.18835
>100	0.00136905	0.146544
>500	1.27354e-05	0.00424305
>1k	0	0
>5k	0	0
>10k+	0	0
>>END_MODULE
>>Overrepresented sequences	pass
>>END_MODULE
>>Adapter Content	pass
#Position	Illumina Universal Adapter	Illumina Small RNA 3' Adapter	Illumina Small RNA 5' Adapter	Nextera Transposase Sequence	PolyA	PolyG
1	9.52057e-06	1.90411e-06	1.90411e-06	9.52057e-06	0.0183671	3.42741e-05
2	1.14247e-05	3.80823e-06	5.71234e-06	2.47535e-05	0.0223562	6.56919e-05
3	1.90411e-05	4.76029e-06	9.52057e-06	3.3322e-05	0.0260235	9.04454e-05
4	2.47535e-05	9.52057e-06	1.42809e-05	4.66508e-05	0.0299593	0.00010663
5	3.04658e-05	9.52057e-06	1.6185e-05	5.52193e-05	0.0339446	0.000130432
6	3.42741e-05	1.23767e-05	2.28494e-05	7.14043e-05	0.0378719	0.000150425
7	4.18905e-05	1.80891e-05	2.95138e-05	8.75893e-05	0.0419086	0.000178987
8	4.56987e-05	1.99932e-05	3.04658e-05	9.80619e-05	0.045992	0.000214213
9	4.76029e-05	2.18973e-05	3.52261e-05	0.000109487	0.0501287	0.00024087
10	5.33152e-05	2.38014e-05	3.80823e-05	0.000119959	0.0541778	0.000279905
11	5.99796e-05	2.85617e-05	3.90343e-05	0.000128528	0.0582211	0.000329412
12	6.18837e-05	4.09385e-05	4.47467e-05	0.000139	0.0623188	0.000377967
13	6.47399e-05	4.28426e-05	4.66508e-05	0.000159946	0.0661927	0.000441755
14	6.75961e-05	4.47467e-05	4.85549e-05	0.00016661	0.0702247	0.000502686
15	6.95002e-05	4.56987e-05	5.42673e-05	0.000177083	0.0740167	0.000558858
16	7.04522e-05	4.76029e-05	5.80755e-05	0.000189459	0.0773194	0.000599796
17	7.61646e-05	5.33152e-05	5.99796e-05	0.00019898	0.0806012	0.000675961
18	8.2829e-05	5.71234e-05	6.18837e-05	0.000210405	0.083861	0.000738796
19	9.23495e-05	5.90275e-05	6.75961e-05	0.000220877	0.0872513	0.000802584
20	9.71098e-05	6.18837e-05	6.85481e-05	0.000244679	0.0905321	0.000858756
21	0.00010187	6.95002e-05	7.23563e-05	0.000266576	0.0936919	0.000921591
22	0.000103774	7.04522e-05	7.71166e-05	0.00027324	0.0968823	0.000998708
23	0.000108535	7.42605e-05	7.99728e-05	0.000281809	0.0999489	0.00106059
24	0.000113295	7.80687e-05	8.2829e-05	0.000293234	0.102927	0.00112248
25	0.000119959	8.18769e-05	8.94934e-05	0.00030561	0.105814	0.00118245
26	0.000123767	8.3781e-05	8.94934e-05	0.000318939	0.108622	0.00125576
27	0.000130432	8.85413e-05	9.42537e-05	0.000326556	0.111642	0.00133669
28	0.000139	9.13975e-05	9.9966e-05	0.000336076	0.114747	0.00141666
29	0.000145665	9.61578e-05	0.00010187	0.000343693	0.117605	0.00149663
30	0.000150425	9.71098e-05	0.000103774	0.000354165	0.120408	0.00157946
31	0.000157089	0.00010187	0.000111391	0.000366542	0.123499	0.0016423
32	0.000164706	0.000104726	0.000113295	0.000377015	0.126579	0.00169942
33	0.000173274	0.000108535	0.000125672	0.000385583	0.129666	0.00178035
34	0.000177083	0.000118055	0.000125672	0.00039796	0.132567	0.00186032
35	0.000181843	0.000124719	0.000131384	0.000408433	0.135437	0.001946
36	0.000189459	0.000126624	0.000132336	0.000421761	0.138422	0.00202407
37	0.000202788	0.00012948	0.00013424	0.000433186	0.141311	0.00211833
38	0.000211357	0.000137096	0.000136144	0.000448419	0.144284	0.0021964
39	0.000225638	0.000142809	0.000137096	0.000459844	0.147232	0.00229827
40	0.000241823	0.000144713	0.000143761	0.000479837	0.149985	0.00240204
41	0.000251343	0.000150425	0.000147569	0.000494118	0.15287	0.0024982
42	0.000266576	0.000154233	0.000154233	0.000508399	0.155746	0.00257341
43	0.000284665	0.000157089	0.000156137	0.00052744	0.158753	0.00266195
44	0.000292282	0.000163754	0.000158041	0.000548385	0.161708	0.00275335
45	0.00030085	0.000167562	0.000159946	0.000558858	0.164598	0.00284094
46	0.000324651	0.00017137	0.000160898	0.00056457	0.167668	0.00295614
47	0.000351309	0.000175179	0.00016185	0.000575042	0.170428	0.00306372
48	0.000375111	0.000179939	0.000162802	0.000589323	0.173105	0.00318082
49	0.000404624	0.000183747	0.000168514	0.000600748	0.175761	0.00331697
50	0.000443659	0.000190411	0.000170418	0.000615981	0.178506	0.00343026
51	0.000477933	0.00019422	0.00017137	0.000626454	0.181321	0.00356355
52	0.000524583	0.000197076	0.000178987	0.000641686	0.184413	0.00371302
53	0.000579803	0.000208501	0.000179939	0.000655015	0.187298	0.00385393
54	0.000660728	0.000213261	0.000187555	0.000667392	0.190175	0.0040034
55	0.000746413	0.000219925	0.000191363	0.000681673	0.192696	0.0041443
56	0.000846379	0.000223733	0.000193268	0.000695002	0.195318	0.00430806
57	0.000950153	0.000232302	0.000198028	0.00070833	0.197933	0.00445944
58	0.00106916	0.000238014	0.00019898	0.000722611	0.2005	0.00461176
59	0.00120816	0.000239918	0.00019898	0.000737844	0.20303	0.0047679
60	0.00139096	0.000243727	0.000202788	0.000754981	0.205608	0.00490309
61	0.00159946	0.000248487	0.000202788	0.000770214	0.2083	0.00505638
62	0.00187174	0.000256103	0.00020374	0.000784495	0.21086	0.00524012
63	0.00213261	0.00026848	0.000205644	0.000791159	0.213435	0.00543625
64	0.00246392	0.000278001	0.000210405	0.00080068	0.21584	0.00558858
65	0.00284379	0.000295138	0.000213261	0.000820673	0.218239	0.00574471
66	0.00336362	0.000297994	0.000219925	0.000835906	0.220618	0.00593036
67	0.00394437	0.000308467	0.000220877	0.000850187	0.223044	0.00609697
68	0.00460891	0.000315131	0.000222781	0.000868276	0.225557	0.00626549
69	0.00543529	0.000317987	0.000230398	0.000878749	0.228096	0.00644162
70	0.00637212	0.000324651	0.000233254	0.000894934	0.230622	0.00662061
71	0.00755648	0.000331316	0.000234206	0.000910167	0.232996	0.00679959
72	0.00902169	0.000340836	0.000234206	0.000933016	0.235364	0.00697572
73	0.0107287	0.000352261	0.000234206	0.000953009	0.237628	0.00713376
74	0.0126976	0.000362734	0.000238014	0.00096729	0.240002	0.0073137
75	0.015012	0.000367494	0.000238966	0.000979667	0.242312	0.00751268
76	0.0178235	0.000377967	0.00024087	0.000995852	0.244661	0.00769643
77	0.0211842	0.000383679	0.000241823	0.00100442	0.247038	0.00787446
78	0.02518	0.000396056	0.000247535	0.00101299	0.249352	0.00806488
79	0.0301031	0.000399864	0.000250391	0.0010187	0.251714	0.00825053
80	0.0358192	0.000405576	0.000253247	0.00102917	0.254035	0.00844189
81	0.0426712	0.00040748	0.000253247	0.00103298	0.256295	0.00861612
82	0.0507008	0.000417953	0.000253247	0.00104821	0.258527	0.0087932
83	0.0602814	0.00042557	0.000260864	0.00106821	0.260807	0.00897885
84	0.0716347	0.000436994	0.000260864	0.00108154	0.263059	0.00914736
85	0.0849892	0.000443659	0.00026372	0.00109296	0.265264	0.00933873
86	0.100711	0.000450323	0.000269432	0.00110724	0.267479	0.00951581
87	0.118658	0.000455083	0.000274192	0.00111772	0.269581	0.009671
88	0.139649	0.0004627	0.000276097	0.00113485	0.271654	0.00984808
89	0.164131	0.00046746	0.000281809	0.00115485	0.273715	0.0100071
90	0.192828	0.000478885	0.000281809	0.00116722	0.275819	0.010167
91	0.226405	0.000482693	0.000282761	0.00117579	0.277816	0.0102946
92	0.265275	0.000490309	0.000284665	0.00118531	0.279855	0.0104698
93	0.310295	0.000502686	0.000284665	0.00119293	0.281925	0.0106078
94	0.361831	0.000509351	0.000286569	0.00120054	0.283901	0.0107849
95	0.421479	0.000517919	0.000291329	0.00121292	0.286008	0.0109258
96	0.489467	0.000525536	0.000292282	0.00122244	0.288075	0.0110838
97	0.567025	0.000536008	0.000292282	0.00123482	0.290123	0.0112657
98	0.654833	0.000542673	0.000295138	0.00124624	0.29216	0.0114333
99	0.755059	0.000545529	0.000297042	0.00125291	0.294234	0.0116065
100	0.867705	0.000555049	0.000298946	0.00126148	0.296285	0.0118027
101	0.99455	0.000556953	0.000298946	0.00127385	0.298429	0.0119664
102	1.13686	0.000565522	0.00030561	0.00128813	0.300504	0.0121264
103	1.29517	0.000575995	0.000307514	0.00129575	0.302572	0.0123072
104	1.47136	0.000583611	0.000307514	0.00130337	0.30464	0.0124996
105	1.66625	0.000586467	0.000308467	0.00131193	0.306466	0.0126386
106	1.88123	0.000590275	0.000308467	0.00132241	0.308402	0.0127976
107	2.11913	0.00059694	0.000308467	0.00133669	0.310347	0.0129642
108	2.37886	0.000613125	0.000312275	0.00134811	0.31227	0.013107
109	2.6611	0.000619789	0.000317987	0.00136049	0.314321	0.0132365
110	2.96888	0.000630262	0.000318939	0.00136525	0.316183	0.0133793
111	3.30107	0.000640734	0.000322747	0.00137477	0.318126	0.0135259
112	3.66006	0.000649303	0.000323699	0.00138143	0.320023	0.0136649
113	4.04599	0.000652159	0.000323699	0.00139381	0.321969	0.0138401
114	4.45941	0.000659776	0.000329412	0.00140524	0.323871	0.0140038
115	4.89986	0.000664536	0.000329412	0.00140714	0.325816	0.014158
116	4.89986	0.000664536	0.000329412	0.00140714	0.325816	0.014158
117	4.89986	0.000664536	0.000329412	0.00140714	0.325816	0.014158
118	4.89986	0.000664536	0.000329412	0.00140714	0.325816	0.014158
119	4.89986	0.000664536	0.000329412	0.00140714	0.325816	0.014158
120	4.89986	0.000664536	0.000329412	0.00140714	0.325816	0.014158
121	4.89986	0.000664536	0.000329412	0.00140714	0.325816	0.014158
122	4.89986	0.000664536	0.000329412	0.00140714	0.325816	0.014158
123	4.89986	0.000664536	0.000329412	0.00140714	0.325816	0.014158
124	4.89986	0.000664536	0.000329412	0.00140714	0.325816	0.014158
125	4.89986	0.000664536	0.000329412	0.00140714	0.325816	0.014158
126	4.89986	0.000664536	0.000329412	0.00140714	0.325816	0.014158
>>END_MODULE
