0
0
0
0
31
29
33
28
23
27
30
27
23
19
20
30
20
23
18
15
13
18
12
17
9
24
17
13
16
21
14
16
25
12
13
17
11
13
16
11
17
11
12
17
12
14
8
13
12
13
9
10
13
7
10
8
7
6
10
8
10
4
6
11
8
7
6
11
11
6
6
7
6
7
11
8
9
8
8
5
7
9
4
6
6
6
5
7
5
1
9
5
4
2
4
5
5
9
2
2
2
1
7
6
2
5
3
7
2
4
5
1
2
2
6
4
4
7
7
1
3
8
4
4
4
6
8
5
3
3
4
3
2
4
4
5
4
3
2
3
3
0
4
1
6
4
3
2
3
3
2
5
3
9
2
3
3
2
3
2
4
3
2
2
0
1
1
1
3
0
5
2
3
3
0
5
1
3
2
1
0
3
1
0
3
3
1
1
1
5
1
2
1
1
1
1
3
3
2
3
2
4
1
3
3
3
1
2
1
1
3
4
0
1
2
1
4
2
0
2
0
1
4
1
0
4
2
1
0
2
0
0
1
2
1
2
0
4
0
3
3
1
2
0
2
0
3
2
1
0
1
0
0
0
0
0
0
1
0
0
1
2
1
1
3
2
2
0
0
2
1
1
1
0
1
0
1
3
1
2
0
0
1
1
1
0
2
1
1
1
0
1
1
0
0
1
1
0
3
1
0
0
3
0
1
0
2
1
1
1
1
1
0
1
1
0
1
0
0
1
0
1
1
0
2
1
3
2
1
1
1
2
0
0
0
0
0
1
1
1
0
1
1
1
1
0
1
0
0
2
1
0
0
0
0
0
1
0
0
1
0
1
0
0
1
0
0
1
1
1
0
0
1
0
0
0
0
0
2
0
0
0
0
0
0
0
0
1
1
0
2
0
0
0
1
1
0
2
0
1
0
0
0
0
0
0
0
0
1
0
1
1
1
0
0
1
0
0
0
0
1
2
2
1
0
2
0
0
1
0
1
0
0
0
0
2
1
0
1
1
1
0
0
0
0
0
1
0
0
1
0
1
0
0
1
0
1
1
0
1
0
0
0
0
0
0
1
0
0
1
0
0
0
0
0
0
0
1
0
0
0
0
0
0
1
0
1
0
0
0
0
0
0
0
1
0
1
0
0
68
