8.4
8.394
8.39
8.425
8.504
8.505
8.546
8.559
8.563
8.554
8.556
8.546
8.632
8.579
8.594
8.612
8.613
8.612
8.622
8.642
8.651
8.663
8.655
8.647
8.641
8.669
8.687
8.71
8.706
8.826
8.841
8.941
8.94
8.983
9.012
9.031
9.048
9.038
9.043
9.084
9.067
9.041
8.993
8.978
8.982
8.98
9.006
9.038
9.078
9.105
9.092
9.131
9.129
9.142
9.133
9.101
9.104
9.086
9.102
9.111
9.13
9.176
9.219
9.222
9.214
9.143
9.14
9.146
9.17
9.201
9.239
9.235
9.269
9.248
9.317
9.29
9.305
9.3
9.369
9.377
9.395
9.422
9.419
9.456
9.449
9.479
9.501
9.55
9.553
9.559
9.543
9.61
9.635
9.619
9.625
9.608
9.658
9.639
9.632
9.657
9.662
9.705
9.672
9.769
9.77
9.777
9.758
9.687
9.645646
9.627627
9.657658
9.6866865
9.68969
9.6866865
9.704704
9.68068
9.68969
9.696696
9.712712
9.698699
9.794795
9.76076
9.80981
9.815816
9.874875
9.872873
9.892893
9.935936
9.952953
9.904905
9.9079075
9.863864
9.9079075
9.881882
9.898899
9.886887
9.851851
9.816817
9.853854
9.927928
9.904905
9.94995
9.943944
9.914829
9.951903
9.963928
9.957916
9.958918
9.956914
9.985972
9.995992
9.996994
9.970942
9.887775
9.849699
9.858717
9.835671
9.816633
9.783567
9.758517
9.760521
9.783567
9.740481
9.775551
9.808618
9.827655
9.861724
9.856713
9.831663
9.833668
9.796593
9.795386
9.790371
9.806225
9.837349
9.848393
9.859438
9.861445
9.873494
9.851406
9.851406
9.890562
9.891566
9.914659
9.893575
9.899598
9.914659
9.888555
9.888555
9.940763
9.88755
9.88755
9.939759
9.915663
9.915663
9.935743
9.908634
9.88755
9.884538
9.933735
9.846386
9.866466
9.861445
9.87751
9.845382
9.822289
9.821106
9.829145
9.81809
9.798995
9.850251
9.864322
9.891458
9.896482
9.873367
9.861306
9.864322
9.891458
10.091457
10.048242
10.042211
9.961809
9.946733
9.948744
9.983919
10.009054
10.041247
10.0653925
10.038229
10.045272
10.060362
10.016096
10.001006
10.008048
10.033233
10.025176
9.991943
9.994965
9.976838
9.963746
9.983888
10.037261
10.076536
10.072508
10.029204
10.02719
10.050352
10.03629
10.008064
10.03125
9.992944
10.069697
10.020202
10.024242
10.016162
10.035354
10.022244
10.065723
10.088979
10.147774
10.174089
10.190284
10.175101
10.181174
10.163968
10.260121
10.253293
10.25532
10.314402
10.333672
10.343813
10.370183
10.342799
10.348885
10.20284
10.188641
10.133874
10.191684
10.147208
10.138071
10.111675
10.137055
10.15533
10.15939
10.191878
10.167513
10.15533
10.169543
10.121827
10.117766
10.13198
10.095529
10.049797
10.1517315
10.132383
10.118126
10.117108
10.08554
10.084521
10.087576
10.070265
10.063136
10.039715
10.03666
10.064155
10.10998
10.108961
10.101833
10.099898
10.057085
10.056123
10.061225
10.071502
10.084781
10.092952
10.059304
10.077789
10.167008
10.193846
10.181539
10.196098
10.168378
10.170782
10.142121
10.143299
10.120619
10.18679
10.166151
10.136364
10.141529
10.176653
10.188017
10.06515
10.062048
10.040331
9.989658
10.004141
10.005176
10.009316
10.034197
10.074612
10.070539
10.063344
10.077963
10.083246
10.10718
10.092612
10.123829
10.172737
10.18125
10.15625
10.136458
10.10334
10.111808
10.121466
10.151833
10.124738
10.137317
10.181342
10.169811
10.161595
10.131165
10.155462
10.120925
10.098844
10.107256
10.069401
10.060988
10.069473
10.071579
10.033755
10.048626
10.107937
10.120763
10.121951
10.164369
10.177471
10.172157
10.15
10.207044
10.041622
10.05016
10.073718
10.033119
10.019231
10.03953
10.055615
10.071734
10.0674515
10.12661
10.108369
10.095699
10.084947
10.077502
10.113147
10.108836
10.117456
10.081897
10.13808
10.127293
10.216828
10.174946
10.160907
10.161987
10.137149
10.155676
10.136216
10.137445
10.07584
10.0065
9.979393
9.926087
9.931447
9.926006
9.929271
9.922742
9.921654
9.918389
9.95098
9.930284
9.928026
9.928026
10.009826
10.010953
9.998903
10.020856
10.069231
10.067106
10.104626
10.117842
10.150881
10.186123
10.266813
10.310841
10.289357
10.257206
10.260532
10.286348
10.240267
10.224694
10.200892
10.189733
10.183036
10.196868
10.172452
10.174888
10.133409
10.242152
10.213004
10.206278
10.190583
10.219731
10.222222
10.244669
10.236813
10.194601
10.187852
10.182432
10.156885
10.08258
10.084938
10.071347
10.003406
10.019362
10.026256
10.012571
10.052631
10.176202
10.168192
10.174312
10.147936
10.142201
10.154817
10.178572
10.104838
10.067972
10.104046
10.113426
10.107763
10.1552725
10.197216
10.182135
10.153132
10.130081
10.1430235
10.111758
10.086146
10.115251
10.105937
10.087311
10.081585
10.089744
10.108392
10.115385
10.121212
10.113053
10.214703
10.216122
10.2400465
10.279343
10.264085
10.258216
10.26
10.267058
10.252358
10.280661
10.257379
10.280142
10.229857
10.206651
10.180523
10.243468
10.233056
10.248513
10.229762
10.25
10.234524
10.232975
10.243728
10.235364
10.236842
10.235929
10.202881
10.216086
10.080432
10.045618
10.069712
10.105897
10.112048
10.1204815
10.145959
10.250905
10.212561
10.198068
10.170496
10.16445
10.202424
10.232727
10.235151
10.23236
10.232643
10.245421
10.228327
10.1835985
10.237454
10.234069
10.288698
10.280098
10.265356
10.289409
10.270936
10.281482
10.240741
10.114957
10.119901
10.084158
10.111525
10.057001
10.057001
10.093284
10.090909
10.080947
10.083437
10.109862
10.097379
10.09375
10.0575
10.04875
10.025
10.031289
10.048872
10.017544
10.0
9.977415
9.996231
9.997487
9.994975
9.98239
9.979875
9.950943
9.971069
9.927044
9.94717
9.935849
9.922012
9.919395
9.989899
9.901266
9.874683
9.887199
9.860229
9.848408
9.803572
9.806123
9.865729
9.808184
9.841025
9.808974
9.815147
9.830335
9.812903
9.813472
9.777202
9.77821
9.881971
9.875324
9.792208
9.777634
9.7711315
9.800781
9.8307295
9.839635
9.800522
9.842036
9.796345
9.779373
9.7689295
9.760784
9.769633
9.773263
9.719528
9.71916
9.743758
9.767105
9.793149
9.802111
9.815304
9.776455
9.782494
9.771883
9.781915
9.77763
9.797604
9.869508
9.881333
9.974633
9.895582
9.890983
9.858681
9.7456255
9.734501
9.731081
9.739189
9.714092
9.718157
9.694293
9.712925
9.668033
9.749658
9.723666
9.902606
9.961486
9.983448
9.955679
10.01803
10.008333
10.048678
10.041724
10.080893
10.121678
10.11049
10.111888
10.158263
10.189341
10.149507
10.112835
10.128531
10.221276
10.245014
10.249643
10.251429
10.247143
10.258942
10.2765045
10.252149
10.266858
10.281205
10.329986
10.35581
10.321839
10.310791
10.341041
10.342981
10.360869
10.329942
10.301749
10.306123
10.33965
10.378102
10.407895
10.454679
10.418129
10.47724
10.517647
10.39028
10.405604
10.40413
10.420975
10.527408
10.571852
10.555555
10.681547
10.674108
10.748137
10.719821
10.643815
10.550075
10.54559
10.523169
10.542601
10.553064
10.537425
10.47976
10.442279
10.409295
10.382309
10.403298
10.408408
10.384384
10.323308
10.321267
10.337858
10.421851
10.403642
10.403642
10.39909
10.473445
10.456753
10.48554
10.464939
10.487023
10.470948
10.477727
10.485407
10.474654
10.46
10.501543
10.530139
10.554869
10.548686
10.518576
10.481366
10.488336
10.4081
10.369159
10.321875
10.303599
10.305164
10.280126
10.317684
10.330203
10.287284
10.290423
10.274725
10.276295
10.2688675
10.245669
10.234646
10.236593
10.217666
10.206625
10.210111
10.2325945
10.274603
10.280952
10.247619
10.301587
10.340222
10.303657
10.267091
10.262739
10.2272
10.203526
10.192307
10.208668
10.247173
10.235865
10.208401
10.169628
10.171521
10.158576
10.142626
10.124798
10.121754
10.152845
10.178862
10.1712885
10.202284
10.210441
10.210784
10.20915
10.181373
10.19281
10.178104
10.164204
10.190789
10.152961
10.152961
10.139803
10.098846
10.056013
10.059406
10.018152
10.018152
10.018152
10.039604
10.099174
10.11755
10.134328
10.193011
10.189684
10.0998335
10.023294
10.073212
10.143095
10.156406
10.19
10.176666
10.191667
10.145
10.1883335
10.218698
10.210351
10.196995
10.265443
10.258764
10.267558
10.280936
10.27592
10.125418
10.123746
10.153846
10.173913
10.163879
10.187291
10.197655
10.214405
10.216081
10.229481
10.134454
10.136134
10.163025
10.186869
10.249578
10.23946
10.252951
10.249578
10.263069
10.274874
10.2900505
10.281619
10.284991
10.2956085
10.342905
10.253378
10.256757
10.2956085
10.275338
10.293919
10.0456085
10.030405
10.02027
10.010135
10.018581
10.0456085
10.057432
10.049069
10.045763
10.057725
10.081494
10.081494
10.095401
10.080069
10.090444
10.08703
10.078498
10.058219
10.054794
10.053082
10.061644
10.089041
10.106529
10.17962
10.221071
10.236615
10.287197
10.2698965
10.245675
10.268167
10.245675
10.252595
10.275086
10.311419
10.308493
10.348353
10.287695
10.232236
10.228769
10.232236
10.261699
10.206239
10.240901
10.280763
10.28993
10.255208
10.119792
10.114583
10.111111
10.099131
10.08
10.151304
10.156522
10.139131
10.142609
10.16
10.106087
10.083478
10.092174
10.100869
10.081739
10.165505
10.170732
10.216028
10.209059
10.184669
10.172474
10.193379
10.172474
10.236427
10.235087
10.2578945
10.268421
10.175439
10.14386
10.177193
10.161404
10.42807
10.46573
10.486819
10.493849
10.488577
10.472759
10.483304
10.488577
10.460457
10.462214
10.44464
10.398946
10.377856
10.377856
10.381371
10.382042
10.375
10.430335
10.405643
10.419753
10.380953
10.402117
10.3844795
10.397527
10.311504
10.368794
10.358792
10.365897
10.31794
10.236235
10.239787
10.216697
10.069272
10.0746
10.081705
10.083482
10.106572
10.133452
10.131673
10.104982
10.088968
10.099644
10.088968
10.126334
10.133452
10.106762
10.088968
10.065836
10.02847
10.008897
9.989324
10.023131
10.193951
10.265597
10.263815
10.290552
10.272727
10.240642
10.235294
10.221034
10.219252
10.2625
10.264286
10.221429
10.241503
10.237925
10.213262
10.17742
10.130824
10.139785
10.199282
10.21903
10.211849
10.2230215
10.22482
10.187051
10.178058
10.252253
10.232432
10.207208
10.230631
10.281081
10.261261
10.239639
10.371841
10.352622
10.260398
10.251356
10.262206
10.264014
10.283906
10.26944
10.256782
10.341198
10.34
10.34
10.183637
10.170909
10.2
10.178182
10.209854
10.215722
10.221207
10.206581
10.13894
10.175503
10.177331
10.1261425
10.07861
10.064102
10.067765
10.056777
10.07523
10.07523
10.069725
10.033028
10.025688
10.016514
10.036697
10.014679
10.014679
9.981618
9.931985
9.9283085
9.867647
9.887868
9.887868
9.900735
9.900735
9.911765
9.957721
9.648897
9.680147
9.674632
9.650735
9.6470585
9.664825
9.6642065
9.6494465
9.640222
9.627306
9.647601
9.651292
9.688889
9.719331
9.700744
9.724395
9.751865
9.792523
9.7476635
9.751402
9.775701
9.799625
9.782364
9.786117
9.774859
9.793621
9.791745
9.772984
9.744841
9.7467165
9.757974
9.733583
9.726079
9.704331
9.691149
9.676083
9.698682
9.6742
9.691149
9.708097
9.713748
9.701887
9.7
9.684906
9.716446
9.724008
9.7448015
9.7769375
9.793561
9.778409
9.795455
9.797348
9.808712
9.787879
9.704545
9.717803
9.685606
9.681818
9.72296
9.616698
9.601518
9.605313
9.616698
9.636882
9.681297
9.681297
9.700381
9.704199
9.687023
9.685115
9.666031
9.724666
9.737548
9.708813
9.71456
9.704414
9.733206
9.708253
9.721689
9.694818
9.683301
9.677544
9.673704
9.66923
9.717308
9.805769
9.817307
9.819231
9.782692
9.826923
9.83077
9.894027
9.915221
9.913295
9.924855
9.934489
9.899807
9.857418
9.84556
9.855212
9.828185
9.839458
9.843023
9.841085
9.812016
9.730097
9.75534
9.762646
9.7607
9.774319
9.77821
9.803119
9.779727
9.824561
9.795321
9.801169
9.812865
9.807017
9.807017
9.793372
9.814815
9.793372
9.744639
9.738791
9.74269
9.721248
9.717349
9.721248
9.7154
9.695907
9.695907
9.705653
9.741683
9.777996
9.840864
9.833006
9.860236
9.885827
9.915355
9.909449
9.836615
9.836615
9.856299
9.868111
9.873767
9.865878
9.828063
9.804348
9.729249
9.748515
9.675247
9.683168
9.685148
9.679208
9.674603
9.650794
9.656746
9.6580515
9.622267
9.611554
9.629482
9.591634
9.629482
9.614771
9.558882
9.510978
9.499002
9.477046
9.49
9.45
9.526
9.53
9.57
9.626
9.608
9.584
9.582
9.625251
9.625251
9.653307
9.663326
9.667335
9.705411
9.716867
9.746479
9.714286
9.731854
9.729838
9.70505
9.709091
9.703031
9.907071
9.892929
9.913132
9.884849
9.828282
9.8
9.822222
9.832323
9.824243
9.824243
9.820202
9.822222
9.810101
9.797979
9.82996
9.827935
9.817814
9.686234
9.663286
9.673428
9.652439
9.668699
9.686992
9.617887
9.619919
9.706721
9.708757
9.720978
9.737271
9.720978
9.727088
9.716905
9.708757
9.723014
9.659878
9.709612
9.768916
9.740286
9.730062
9.760736
9.7423315
9.717792
9.697342
9.672802
9.640081
9.662577
9.617587
9.597137
9.576687
9.586912
9.612705
9.561476
9.561476
9.563786
9.578189
9.572017
9.600823
9.6
9.583506
9.56701
9.597939
9.581443
9.61031
9.585567
9.584711
9.586777
9.621118
9.629399
9.654244
9.78675
9.768116
9.807453
9.807453
9.828157
9.83851
9.950311
9.989648
9.995859
9.981366
10.008282
10.0
10.024845
9.983437
9.966874
9.958592
9.960663
10.012448
9.981328
9.975103
9.989627
9.989627
9.962656
9.9481325
9.964657
9.972973
9.983368
9.966736
9.997921
10.072917
10.083333
10.008333
9.98125
10.008333
10.372916
10.416667
10.402083
10.545834
10.777083
10.758333
10.814197
10.782427
10.836478
10.794118
10.77521
10.785714
10.773109
10.752101
10.76
10.772632
10.809725
10.815678
10.82839
10.792373
10.733051
10.771187
10.741526
10.707627
10.68644
10.656779
10.629237
10.643312
10.823779
10.798302
10.774947
10.808917
10.819533
10.834043
10.823404
10.806383
10.772341
10.793177
10.769723
10.782051
10.756411
10.781585
10.770878
10.745182
10.781585
10.768737
10.783262
10.729613
10.729613
10.763948
10.8125
10.806034
10.810345
10.742981
10.719222
10.36933
10.326134
10.269979
10.336957
10.352174
10.302174
10.282609
10.189131
10.213974
10.312227
10.30786
10.272925
10.213974
10.194324
10.219298
10.190789
10.214912
10.175439
10.186403
10.153509
10.127193
10.153509
10.160088
10.171053
10.155702
10.184211
10.166667
10.179825
10.160088
10.114035
10.145055
10.134066
10.167033
10.178022
10.164835
10.191209
10.178022
10.120879
10.101099
10.098901
10.081498
10.057269
10.079471
10.066372
10.097777
10.08
10.04
10.064588
10.073497
10.064588
10.095983
9.950892
9.982142
9.955358
9.897322
9.941964
9.988839
9.988839
9.946428
9.957589
9.979911
9.930803
9.90625
9.872767
9.890625
9.919642
9.901786
9.879464
9.776786
9.838565
9.847191
9.874157
9.853932
9.808989
9.793259
9.802247
9.808989
9.858427
9.87191
9.844944
9.867415
9.898876
9.932584
9.925842
9.923595
9.914607
9.92809
9.94382
9.916854
9.880898
9.905618
9.898876
9.87191
10.035955
10.008988
9.995505
10.01573
10.078651
10.087641
10.130337
10.134831
10.2
10.195505
10.197753
10.191011
10.195505
10.263514
10.38914
10.395927
10.395927
10.4013605
10.394558
10.4013605
10.424036
10.4013605
10.4013605
10.410431
10.4013605
10.45805
10.433106
10.451247
10.4467125
10.369615
10.426304
10.429545
10.447727
10.395454
10.393182
10.377273
10.35
10.354546
10.389522
10.389522
10.3758545
10.384966
10.432802
10.421412
10.430524
10.47836
10.507973
10.455581
10.378132
10.3546915
10.215596
10.275862
10.274194
10.30485
10.288684
10.26097
10.281755
10.237875
10.238426
10.25463
10.399072
10.464037
10.508121
10.506977
10.486047
10.469768
10.493023
10.467442
10.418605
10.4883175
10.518692
10.535047
10.5116825
10.462617
10.514019
10.5
10.509346
10.485981
10.425234
10.408878
10.397196
10.43458
10.42757
10.422897
10.408878
10.404205
10.371495
10.385514
10.408878
10.399532
10.413551
10.443925
10.616822
10.60514
10.626168
10.651053
10.69555
10.711944
10.725995
10.744731
10.77986
10.75644
10.796253
10.812206
10.826291
10.805164
10.779343
10.737089
10.692489
10.701878
10.741177
10.762353
10.7576475
10.76
10.767058
10.81132
10.79717
10.7688675
10.863208
10.903302
10.950355
10.971631
10.978724
10.959811
11.00237
11.007109
10.907583
10.959716
10.966825
10.933492
10.938095
10.866667
10.835714
10.773809
10.821428
10.864285
10.847619
10.87381
10.585714
10.569048
10.590476
10.580953
10.578571
10.554762
10.57381
10.609524
10.626794
10.607656
10.636364
10.622009
10.614833
10.595694
10.588517
10.593302
10.514354
10.552631
10.523924
10.5311
10.523924
10.535885
10.514354
10.509569
10.5563545
10.515588
10.546762
10.5515585
10.496403
10.526443
10.492788
10.5
10.478365
10.478365
10.447115
10.403846
10.444712
10.515662
10.510843
10.496386
10.460241
10.46506
10.477108
10.471014
10.479419
10.496368
10.469733
10.443099
10.435835
10.566586
10.61165
10.546117
10.504854
10.514564
10.442822
10.413626
10.379562
10.382927
10.378049
10.368293
10.365853
10.465854
10.487804
10.480488
10.478048
10.404878
10.412195
10.380487
10.356097
10.3341465
10.329268
10.339853
10.273839
10.239609
10.222494
10.249389
10.294118
10.294118
10.29902
10.308824
10.318627
10.313725
10.313725
10.328431
10.338235
10.353808
10.364532
10.332512
10.374384
10.359606
10.374384
10.379311
10.229064
10.251231
10.256158
10.285714
10.231527
10.197044
10.133005
10.128395
10.1037035
10.089108
10.096535
10.056931
10.039604
10.039604
10.044555
10.054456
10.05198
10.042079
10.049505
10.004951
10.014852
10.0347395
10.039702
10.037221
10.014889
10.059553
10.042184
10.057072
10.047147
10.042184
10.0
9.960298
9.950372
9.878412
9.873449
9.858561
9.813896
9.826303
9.796526
9.828359
9.845771
9.838308
9.837905
9.9075
9.91
9.935
9.91
9.94
9.9475
9.985
9.97
9.925
9.8825
9.932331
9.914787
9.8972435
9.889725
9.874372
9.896985
9.90201
9.909548
9.909548
9.90201
9.899497
9.909548
9.937186
9.93216
9.947236
9.934673
9.809045
9.786432
9.823678
9.831234
9.833754
9.843829
9.828715
9.848866
9.788413
9.775252
9.777778
9.797979
9.835858
9.8354435
9.8
9.767089
9.756962
9.863291
10.043038
10.022785
10.002532
10.020253
10.0
10.012658
9.974684
9.992405
10.022785
10.048101
10.007595
9.969621
9.921519
9.870886
9.837975
10.220253
10.243038
10.225316
10.217722
10.217722
10.296954
10.279188
10.248731
10.258883
10.290076
10.081425
10.096692
10.073979
10.104591
10.07653
10.073979
10.081633
10.086735
10.086735
10.081633
10.094388
10.109694
10.107142
10.15051
10.186225
10.140306
10.119898
10.119898
10.117347
10.130102
10.137755
10.091837
10.122449
10.122449
10.061225
10.125641
10.102564
10.125641
10.141026
10.141026
10.158975
10.14359
10.117949
10.117949
10.105398
10.3092785
10.31701
10.31701
10.304124
10.342784
10.376288
10.404639
10.409794
10.430412
10.430412
10.407216
10.386598
10.6907215
10.672681
10.654639
10.698454
10.654639
10.692507
10.643411
10.651163
10.677003
10.638243
10.687339
10.684754
10.761658
10.740932
10.707253
10.919689
10.917098
10.929871
10.88052
10.898702
10.909091
10.994792
11.0390625
10.9869795
11.046997
11.070497
11.10966
11.172324
11.1305485
11.154047
11.185379
11.151436
11.114882
11.10966
11.075718
11.1305485
11.156658
11.127937
11.096605
11.091384
11.174934
11.187989
11.3002615
11.287207
11.308094
11.295039
11.248042
11.24282
11.195823
11.221932
11.185379
11.511749
11.520943
11.501312
11.503937
11.467192
11.488189
11.519685
11.519685
11.587927
11.593176
11.551181
11.535433
11.532808
11.524935
11.51706
11.48294
11.480315
11.551451
11.530343
11.596306
11.593668
11.598945
11.147758
11.121372
11.129288
11.087071
11.113457
11.105541
11.161803
11.190982
11.183023
11.193634
11.188329
11.156499
11.09549
11.111702
11.138667
11.227882
11.209115
11.163539
11.158177
11.161725
11.205405
11.137837
11.159891
11.1327915
11.186992
11.192412
11.227642
11.249323
11.273713
