5.565
6.908
7.83
8.77
9.272
9.515
9.913
10.297
10.435
10.742
10.882
10.892
10.956
11.107
11.272
11.427
11.517
11.816
11.657
11.735
11.712
11.474
11.288
11.195
10.932
10.85
11.062
11.238
11.211
11.445
11.454
11.291
11.359
11.352
11.337
11.248
11.074
11.067
11.149
11.151
11.034
10.731
10.666
10.805
10.785
10.666
10.783
10.767
10.847
10.913
10.87
10.737
10.75
10.659
10.688
10.751
10.741
10.883
10.959
11.023
10.901
10.882
10.697
10.522
10.668
10.724
11.077
11.142
11.207
11.066
10.935
10.971
10.994
11.033
11.023
11.012
10.92
11.026
10.805
10.737
10.673
10.744
10.77
10.57
10.504
10.501
10.372
10.451
10.724
10.765
10.608
10.459
10.4
10.317
10.304
10.032
9.663
9.327
8.861
8.31
