#SentieonCommandLine: /mnt/ix1/Resources/tools/sentieon-genomics/v201808.08/libexec/driver -t 8 -i Pinsky_150_repl1_PE.st.mdup.bam -r /mnt/ix1/Projects_lite/20200402_BL_COVID_primer_selection/00_seq/reference_genome/merged.fasta --algo InsertSizeMetricAlgo Pinsky_150_repl1_PE.st.mdup.metrics.InsertSize
MEDIAN_INSERT_SIZE	MEDIAN_ABSOLUTE_DEVIATION	MIN_INSERT_SIZE	MAX_INSERT_SIZE	MEAN_INSERT_SIZE	STANDARD_DEVIATION	READ_PAIRS	PAIR_ORIENTATION	WIDTH_OF_10_PERCENT	WIDTH_OF_20_PERCENT	WIDTH_OF_30_PERCENT	WIDTH_OF_40_PERCENT	WIDTH_OF_50_PERCENT	WIDTH_OF_60_PERCENT	WIDTH_OF_70_PERCENT	WIDTH_OF_80_PERCENT	WIDTH_OF_90_PERCENT	WIDTH_OF_99_PERCENT
278.000000	101.000000	10	2510	312.487645	163.309342	13156	FR	41	79	119	157	203	247	303	375	525	1059

insert_size	All_Reads.fr_count
10	1
19	1
20	1
27	1
28	1
29	1
31	1
32	1
36	1
39	1
40	2
41	2
43	2
44	1
45	1
46	1
47	1
48	1
49	2
50	1
51	2
53	1
54	2
55	5
56	5
57	4
58	3
59	4
60	4
61	7
62	6
63	6
64	9
65	9
66	6
67	5
68	6
69	7
70	9
71	14
72	11
73	10
74	10
75	6
76	6
77	22
78	16
79	13
80	13
81	8
82	18
83	13
84	14
85	18
86	18
87	22
88	16
89	14
90	18
91	15
92	19
93	17
94	7
95	13
96	16
97	24
98	18
99	15
100	12
101	22
102	20
103	17
104	13
105	18
106	21
107	16
108	11
109	22
110	25
111	19
112	25
113	25
114	15
115	27
116	26
117	30
118	30
119	17
120	22
121	14
122	32
123	22
124	24
125	27
126	25
127	12
128	34
129	22
130	25
131	21
132	21
133	32
134	30
135	27
136	18
137	30
138	27
139	32
140	24
141	18
142	27
143	36
144	34
145	27
146	21
147	37
148	33
149	27
150	27
151	21
152	31
153	39
154	36
155	29
156	29
157	39
158	30
159	46
160	43
161	44
162	41
163	46
164	38
165	38
166	42
167	36
168	42
169	40
170	39
171	29
172	37
173	33
174	47
175	36
176	39
177	27
178	40
179	48
180	34
181	31
182	36
183	40
184	27
185	55
186	20
187	39
188	41
189	36
190	51
191	42
192	28
193	29
194	30
195	34
196	35
197	36
198	41
199	36
200	32
201	42
202	45
203	39
204	46
205	46
206	38
207	48
208	31
209	47
210	49
211	35
212	43
213	47
214	37
215	41
216	42
217	30
218	42
219	41
220	37
221	34
222	34
223	47
224	40
225	47
226	36
227	35
228	41
229	48
230	43
231	33
232	37
233	37
234	37
235	41
236	41
237	55
238	40
239	33
240	35
241	36
242	32
243	38
244	48
245	38
246	37
247	36
248	32
249	32
250	34
251	40
252	44
253	36
254	45
255	37
256	46
257	30
258	31
259	34
260	31
261	33
262	33
263	32
264	36
265	28
266	31
267	32
268	34
269	42
270	32
271	34
272	30
273	30
274	52
275	37
276	28
277	48
278	32
279	33
280	35
281	38
282	27
283	34
284	35
285	26
286	33
287	31
288	40
289	32
290	40
291	30
292	27
293	25
294	38
295	37
296	37
297	22
298	32
299	27
300	29
301	29
302	33
303	29
304	28
305	29
306	27
307	29
308	29
309	31
310	23
311	41
312	21
313	41
314	30
315	23
316	26
317	29
318	25
319	28
320	21
321	28
322	33
323	29
324	36
325	26
326	27
327	16
328	33
329	32
330	21
331	27
332	33
333	24
334	34
335	31
336	31
337	26
338	29
339	38
340	19
341	29
342	18
343	29
344	26
345	22
346	30
347	20
348	23
349	20
350	20
351	32
352	30
353	30
354	28
355	20
356	40
357	23
358	19
359	28
360	21
361	33
362	25
363	19
364	21
365	17
366	13
367	18
368	24
369	28
370	23
371	20
372	25
373	22
374	26
375	15
376	25
377	18
378	20
379	18
380	22
381	31
382	26
383	24
384	21
385	25
386	21
387	19
388	19
389	22
390	20
391	22
392	19
393	14
394	24
395	17
396	21
397	19
398	17
399	29
400	22
401	17
402	14
403	18
404	23
405	23
406	25
407	22
408	20
409	23
410	20
411	15
412	16
413	24
414	17
415	19
416	19
417	14
418	15
419	17
420	18
421	19
422	21
423	15
424	19
425	16
426	18
427	15
428	15
429	13
430	13
431	22
432	19
433	19
434	24
435	15
436	16
437	17
438	20
439	19
440	16
441	22
442	16
443	15
444	20
445	17
446	22
447	19
448	16
449	17
450	16
451	16
452	18
453	14
454	18
455	16
456	15
457	9
458	19
459	10
460	15
461	17
462	13
463	13
464	15
465	9
466	9
467	21
468	13
469	19
470	16
471	10
472	13
473	9
474	8
475	15
476	14
477	14
478	17
479	12
480	11
481	14
482	8
483	18
484	15
485	14
486	18
487	17
488	14
489	13
490	9
491	20
492	11
493	8
494	14
495	10
496	16
497	11
498	12
499	7
500	17
501	12
502	17
503	10
504	7
505	14
506	11
507	16
508	12
509	14
510	11
511	13
512	12
513	12
514	12
515	15
516	9
517	13
518	13
519	16
520	6
521	9
522	11
523	14
524	7
525	10
526	10
527	14
528	9
529	9
530	9
531	12
532	11
533	17
534	7
535	8
536	8
537	9
538	7
539	7
540	13
541	15
542	6
543	5
544	6
545	9
546	6
547	9
548	7
549	18
550	6
551	12
552	7
553	13
554	8
555	7
556	13
557	5
558	10
559	10
560	7
561	8
562	10
563	11
564	8
565	13
566	10
567	10
568	5
569	7
570	7
571	10
572	6
573	10
574	12
575	10
576	12
577	11
578	11
579	7
580	6
581	10
582	5
583	10
584	11
585	8
586	3
587	4
588	7
589	7
590	9
591	8
592	6
593	7
594	6
595	3
596	9
597	8
598	5
599	2
600	6
601	2
602	9
603	4
604	8
605	4
606	8
607	4
608	8
609	5
610	10
611	3
612	3
613	5
614	5
615	6
616	5
617	6
618	2
619	4
620	7
621	5
622	4
623	5
624	5
625	10
626	6
627	6
628	7
629	8
630	4
631	4
632	3
633	4
634	8
635	6
636	3
637	5
638	2
639	8
640	5
641	1
642	5
643	2
644	3
645	3
646	5
647	3
648	8
649	2
650	4
651	4
652	5
653	6
654	4
655	8
656	6
657	6
658	3
659	6
660	2
661	8
662	5
663	4
664	4
666	2
667	6
668	7
669	3
670	2
671	8
672	2
673	4
674	5
675	3
676	3
677	5
678	4
679	3
681	5
682	5
683	5
684	7
685	5
686	3
687	1
688	5
689	3
690	7
691	5
692	3
693	3
694	4
695	4
696	7
697	3
698	6
699	6
700	3
701	2
702	2
703	4
705	2
706	6
707	3
709	1
710	6
711	4
712	4
714	4
715	1
716	4
717	3
718	3
720	3
721	5
722	1
723	2
725	4
726	3
727	5
728	1
729	3
730	1
731	1
732	3
733	1
734	1
735	1
737	2
738	1
740	2
741	2
743	1
744	2
745	3
746	3
747	2
748	3
749	2
750	2
751	2
752	2
753	3
754	1
755	4
756	3
757	2
758	1
759	1
760	3
761	1
762	1
763	3
764	3
765	4
766	1
767	3
768	1
771	3
772	1
773	2
774	2
775	1
777	1
778	2
780	3
781	1
782	3
783	2
785	2
786	2
788	3
789	2
790	1
791	3
792	1
793	2
794	4
795	1
796	1
797	2
798	3
799	2
803	1
804	2
805	2
806	2
807	2
808	2
809	1
810	1
811	2
812	1
813	1
818	2
820	1
821	1
822	1
824	3
826	2
827	1
828	1
829	3
831	2
833	2
834	1
836	2
837	2
838	1
840	2
845	1
850	1
851	2
853	3
854	2
856	2
861	1
863	1
866	1
869	2
871	2
873	2
874	2
877	1
879	1
880	1
882	2
884	1
885	1
889	1
891	1
894	1
897	1
900	1
901	1
904	1
905	3
906	1
911	1
914	1
915	1
919	1
922	1
923	1
924	1
925	1
931	3
934	3
938	1
939	1
941	1
945	1
948	1
952	2
954	2
955	1
956	1
961	1
965	1
973	1
989	1
997	2
1002	1
1004	2
1008	1
1009	1
1014	1
1017	1
1025	1
1026	1
1040	1
1043	1
1045	1
1055	1
1059	1
1060	1
1063	1
1064	1
1067	1
1070	1
1081	1
1101	1
1112	1

